"D" "g0" "sigma"
0.0515724496442 0.999999559462 1194.61426905
0.0403312677699 0.999999729378 1340.32594435
0.0142714806639 0.999999903114 2407.93844254
0.0363913138512 0.999999726771 1242.54160766
0.0670196725894 0.999999083414 881.371425644
0.0104734221296 0.997147053659 2852.20333024
0.115916620191 0.99999439322 725.554741611
0.0626683949179 0.999999653625 999.819876559
0.0179341447248 0.949158629601 1872.39712894
0.0549024276042 0.841076892692 1034.70249503
0.0499989527558 0.999999836372 1069.78271242
0.0742887884542 0.999999942359 901.314455015
0.0985302889278 0.999999786185 834.985420666
0.0465130450822 0.99999987483 1102.44217329
0.015122479935 0.949066329764 1971.77137006
0.0515643433507 0.891203800144 1244.51670435
0.120468999776 0.913533235365 737.702892557
0.011895657237 0.945055030177 2498.3977953
0.0280620304771 0.9999997935 1431.41456213
0.0626205692855 0.830925589066 993.511538379
0.0466072735961 0.999999933129 1174.77836741
0.0897397650634 0.888492259103 871.176307001
0.0658903986928 0.999999916721 1000.42746038
0.0953862333564 0.999999919812 800.241203087
0.0567502478344 0.999999895209 1136.75321382
0.00974476666027 0.740130398929 3345.06442741
0.0657167525953 0.99999979903 919.642236922
0.0247481435345 0.96532666146 1666.04960934
0.0117547904743 0.999999251629 2937.16860749
0.0107566616725 0.99999986369 2505.71429084
0.0309231801277 0.99999970756 1563.58521231
0.0234785352271 0.831511963431 1431.40480122
0.0247844356149 0.999999929747 1658.54023633
0.0438224811994 0.999999524886 1196.46744934
0.00977173841843 0.999999947389 2729.29167504
0.0129802357751 0.99999979563 2250.94314839
0.00735853100675 0.57055575791 7106.43937853
0.074923436344 0.863001292219 973.631796908
0.144820483938 0.769197796211 725.199024095
0.140937563842 0.999999808589 618.890194226
0.0345272160862 0.999999861347 1477.56291372
0.0125214577595 0.857974157478 2564.60242087
0.0088568646861 0.706076590329 3975.38497435
0.162107490764 0.96049544652 629.770139627
0.0300946928489 0.99999985394 1380.88467039
0.00829797952573 0.842376262355 3450.99706852
0.0960232160452 0.999999459912 791.747798815
0.140256504744 0.999999833704 667.797022423
0.0126291527236 0.982211894748 2393.57177611
0.0504075392538 0.999999846493 1104.82738659
0.0656282062028 0.950203281977 913.175843858
0.0639964747862 0.805629460906 1030.47897764
0.0503583186262 0.92288628055 1164.11416113
0.0107345321521 0.743570204114 3118.9277114
0.0204475242294 0.851786760404 1807.49064767
0.0994496823781 0.999999924012 830.857068613
0.106013566814 0.950506154445 836.500078756
0.0194252774977 0.880261350507 1837.42686064
0.0143163003674 0.733164745402 2156.56416916
0.0977402214719 0.865484432533 851.409187569
0.10255120253 0.999999876784 796.51299512
0.015671835496 0.99999992873 1995.38401255
0.023271732319 0.938506711745 1855.81159153
0.0479466272241 0.999999432454 1133.97943424
0.0194009680543 0.999997569479 1820.99272639
0.0684644047011 0.941834144481 945.150415059
0.0133860728058 0.881309918192 2396.02858373
0.00839434910471 0.714331826951 3584.59784254
0.00752728823716 0.884653737333 3475.55294335
0.020176239568 0.999999843503 1617.09484852
0.0615185435926 0.982168039858 1095.92647576
0.0215241680035 0.894698988663 1783.32307909
0.055701131485 0.999999920139 1106.43637915
0.0451064641194 0.999999872115 1170.51490229
0.0720685999767 0.999999905153 941.723793254
0.0155435880833 0.815362626156 2269.65745857
0.0587584003675 0.999999887017 1048.30018041
0.0150232470908 0.813748999934 2265.75677863
0.0117130449784 0.766570915384 2686.70195205
0.0079311091028 0.818932737127 3176.11809986
0.0324962795561 0.999999737509 1479.69022335
0.028503207572 0.929887566877 1483.22578738
0.0238934227959 0.999999903768 1623.62117578
0.0244128883775 0.999999114072 1682.2368905
0.0182307485774 0.803148434365 2213.56785183
0.0145284706488 0.999999117122 2301.35941654
0.0109162345829 0.999999850161 2224.94424444
0.100596153629 0.999999556026 755.412326212
0.0337437572329 0.999999666388 1301.86659156
0.00788411891328 0.672426981083 5231.52162538
0.0714792008916 0.921442772689 970.421174081
0.0886993117843 0.941775378464 805.635885257
0.0176223829973 0.999999743185 1901.90250771
0.0362963420431 0.999999457705 1253.78262437
0.00884640027898 0.862275427654 3075.51847157
0.0687696721791 0.999999915746 958.727065338
0.086685493228 0.844347250007 961.451525741
0.0394555488281 0.927125258527 1427.09589389
0.0347402118184 0.999999899624 1252.93983305
0.00829205148989 0.799395368341 3733.94102771
0.0678703554469 0.999999871094 945.393810281
0.0461712762467 0.999999825706 1227.29366139
0.0101543395914 0.801775644876 3340.45933965
0.0901091551375 0.999999829147 847.866941626
0.00892670048991 0.999999797306 2898.53441339
0.0458109972179 0.999999865334 1209.0253869
0.0081548690023 0.804361705523 3400.17801789
0.00878708883434 0.870694084792 3197.20047989
0.0325819793368 0.879500700337 1398.47233334
0.0505245961735 0.99999931344 1156.59598209
0.0361122931558 0.828593420727 1428.86210804
0.0291243268391 0.946050883841 1629.28324002
0.022276385736 0.999999841858 1647.76576909
0.0242047915044 0.999999709322 1784.43243787
0.0358315027649 0.930792024282 1454.82306883
0.0769552160884 0.999999577149 871.85101049
0.0530537674903 0.999999921915 1251.20910134
0.158035522446 0.9607313781 584.546194499
0.0215835538331 0.955149418353 1920.76720233
0.015280049448 0.762399939626 2209.71235812
0.0310759290523 0.999999448641 1467.07691058
0.00862653559697 0.736912791902 3367.09975979
0.00860238769107 0.717159686984 4358.41063298
0.0580750020296 0.999998237134 1004.06200822
0.0850079800996 0.999999169886 886.09621013
0.123569353083 0.999999830164 705.740402193
0.0130980071233 0.999999833823 2133.81865564
0.102171709426 0.680204626448 875.880796931
0.00842845404581 0.978082721751 2964.26882669
0.0795630383799 0.999999936226 881.505342546
0.0446150555389 0.963710911319 1263.00638096
0.0127126875693 0.967361320243 2471.51089729
0.0179367221076 0.999999646531 1924.26915559
0.0081379059047 0.999999781405 2954.00819771
0.0101436553601 0.893252499029 2587.03044114
0.0131147770421 0.969619577747 2134.80465614
0.0195932287061 0.773482819491 1935.05563287
0.135708709825 0.993825179016 681.357485852
0.0419546236641 0.916804675866 1247.50104525
0.150656839226 0.99999971846 689.02187928
0.0625257268183 0.927429335179 1038.66438378
0.0535872418661 0.999999715283 1054.94058599
0.0121580667756 0.999999499219 2495.58181371
0.0130172528312 0.999999748509 2371.83592431
0.0433250235687 0.816831506214 1290.23749442
0.025958697969 0.925465826254 1830.4513602
0.109191752307 0.946609671902 784.101659637
0.00747944761681 0.906397332995 3400.77508247
0.0664597693545 0.999999527955 1015.3384809
0.12256407278 0.99776173775 652.929582127
0.0348094414404 0.999999665971 1338.22704282
0.0174101594252 0.999999616807 1941.46485841
0.0398654370626 0.986442936694 1287.35024031
0.0181663245558 0.816863541671 1890.43566086
0.0459273513664 0.999999758749 1230.66071542
0.0296808172484 0.999999934193 1492.28801749
0.0102236780153 0.772629560005 3232.08011357
0.012437629815 0.917644894327 2594.9426857
0.0946994549444 0.999999902158 825.691015772
0.0919511666808 0.999999771483 844.344630041
0.0485591622468 0.999999943966 1086.21601797
0.171046581343 0.999999841992 650.500984479
0.00884635698029 0.97033766589 2475.57327668
0.0893870605312 0.999999558782 884.873589197
0.0280716000445 0.935200600591 1751.97647068
0.0129595778553 0.856464746311 2569.6569411
0.0494552027108 0.999999759802 1235.09967063
0.0959431639691 0.99999989219 846.91460546
0.0795539417675 0.999999398153 941.138769935
0.0514299786092 0.999999887184 1013.4337874
0.0571658087534 0.899154959038 1098.95680383
0.0129665772564 0.916015023583 2525.69107942
0.0168050751093 0.989968570885 2054.19048594
0.129285566697 0.999999932183 607.0058024
0.0630111518518 0.999999935981 990.052300651
0.00903569830069 0.999999949208 2605.74374626
0.0613579265174 0.959460095852 973.332555289
0.096614291567 0.996054639119 850.11139014
0.0353101459183 0.999999960651 1242.44799692
0.0131901101152 0.723065517658 2629.445881
0.043640482339 0.945266693896 1316.43371779
0.0120674448212 0.933033780888 2569.3876501
0.0420923190747 0.999999910677 1372.579842
0.0816469997167 0.97422779524 864.368694164
0.0120294474382 0.789533435883 2516.64499488
0.00837086511218 0.644043986633 4242.62326551
0.0626372587131 0.999999822788 905.940441631
0.0803457561593 0.999999961785 870.789167047
0.107170893826 0.999999833407 751.655245933
0.00858908943968 0.778746088926 3629.78781823
0.0492450386025 0.945998987496 1160.9603047
0.0290955287641 0.999999911695 1507.62091127
0.0761635154944 0.999999819169 968.865208159
0.0834808405736 0.999999783946 847.164023706
0.0589279436358 0.927051257245 1106.58183593
0.0308759617873 0.943841432769 1535.47704997
0.0226403495951 0.852167162819 1811.84184094
0.00762616025884 0.890811500954 3307.56810828
0.00803131672278 0.999999831818 2808.26114166
0.0585291315414 0.999999586383 915.115202449
0.00761551210982 0.999999256182 3277.48037949
0.0512428760535 0.991962421863 1113.41812211
0.0116088744173 0.999999888766 2510.22304776
0.0666360194801 0.999999869735 940.894845174
0.016865318031 0.912896455914 2259.09260862
0.0237293751315 0.999999126794 1750.18511257
0.0106584013837 0.863845701255 2815.1757698
0.0117946202804 0.999999728769 2324.59609449
0.0999096377852 0.839122539456 810.281644466
0.106592839555 0.999999881594 732.149764568
0.151775055857 0.999999566063 626.182715373
0.0708196051802 0.999999833342 988.236277094
0.0423168389219 0.999999863134 1140.18082789
0.0929070620437 0.921742369165 927.301461723
0.0364422786392 0.785944773586 1408.2933062
0.0628058577368 0.999999851512 1052.41479286
0.0644735709265 0.999998990023 964.377942505
0.00857227788753 0.918555152243 3112.65003466
0.0492780566352 0.999999953829 1133.55358122
0.00865354399249 0.450811433933 7479.36128057
0.0136688910191 0.999999910822 2252.18989052
0.0866456023596 0.999999871554 979.248365808
0.00951200840316 0.999999719083 2674.35099298
0.0491578844297 0.999999766122 1165.63614948
0.0559360657792 0.999999871983 1145.32153827
0.0526880428176 0.998217814453 1041.45616407
0.028380160999 0.87753772408 1598.01609092
0.037895434013 0.998438434464 1088.33027839
0.0547521478156 0.779504335525 1145.77960536
0.00960648338655 0.9987796667 2604.10360675
0.0180750758805 0.931575932792 2051.45584416
0.0133910088573 0.872573824949 2311.10681896
0.0703332864171 0.999999601278 1052.01952672
0.0734843808026 0.892389916691 899.151707962
0.00989325232847 0.76697100298 3124.07305971
0.0374928543767 0.99999913228 1314.64068359
0.124113841982 0.965744934146 736.669331744
0.0250701337468 0.999999688342 1742.06102386
0.0938553623708 0.889193564712 790.734937652
0.0206438721673 0.851717291079 1889.08574737
0.0333776706274 0.99999959897 1328.90886528
0.0130190663805 0.879691166535 2324.66353687
0.10275022555 0.999999885822 735.54206191
0.0592847626546 0.952313122547 939.081647882
0.012331677901 0.999999647902 2551.32772714
0.0579776970877 0.904236667237 1103.40982329
0.0566246471934 0.999999916419 1096.9993395
0.0172975678225 0.944623304773 2009.56677748
0.0355856460965 0.90477303896 1344.2544071
0.0190775606423 0.999997824631 1975.13436155
0.0191458826571 0.99999846404 2020.26636757
0.0123489685144 0.810963940593 2450.48285122
0.136664933814 0.999999942342 704.555649424
0.0868364485873 0.890014329721 921.205566924
0.0073946204715 0.999999853325 2810.99895985
0.0613651252035 0.999999495101 1084.93840539
0.0122749505005 0.888652528244 2715.79751525
0.00845822190065 0.83419922456 3173.05895806
0.0187319032507 0.992761358145 2036.4382433
0.00998637395 0.900331448066 2686.10405939
0.117754396789 0.99999981487 698.848060618
0.0101670694086 0.801903856312 3335.89254482
0.0449516907031 0.999999791972 1180.79496553
0.0600295368969 0.999999849106 1001.26190182
0.0872030214705 0.999999932397 827.681169458
0.0100558594784 0.748629083799 3048.32804959
0.101428004329 0.987744599376 743.720704446
0.00676651401577 0.981023697086 3149.15568127
0.00908537745037 0.943821259052 3095.78391258
0.0850332887437 0.999999758389 820.553715503
0.0875994404792 0.999999231714 849.191086526
0.0225832019751 0.890929706174 1858.87882595
0.054425048357 0.999999844982 1241.24689323
0.0246483222721 0.761840176047 1797.74575323
0.048821565124 0.926997586945 1066.02093458
0.125301244935 0.999999734889 747.733515035
0.107419182438 0.95013873995 774.216387209
0.0111404568903 0.84455839641 3077.37899908
0.0125769772374 0.846963107356 2880.22409839
0.0342447753487 0.999999841431 1413.74724808
0.00855621073992 0.999999640084 2503.83267439
0.0135160149739 0.999999851748 2164.95296932
0.0102735342455 0.99999974097 2396.31300103
0.0855695392321 0.953302600275 867.092337608
0.0429519270151 0.999999847371 1131.38616917
0.00830694457665 0.933941591481 3182.89226232
0.110207052373 0.999999864562 674.389946654
0.0238433356392 0.841398952583 1805.48111906
0.00801034572007 0.386216088553 99999.9930118
0.0652719583938 0.999999832005 1018.48956299
0.0347451950544 0.999999706902 1394.31576147
0.143833719934 0.999999911952 621.571351794
0.0503589464573 0.916446959582 1102.97060506
0.0182857268216 0.995371695284 1841.06214602
0.0172441305679 0.99999994516 2005.91637912
0.0140178890717 0.999997258693 2452.13938431
0.0366638258642 0.999999824006 1275.39534197
0.0117286919066 0.940747529303 2462.43158723
0.0508723074777 0.94565649715 1216.19315215
0.0490590396085 0.988171678267 1140.22736079
0.0120960413907 0.947138317598 2271.59342762
0.00846520853415 0.787394457217 3792.57281465
0.0176989045642 0.985497360081 1999.90946806
0.10108604509 0.999999860624 764.644092681
0.0276377432051 0.816694491839 1771.87469635
0.0116771436964 0.999999885938 2521.33669136
0.0401685906759 0.91801096709 1301.63670882
0.111050389995 0.958259081815 742.527607932
0.00865412574935 0.78360693504 3247.00688382
0.0596226618077 0.999989581112 1067.87714726
0.082888740871 0.867056441375 909.634006562
0.0260853999512 0.986803363871 1525.25628571
0.0145639128535 0.965484958694 2050.4592335
0.0619390011503 0.999999544868 1005.97994831
0.0393169113933 0.975746828983 1309.32663785
0.0350785395176 0.999999903477 1387.48820961
0.023863401255 0.999999435163 1555.60313653
0.0549536621763 0.999999815303 1085.59030057
0.00879443518009 0.999999160041 2542.09692969
0.0100679148352 0.999996229863 2802.02573185
0.012850721598 0.99999990122 2300.12171127
0.0230156171899 0.977224952305 1631.15264977
0.0388637727555 0.999999602617 1273.11731404
0.0533210053888 0.999999916676 1087.96148368
0.0893054258322 0.849144382993 967.032523795
0.00941962063905 0.600682541002 5100.01559813
0.023477016442 0.999988302479 1738.33513437
0.00758479890006 0.999999127486 2865.52248955
0.0155738277829 0.999999652661 2032.09630667
0.0602305127995 0.999999859269 992.296154626
0.0332180516427 0.868531324175 1507.45107926
0.00890425344569 0.943611554346 3008.8769347
0.0174562275745 0.999997365546 1938.73502777
0.0409360256803 0.876602382688 1159.60976429
0.0368690417085 0.999999735275 1290.0872186
0.0505144637231 0.712964248713 1399.1098154
0.0126078858464 0.889105189285 2380.7024016
0.021086113966 0.999999823496 1755.80304012
0.0136183508914 0.725835893652 2447.14264789
0.0832581426025 0.996912198319 843.067780729
0.0768069308155 0.999999878974 904.376536243
0.027708918493 0.999999738005 1654.33598855
0.0701916169632 0.999998462772 967.73051723
0.0192767096729 0.900467563441 2027.89501245
0.00941137001664 0.857331203101 2992.11388215
0.0241997022421 0.99999936127 1763.90969721
0.0747387657318 0.99479487293 997.707488646
0.0128616006734 0.809858233844 2534.07194455
0.00878395634007 0.876678671938 2893.9070606
0.0511969938666 0.999998124318 1126.37032343
0.0295225061064 0.926240146799 1489.74083894
0.00851318349149 0.699749523188 3688.23753589
0.0411912925991 0.999999938415 1285.52648618
0.0678443851099 0.999999550389 868.372314532
0.0270057554097 0.94109477183 1676.51923049
0.0229353247505 0.999999737483 1611.44200963
0.0104763792086 0.878868163429 3004.68226862
0.0158705887321 0.999999932324 2040.73649778
0.022191833926 0.867225567092 1926.78684213
0.0521053811209 0.999999646917 1159.93884923
0.0490085810823 0.980393569779 1166.75332879
0.0268453775876 0.841885852214 1654.77358722
0.0151780837898 0.999999550066 2076.1000473
0.0818132378511 0.949372041836 889.137155537
0.0776001246594 0.977741937711 834.661928539
0.0318155712886 0.944458106923 1530.33215336
0.0189613741375 0.790630570361 1954.57083601
0.0269322592006 0.791443496544 1594.09013873
0.102497546561 0.999999844565 801.993104102
0.0305050990024 0.768539328276 1499.11751419
0.00914398223806 0.364584480567 99999.9969494
0.0643320291482 0.999999860617 1026.25784543
0.0117636078656 0.999999850021 2407.75991705
0.0511115771928 0.999999926925 1127.34832731
0.00820267076485 0.912057774572 3452.06536046
0.055173345892 0.989888839004 1157.0154971
0.0776368042077 0.999999827917 861.346546654
0.0182376641567 0.811623264378 2233.11495173
0.0118695953066 0.99999993113 2888.93766542
0.0128223826001 0.884057781737 2419.15848759
0.0419811774233 0.999725128527 1117.6391796
0.0362435204071 0.889383177137 1422.12438292
0.016778790024 0.908268861073 2009.89692371
0.0227499291627 0.967209105258 1761.71016126
0.0140162187412 0.790055612721 2537.30851046
0.0294444124638 0.609604264003 1829.78762003
0.0935889377107 0.999999897881 796.968314176
0.0096271041139 0.838079865727 3497.80115601
0.0165954777698 0.893053981176 1957.70163278
0.00822630352726 0.920029777234 3281.36135836
0.0541189004721 0.999999862677 994.756651658
0.0227843371947 0.936611728493 1648.19398781
0.0845765851798 0.99999973081 853.334703412
0.102901766552 0.999999844349 805.517002601
0.0380343628814 0.999999944828 1296.19374172
0.0184542126025 0.983109362676 1743.55612497
0.00893751628261 0.826682221422 3108.31761383
0.00846656633691 0.994158636399 2767.31199528
0.00917299125547 0.771567812485 3028.82778717
0.071308033367 0.999461046775 978.657132125
0.0332290339689 0.944428021375 1364.58250637
0.015122903485 0.806892366035 2611.0319529
0.00878189243547 0.877944965912 3107.96027732
0.00983798542631 0.755101770449 3578.18149416
0.0233782171399 0.999999386622 1698.20042822
0.00869952887506 0.999997594447 2997.03625502
0.0230820473845 0.999999903322 1829.18600305
0.0143207146142 0.925206803334 2381.47138097
0.0223561297252 0.858291888514 1795.59185786
0.0515727405226 0.999999892522 1076.26123102
0.0188673332513 0.842930653125 2028.66336653
0.0363913149615 0.999999726793 1242.54159047
0.00815443434998 0.767183488014 3857.39237028
0.00758534124401 0.731116979923 4114.49964565
0.0329856603143 0.99999954543 1495.06916538
0.00865129190508 0.780220922868 4279.99160792
0.0719084997103 0.999999914973 1010.55817263
0.0263818583646 0.999999734233 1488.63292552
0.0138397576732 0.999999910278 2319.38118691
0.0199479527341 0.867636329887 1860.09355294
0.0523986415368 0.978692559235 1089.80558342
0.0182895598666 0.999999756763 1797.96862506
0.0272180628036 0.990933239152 1594.84879989
0.0351320250669 0.921476409387 1148.86618191
0.0178528530848 0.880544284179 1963.17001266
0.026334783243 0.999999804254 1668.52067783
0.0835438068725 0.999999877392 864.924723631
0.0167929353756 0.939689423927 2130.54198231
0.0567304253574 0.999999905766 1031.36827889
0.0171151315342 0.922481023571 2007.57994615
0.0891495055555 0.999999555524 800.055199403
0.00740633832041 0.46840345866 5389.29021532
0.0825457302511 0.999999782546 864.440479291
0.0117486442797 0.999999923317 2094.6995976
0.0335058669698 0.999999883027 1456.6309823
0.0235399222337 0.999999657267 1624.70692988
0.12244330716 0.852220468915 723.044575528
0.0571151198558 0.849368940113 1104.75284545
0.0639630387544 0.992478675325 1120.1503058
0.0109529929571 0.886247597222 2886.35303202
0.081776913019 0.891723445425 863.116891074
0.026438674583 0.895470493849 1603.60675833
0.0917655135213 0.999999738628 822.719176133
0.0307438680069 0.932362651046 1340.74705452
0.134674729702 0.942600831904 667.74885642
0.0683850065464 0.915869944273 968.038790628
0.076578302588 0.999990909914 905.807360921
0.0242228709313 0.999999774318 1645.52431852
0.0283655587907 0.770832858854 1687.3200083
0.00951056566834 0.861676493859 3094.65861767
0.0594173160673 0.999999825925 1006.66098355
0.0389541399137 0.961796615834 1396.5923926
0.0415874829018 0.999999841917 1254.50740713
0.0092372348659 0.781924557623 3340.38656515
0.00972834091062 0.905156791508 3099.77202894
0.0144093642573 0.999999212659 2152.84586811
0.0560526580706 0.900766006707 1029.2641729
0.0318825293943 0.999999937823 1320.03102172
0.0734454719264 0.999999719586 860.207039781
0.0841535491292 0.999999878041 825.125977335
0.0481128686891 0.999999920413 1147.73738794
0.0128795457632 0.999999845671 2243.32764019
0.0800190325112 0.999999867871 914.938396524
0.0582946679817 0.999999874427 1087.35299484
0.0137891403851 0.999999760673 1920.9014884
0.0871368271982 0.768925856019 844.773689508
0.00817039713663 0.715410271339 3636.72286135
0.0541424372003 0.895155545955 1139.46993507
0.110714050705 0.999999687952 789.413972585
0.0246870224263 0.888317062809 1765.35784885
0.0206839034789 0.962726691226 1960.11712299
0.018436792093 0.949581913855 1858.77246809
0.0115721787708 0.921660786963 2656.10762648
0.00992614934692 0.999999691305 2805.51075972
0.0206851646922 0.996686735631 1675.83489924
0.0141702255485 0.999999485897 2075.77641302
0.0107026909557 0.999999488794 2677.05571805
0.0594852916924 0.956921537432 1041.46957392
0.0394595472963 0.934975114699 1366.10242714
0.0484474560469 0.999444695473 1204.745584
0.0606439415352 0.893237076781 1067.96930622
0.0112414738629 0.713611315366 3475.05947022
0.125848465538 0.999999797561 750.540393617
0.0134127786655 0.999998929969 2242.94529278
0.0422481555296 0.869597396425 1237.02338526
0.0107196662658 0.999999812499 2556.86907922
0.0198117844352 0.955898060061 1653.88472667
0.0110517955898 0.999999735071 2397.9289443
0.0469596395103 0.999999777721 1193.61747013
0.0115593690175 0.999999862083 2434.37266667
0.085552364637 0.837202002366 941.582346625
0.0436623254219 0.99999987801 1239.44859776
0.0168199221218 0.980003121695 1875.27470384
0.124361578258 0.999999882869 799.867131774
0.0265422189782 0.999999760528 1621.55256994
0.0423983326225 0.99999 1250.00001424
0.0146955470015 0.999999788881 2270.09367816
0.0973391939274 0.999999929836 785.984797495
0.0235401331761 0.999999743969 1725.05984017
0.0206716604945 0.999999613271 1915.72886959
