"D" "sigma" "se.D" "se.sigma" "logLik" "AIC" "maxgrad"
1523.96056824 9.16005317227 179.49 0.53906 -839.173 1682.346 -0.00133322
1597.48104917 8.6534177624 187.33 0.50764 -811.034 1626.068 -4.27533e-06
1149.5557931 9.93947882803 159.39 0.70272 -757.303 1518.606 -3.01237e-05
1293.31208463 9.99597652794 174.54 0.69555 -847.175 1698.35 -1.51837e-07
1425.63349507 9.5789447804 176.72 0.60128 -845.039 1694.078 -1.73371e-07
1194.881537 10.2337416516 160.7 0.70279 -826.389 1656.778 -2.38413e-07
1448.96343581 8.85790299546 177.3 0.54226 -758.145 1520.29 -0.00529747
1106.93268552 10.4785973612 153.27 0.74237 -795.59 1595.18 -7.6008e-09
1330.59445282 9.34823571731 168.99 0.5968 -776.795 1557.59 -2.4371e-05
1416.05463059 9.94510247946 177.11 0.63455 -897.55 1799.1 -0.00208988
1354.42075645 9.99461960731 169.56 0.63418 -902.674 1809.348 -1.2522e-06
1715.87054806 8.41739936686 195.04 0.47802 -806.517 1617.034 -7.51879e-05
1370.36549255 9.13407866273 171.59 0.57329 -756.397 1516.794 -2.72366e-06
1524.41179558 8.87821725458 185.89 0.547 -783.947 1571.894 -1.11867e-05
1355.62420104 9.57361077809 179.36 0.65048 -827.936 1659.872 -9.38709e-07
1620.25516586 9.26698617506 195.92 0.57346 -940.227 1884.454 -8.51896e-07
1299.32458733 9.216142993 169.02 0.60447 -724.248 1452.496 -1.57849e-06
1361.03742715 10.1563286113 173.34 0.66181 -920.607 1845.214 -7.59156e-08
1402.75346853 8.87915201936 169.93 0.53172 -764.135 1532.27 -3.5393e-06
1615.16997907 8.82318310255 184.43 0.50029 -841.137 1686.274 -0.00294686
1343.50735857 9.92105609416 169.87 0.63629 -861.195 1726.39 -4.70508e-06
1376.53071539 9.51171556168 175.39 0.61541 -816.808 1637.616 -7.9888e-06
1483.58004213 9.30819833123 182.51 0.58046 -858.053 1720.106 -2.22263e-06
1340.19467932 9.83744581946 177.11 0.66819 -841.336 1686.672 -2.95729e-05
1288.25945466 9.99380698284 172.13 0.68592 -861.018 1726.036 -0.00187346
1414.32595659 9.01310814455 174.81 0.55807 -769.343 1542.686 -0.00503274
1632.39067553 8.35534084251 195.73 0.50699 -756.64 1517.28 -2.13512e-05
1538.0692117 9.26894691343 183.58 0.55784 -868.638 1741.276 -7.08727e-06
1417.57555194 9.1504996064 171.96 0.55292 -796.389 1596.778 -1.46967e-05
1323.46252046 9.50731294459 168.93 0.61202 -802.411 1608.822 -9.77153e-06
1746.06045928 8.65102720067 192.72 0.47394 -869.585 1743.17 -4.95096e-06
1411.47372646 10.0792223848 175.82 0.64069 -929.989 1863.978 -2.54227e-09
1287.57411017 10.2967629092 169.28 0.69526 -890.107 1784.214 -0.00514643
1121.36602772 10.5113129029 152.84 0.73139 -790.367 1584.734 -1.2696e-07
1361.39962061 9.81964221414 177.89 0.65859 -857.632 1719.264 -0.000138667
1443.85810147 8.95151581233 180.23 0.56418 -771.1 1546.2 -2.43026e-05
1585.13270988 8.94626027534 183.61 0.51679 -850.914 1705.828 -1.5621e-07
1449.92830682 9.19779368828 173 0.54584 -807.198 1618.396 -1.01714e-05
1427.9142196 8.8606587781 176.22 0.5474 -737.731 1479.462 -4.05663e-05
1480.34988425 9.52841567741 176.94 0.57239 -884.767 1773.534 -5.52328e-05
1427.2273961 9.73701008911 177.93 0.61749 -875.07 1754.14 -0.00237824
1345.75358479 9.51474522727 176.93 0.63977 -804.966 1613.932 -0.000359771
1518.8237174 8.65772572985 177.93 0.50092 -780.189 1564.378 -9.36493e-07
1421.71977608 9.40327825624 177.28 0.59329 -820.322 1644.644 -4.59272e-08
1481.71971797 9.45429007248 183.46 0.59576 -861.283 1726.566 -1.72736e-05
1676.12425526 8.78098167847 190.73 0.49939 -875.793 1755.586 -0.000581976
1730.88987108 8.54698985199 197.27 0.48921 -852.443 1708.886 -4.6758e-05
1503.97258087 8.58653438749 183.03 0.52397 -735.22 1474.44 -7.23762e-07
1291.86045897 9.35513755061 170.48 0.62639 -733.156 1470.312 -0.000172008
1355.51364917 9.79605292751 174.97 0.64575 -854.305 1712.61 -6.22011e-07
1405.3444959 9.24771370061 168.44 0.54903 -803.301 1610.602 -8.0021e-06
1481.48741894 9.36261698397 183.03 0.58754 -849.187 1702.374 -6.87221e-05
1656.08146039 9.14661488121 192.65 0.53807 -917.637 1839.274 -0.0012194
1467.38517592 8.91393560432 176.52 0.53428 -776.929 1557.858 -2.99412e-05
1362.72653201 10.0779159282 169.59 0.63598 -912.902 1829.804 -0.00948765
1433.55578435 9.96471977848 174.63 0.61515 -951.534 1907.068 -3.86547e-07
1821.99331245 8.83616699639 197.98 0.47928 -958.394 1920.788 -4.41055e-05
1333.05225277 9.51765124611 169.32 0.60948 -799.568 1603.136 -3.66088e-07
1514.74971743 8.91229869144 180.41 0.53033 -793.024 1590.048 -1.97565e-06
1247.18953893 10.5664920987 162.85 0.70747 -899.977 1803.954 -4.62238e-07
1804.32119371 8.76759109099 193.62 0.46523 -942.249 1888.498 -8.58827e-05
1560.11507707 9.30203094281 186.82 0.56418 -886.463 1776.926 -5.72573e-05
1368.10057725 9.21994244709 170.53 0.57544 -778.419 1560.838 -1.23123e-06
1441.3765093 9.7497326067 173.55 0.59077 -909.89 1823.78 -2.93668e-06
1514.71978356 8.98340455578 179.71 0.53213 -854.2 1712.4 -4.12199e-07
1054.66993855 10.9542125643 156.23 0.84971 -792.878 1589.756 -1.66291e-05
1298.96282188 9.6391774705 172.04 0.6516 -787.573 1579.146 -8.44046e-05
1151.55736034 9.67058486437 153.61 0.64578 -716.648 1437.296 -1.89816e-05
1180.93528145 10.6763142224 158.78 0.73837 -867.06 1738.12 -1.21272e-07
1132.76041145 10.5321460282 152.59 0.72303 -828.889 1661.778 -0.00102316
1093.59335779 10.8920755515 155.64 0.80583 -832.739 1669.478 -0.000271575
1503.22589038 9.30470671853 184.05 0.57787 -853.839 1711.678 -0.00186767
1436.86360462 9.81393628987 175.12 0.60495 -909.141 1822.282 -0.000724804
1423.18839302 9.5412137016 175.41 0.59367 -850.166 1704.332 -0.000664185
1317.80595636 9.55721504951 165.87 0.60329 -787.008 1578.016 -8.97056e-07
1471.68137206 9.44623962167 184.62 0.60515 -874.403 1752.806 -1.5912e-07
1302.86251153 9.49229376005 165.3 0.60392 -782.371 1568.742 -7.65872e-05
1422.47586423 9.40030300957 177.13 0.59203 -861.289 1726.578 -8.28289e-07
1586.65589301 9.03111904604 192.4 0.5575 -850.087 1704.174 -3.34919e-06
1341.22730271 9.68436981991 168.46 0.61293 -844.892 1693.784 -3.94696e-06
1567.57660482 9.1866296355 188.03 0.55825 -866.042 1736.084 -0.00905696
1442.22324476 9.32341340688 176 0.57183 -834.488 1672.976 -0.0019417
1325.8346029 9.54837577189 171.88 0.6285 -776.467 1556.934 -2.90944e-05
1539.70691932 9.44211263604 182.62 0.56477 -910.473 1824.946 -0.00176014
1560.20716417 9.34599788617 177.22 0.52641 -917.881 1839.762 -0.00076628
1599.06412347 8.87669338006 186.47 0.51828 -845.161 1694.322 -0.00264372
1167.53696343 10.0448667133 157.69 0.68865 -764.727 1533.454 -0.000458236
1269.33826201 10.0557928526 168.6 0.6838 -852.703 1709.406 -0.00249158
1388.00939563 9.77978193732 167.11 0.58849 -888.232 1780.464 -6.64464e-06
1339.90893244 8.86077639066 177.7 0.59842 -699.471 1402.942 -0.000488052
1354.5057027 9.82477048574 169.1 0.61921 -887.818 1779.636 -2.47537e-06
1066.97678883 9.87178133953 154.36 0.72875 -666.289 1336.578 -2.07355e-06
1232.46901634 9.42780707843 172.26 0.67734 -713.399 1430.798 -0.00129582
1381.65457998 9.34198609367 169.3 0.57134 -787.012 1578.024 -0.000259824
1418.01372353 9.39371443114 175.88 0.588 -809.216 1622.432 -3.10343e-08
1437.6805991 9.12273943078 175.57 0.55806 -793.248 1590.496 -4.83087e-06
1082.11211162 11.0996840483 159.32 0.86043 -862.777 1729.554 -3.21639e-05
1581.15129201 8.77695859801 183.14 0.50533 -801.036 1606.072 -8.48395e-08
1402.96087672 9.59857745475 182.41 0.64101 -843.003 1690.006 -0.000500161
1113.44150505 10.5551559055 158.78 0.7789 -793.68 1591.36 -0.000430536
1124.77034834 10.9860352871 167.31 0.86405 -871.706 1747.412 -1.62711e-05
1382.87668993 8.98165941197 176.22 0.57788 -739.243 1482.486 -2.33135e-05
1195.55136097 9.73964071111 161.87 0.66938 -747.475 1498.95 -0.000140783
1342.46112773 10.2625161991 174.19 0.68511 -927.396 1858.792 -0.00248835
1294.36206044 9.73685720561 162.59 0.61265 -830.212 1664.424 -4.78391e-05
1180.49625279 10.2258573916 160.09 0.70851 -819.083 1642.166 -5.95049e-08
1505.52528383 9.13388487087 179.17 0.54397 -825.067 1654.134 -0.000128875
1693.68137684 8.7257974791 193.94 0.50163 -861.296 1726.592 -3.4937e-07
1398.64030633 8.92061597345 169.33 0.53373 -759.815 1523.63 -0.00016482
1692.65149744 8.83670465733 191.59 0.5002 -884.11 1772.22 -7.41984e-05
1256.12551475 9.43114989596 165.47 0.62719 -744.051 1492.102 -5.44363e-05
1426.65187461 8.91593347113 183.96 0.58652 -761.553 1527.106 -0.00045449
1071.43330384 10.2410666099 149.37 0.72458 -749.189 1502.378 -2.41138e-06
1303.31523543 9.6972236867 167.03 0.62771 -812.126 1628.252 -0.00246177
1520.54768695 8.93911608483 187.37 0.55909 -808.663 1621.326 -0.000332303
1480.55891451 9.10723959067 184.89 0.57827 -792.335 1588.67 -0.00398899
1407.2770701 8.65414593707 170.06 0.51459 -717.472 1438.944 -0.00687275
1358.31190956 9.53745594642 168.37 0.59266 -818.445 1640.89 -0.000870268
1480.99950805 9.36445426339 181.45 0.58091 -846.286 1696.572 -8.27956e-05
1445.68529034 9.33399927572 179.38 0.5863 -828.13 1660.26 -2.84718e-08
1220.87265763 9.61952675779 156.46 0.61387 -759.777 1523.554 -7.5887e-06
1588.06468465 8.73077638305 188.6 0.5216 -795.024 1594.048 -0.000352271
1431.44524896 8.84746657522 181.66 0.56912 -754.632 1513.264 -0.000959832
1283.12369535 9.83872759482 162.28 0.62501 -829.417 1662.834 -0.0013761
1180.84523323 10.1969735769 159.24 0.70089 -802.798 1609.596 -2.80538e-07
1480.00977823 9.50678621927 178.02 0.5759 -895.658 1795.316 -2.89559e-05
1562.21429806 8.97927955869 185.35 0.53548 -830.998 1665.996 -2.86179e-06
1482.04275073 9.88236197926 184.92 0.63268 -942.923 1889.846 -0.00655788
1387.08060404 9.99678367378 180.32 0.66955 -896.645 1797.29 -4.80165e-05
1258.58359133 10.2084492935 169.72 0.70895 -861.065 1726.13 -1.59736e-05
1179.33526366 10.8154110287 167.63 0.80543 -875.136 1754.272 -1.16458e-06
1157.90221968 10.6404895447 158.34 0.74942 -841.349 1686.698 -6.31806e-06
1469.78165133 8.85606418538 179.38 0.54181 -758.02 1520.04 -3.66868e-07
1225.79875121 10.368031338 168.65 0.73815 -850.639 1705.278 -0.000701622
1348.05953735 9.53025070118 175.12 0.63083 -799.234 1602.468 -6.43243e-05
1534.11442517 9.03143725862 177.72 0.51858 -848.258 1700.516 -1.38237e-05
1279.58337505 9.72534433539 166.38 0.64026 -794.81 1593.62 -6.01362e-05
1221.48139334 9.72629712077 169.69 0.69432 -754.983 1513.966 -0.000214934
1309.21096211 9.89917978388 172.6 0.66831 -822.303 1648.606 -3.77302e-07
1484.15839596 8.99832425929 179.58 0.54601 -809.863 1623.726 -0.000339247
1371.01971799 8.73874107915 177.64 0.57305 -683.191 1370.382 -7.97417e-05
1276.67602856 9.52797697849 165.51 0.62254 -781.829 1567.658 -2.07248e-05
1617.75663079 8.79217328531 187.22 0.50841 -843.852 1691.704 -0.000345794
1437.74593693 8.92452581977 173.93 0.53689 -795.139 1594.278 -0.00253909
1347.78359048 10.0235927691 181.49 0.70002 -878.484 1760.968 -7.03516e-05
1448.27776102 9.4897516779 175.2 0.57685 -877.74 1759.48 -0.000233986
1596.11259168 9.08792581745 185.69 0.53022 -884.534 1773.068 -2.66447e-05
1382.80175035 9.51065348915 167.34 0.57314 -816.41 1636.82 -0.000865793
1363.33995744 9.590990926 166.79 0.58608 -838.782 1681.564 -0.00096777
1332.187955 9.54675446787 171.47 0.62279 -803.192 1610.384 -3.80799e-06
1166.8225352 10.214109228 157.13 0.69959 -804.082 1612.164 -3.22344e-06
1269.65339545 10.0287731106 166.39 0.66961 -831.706 1667.412 -4.65693e-05
1505.70466988 9.40999854178 171.77 0.52976 -890.586 1785.172 -3.21272e-07
1593.75564423 9.14021079766 188.62 0.54658 -874.831 1753.662 -0.00113941
1271.40932887 9.44442014398 164.83 0.61584 -746.201 1496.402 -5.1881e-07
1424.76456328 9.74696184624 170.66 0.58503 -902.433 1808.866 -3.11246e-05
1428.80437587 9.39953092502 175.97 0.58349 -829.741 1663.482 -2.13863e-08
1293.32547796 10.0210653279 167.22 0.65909 -848.313 1700.626 -0.000424425
1628.94771513 8.86717702205 189 0.51601 -840.338 1684.676 -0.000115292
1703.26331379 8.65273382701 199.55 0.5143 -834.356 1672.712 -2.88773e-07
1546.75240169 9.48274039524 184.37 0.57193 -928.473 1860.946 -3.47889e-07
1433.4211087 9.11439659291 175.09 0.55731 -800.366 1604.732 -0.000549069
1352.16801878 9.61302811022 165.7 0.58807 -849.294 1702.588 -7.42307e-06
1388.80488565 9.48621082785 174.49 0.60281 -825.299 1654.598 -7.29554e-07
1245.54923777 9.72208396454 163.35 0.64434 -792.211 1588.422 -9.31746e-05
1496.25388857 8.78547547676 183.31 0.54213 -781.48 1566.96 -2.62511e-06
1155.44510669 10.4375241948 157.5 0.72865 -853.623 1711.246 -0.000595324
1494.37473989 9.10400617504 180.23 0.55148 -826.241 1656.482 -6.04067e-05
1484.29925924 9.51335339952 177.88 0.57376 -910.791 1825.582 -0.00047509
1534.67149919 8.79503353292 191.15 0.55867 -787.747 1579.494 -0.000905427
1381.61053727 9.99654422979 176.08 0.65184 -898.898 1801.796 -4.04562e-05
1490.22505014 8.80693495013 177.48 0.52118 -771.054 1546.108 -2.82473e-05
1142.40072678 10.5347083527 153.58 0.7223 -846.728 1697.456 -0.00208781
1446.71367509 9.44873356487 174.88 0.57327 -862.286 1728.572 -0.000309357
1240.82733381 9.98274690065 163.86 0.67025 -810.478 1624.956 -0.000412552
1501.83378838 8.76572552321 182.24 0.53379 -755.658 1515.316 -3.10641e-06
1450.79803043 9.02428786305 175.78 0.54612 -804.015 1612.03 -8.40079e-06
1241.12610523 9.68883606721 159.89 0.62575 -757.707 1519.414 -8.46395e-06
1557.35048865 8.8111477667 186.57 0.53128 -810.734 1625.468 -1.33967e-06
1208.79138134 10.6855918894 156.69 0.70717 -877.136 1758.272 -0.000976561
1167.48377849 10.1281925466 160.29 0.71077 -781.118 1566.236 -1.4059e-05
1293.05382733 9.56116343712 170.04 0.63893 -777.408 1558.816 -1.53371e-06
1285.94146294 10.1052177407 171.47 0.69265 -844.922 1693.844 -7.93164e-09
1343.79574212 9.77259128442 176.24 0.65687 -823.017 1650.034 -6.69943e-05
1459.68892942 9.39867415592 180.67 0.58992 -844.334 1692.668 -4.83172e-05
1186.87739225 10.6710301713 165.43 0.77347 -857.252 1718.504 -3.28771e-07
1419.50443162 9.21709503882 172.74 0.56027 -803.333 1610.666 -1.06305e-05
1201.85688418 10.4103234591 167.35 0.75112 -822.81 1649.62 -0.00048287
1332.99093082 9.44126543124 173.06 0.62244 -788.439 1580.878 -6.32642e-05
1396.13921665 9.67438997546 170.26 0.59224 -859.019 1722.038 -3.01379e-05
1502.87274697 9.53387386949 179.22 0.57262 -901.313 1806.626 -3.88952e-08
1451.98418692 9.38108414238 179.02 0.58492 -859.001 1722.002 -0.00148778
1493.51504879 9.24792578776 186.35 0.58837 -853.71 1711.42 -2.20637e-06
1401.59538743 9.65206730887 174.18 0.60668 -874.054 1752.108 -0.00506285
1618.86172287 9.33590306742 193.27 0.56807 -922.362 1848.724 -6.88296e-07
1627.85370413 8.82627962233 190.89 0.5212 -833.679 1671.358 -9.08768e-06
1555.46481818 9.25171641231 189.65 0.57464 -883.059 1770.118 -0.000330336
1442.29539515 9.92906719228 176.78 0.61835 -948.13 1900.26 -0.00508527
1352.02578969 9.61362733889 170.78 0.61347 -829.41 1662.82 -0.00241389
1226.19286323 9.78553419055 161.9 0.65336 -785.037 1574.074 -0.000430196
1636.3616647 8.95301110969 194.79 0.54146 -866.188 1736.376 -0.00422712
1298.59326873 9.51081847689 167.96 0.62132 -784.325 1572.65 -8.35065e-05
1767.03168341 8.60954858864 194.34 0.47025 -884.453 1772.906 -3.99888e-06
1385.10268606 8.8691717138 176.52 0.57011 -713.181 1430.362 -0.000630602
1250.13172135 10.1206921671 168.5 0.70067 -830.642 1665.284 -5.59316e-05
1444.32251495 9.36311017482 177.86 0.58209 -855.2 1714.4 -1.00028e-06
1635.19400619 8.82455492894 185.66 0.49766 -842.153 1688.306 -3.84147e-05
1720.18953536 8.31579733431 197.6 0.4793 -788.523 1581.046 -2.05329e-05
1430.45931338 9.22371373173 175.14 0.56657 -814.953 1633.906 -0.000156717
1532.38579965 9.01434082257 180.01 0.52796 -835.435 1674.87 -0.00129867
1490.20680444 9.49093358413 181.03 0.58351 -882.884 1769.768 -9.00572e-05
1642.8496575 9.1906229613 192.66 0.54622 -929.955 1863.91 -0.000127883
1611.10203998 9.08111615876 186.35 0.52643 -879.408 1762.816 -1.9819e-07
1602.36245809 8.72936377557 188.44 0.51515 -821.378 1646.756 -3.83409e-06
1239.93043064 9.9870025545 167.21 0.68952 -804.445 1612.89 -1.33082e-07
1268.69588954 9.6431320736 155.94 0.58483 -789.221 1582.442 -0.00100569
1142.19549047 10.2594789379 152.62 0.69348 -786.449 1576.898 -7.13454e-06
1661.24631104 8.38122799692 188.8 0.47161 -796.779 1597.558 -0.000677674
1781.46726791 8.1823710228 198.21 0.45246 -826.141 1656.282 -0.000616569
1359.45411957 9.63197162653 171.94 0.61649 -829.073 1662.146 -1.61685e-07
1365.02945829 9.68236838837 174.89 0.63167 -845.867 1695.734 -6.47541e-06
1217.44262917 10.1217593672 171.16 0.73733 -806.347 1616.694 -0.000144768
1136.76306302 10.1192266041 160.94 0.73625 -747.4 1498.8 -0.000806764
1399.67200822 9.75527593429 182.11 0.653 -886.705 1777.41 -6.96187e-05
1407.74087611 9.13884306604 179.64 0.59233 -774.663 1553.326 -5.49433e-05
1406.47466556 9.48799432988 171.03 0.57753 -849.788 1703.576 -7.76069e-06
1398.65380933 9.5194718426 175.91 0.60688 -829.879 1663.758 -5.78179e-06
1503.34834637 9.48690031023 178.47 0.56585 -912.56 1829.12 -9.33477e-07
1324.95879204 9.26754396179 172.47 0.61121 -749.902 1503.804 -0.000919273
1097.85507322 10.5578179967 155.93 0.77356 -804.251 1612.502 -2.33818e-05
1589.0019092 9.26647425827 192.61 0.5733 -890.931 1785.862 -1.23323e-07
1406.78618161 9.93725570925 177.37 0.6401 -918.345 1840.69 -2.44118e-05
1299.19631432 10.1685821587 169.26 0.67782 -868.817 1741.634 -2.18351e-07
1362.00413215 9.88964287065 170.3 0.62594 -852.624 1709.248 -0.000291161
897.516272712 11.3638786483 140.48 0.93601 -730.843 1465.686 -9.37819e-07
1437.67913596 9.29286752827 173.79 0.56173 -818.284 1640.568 -1.69432e-06
1454.90421027 8.81110756425 182.14 0.55761 -755.026 1514.052 -2.91099e-08
1320.69840566 9.7227943615 168.56 0.62761 -817.326 1638.652 -4.87376e-05
1718.72244437 8.0256936528 197.18 0.45948 -743.536 1491.072 -0.000111932
1235.16401231 9.82395531647 170.38 0.69685 -786.033 1576.066 -0.00244474
1425.04139555 9.31768739668 171.61 0.55936 -821.299 1646.598 -3.42287e-07
1233.2523911 10.2537961846 167.42 0.71666 -829.277 1662.554 -1.01788e-05
972.334382762 10.6832225261 147.19 0.83727 -735.837 1475.674 -4.12265e-08
1470.49916339 9.02426226025 180.53 0.55814 -798.162 1600.324 -0.00624831
1293.7002459 9.55832849942 169.32 0.63462 -769.732 1543.464 -0.000457952
1170.11666059 10.4950417956 167.85 0.78482 -805.016 1614.032 -3.42754e-07
1409.58787541 9.4027846949 177.94 0.60245 -812.716 1629.432 -5.77502e-06
1510.37447353 9.39267050771 185.16 0.58551 -889.339 1782.678 -2.1807e-06
1271.08911325 9.22862790622 163.36 0.5924 -728.24 1460.48 -6.49404e-06
1363.31548306 9.81148721105 173.92 0.63743 -865.257 1734.514 -0.000207601
1440.01794905 9.23557344956 175.16 0.5629 -833.913 1671.826 -0.000256517
1522.79170303 9.36959467355 179.41 0.55337 -865.563 1735.126 -0.000439228
1267.25981572 10.1419153988 168.57 0.69181 -840.25 1684.5 -0.00126528
1275.30968888 10.0534703704 169.94 0.68708 -841.326 1686.652 -0.000173986
1560.34815681 8.93985370488 187.66 0.54317 -821.434 1646.868 -7.96226e-06
1279.05820245 9.57037639325 170.34 0.64943 -781.32 1566.64 -0.000158022
1363.51917198 9.5902434471 174.07 0.6217 -811.27 1626.54 -5.19094e-08
1506.209254 9.13140074675 179.57 0.54521 -826.67 1657.34 -2.12552e-08
1529.97158932 8.92942413959 178.28 0.51592 -817.75 1639.5 -0.00111504
1504.27155974 9.57359429268 180.92 0.58228 -915.591 1835.182 -0.000295433
1611.50663222 8.35064654077 193.76 0.5072 -740.214 1484.428 -0.00269803
1403.96644465 9.80850851861 178.15 0.63583 -884.321 1772.642 -0.00346794
1439.06740904 9.33559676675 176.11 0.5747 -827.223 1658.446 -1.24518e-07
1510.28121604 8.99926327643 175.86 0.51847 -826.371 1656.742 -0.00342665
1613.10341759 8.12993859184 188.54 0.47169 -731.843 1467.686 -8.34864e-10
1337.49757449 10.2132998295 171.07 0.66811 -898.224 1800.448 -0.00957306
1145.31706902 10.2151245478 164.86 0.76143 -770.33 1544.66 -0.000768735
1228.36788718 10.0158512795 167.02 0.69834 -794.354 1592.708 -0.000139044
1237.65956251 9.65083061406 163.82 0.64629 -766.823 1537.646 -0.000226945
1326.75697078 9.99471979796 168.87 0.64615 -856.524 1717.048 -0.00155749
1203.55470723 10.0564235888 159.45 0.67544 -796.133 1596.266 -1.77401e-05
1301.06241014 9.47393550408 172.54 0.64039 -779.422 1562.844 -0.00348552
1414.58960937 9.01209918666 170.19 0.53657 -768.433 1540.866 -6.95262e-05
1669.55667829 8.37848034906 192.95 0.48417 -802.205 1608.41 -9.19571e-08
1432.28691803 9.28954355086 176.28 0.57549 -818.943 1641.886 -0.000193142
1468.98901922 9.86705866866 176.55 0.59969 -948.292 1900.584 -7.23004e-06
1347.15338677 9.38207374842 174.89 0.61928 -779.708 1563.416 -3.53029e-06
1360.5810757 10.063490764 172.45 0.65053 -892.402 1788.804 -0.00148035
1288.38625836 10.0184791097 169.83 0.67564 -833.72 1671.44 -0.000296532
1166.52066156 10.0221991462 162.47 0.71546 -767.216 1538.432 -1.41762e-06
1336.99371674 9.24370120769 167.65 0.57923 -765.627 1535.254 -5.75827e-06
1516.13579027 9.32592558032 195.62 0.62283 -862.993 1729.986 -2.38953e-05
1026.91115257 10.3770019432 162.4 0.86103 -714.672 1433.344 -2.21362e-08
1308.73857352 9.72444152947 170.56 0.64477 -822.649 1649.298 -0.00096382
1264.45208377 9.87230210341 167.71 0.6677 -815.946 1635.892 -8.93652e-05
1328.68908759 9.45942944757 168.43 0.60317 -774.585 1553.17 -0.000429064
1420.49069587 9.5757549514 176.17 0.60104 -862.097 1728.194 -0.00176737
1471.49267611 9.044758251 172.14 0.52185 -802.674 1609.348 -7.96515e-05
1393.04210975 9.51788469968 176.01 0.61013 -830.638 1665.276 -3.83819e-08
1451.41493275 9.24026648041 183.7 0.59629 -811.511 1627.022 -0.0028905
1390.74670526 9.45381993813 177.16 0.61213 -803.43 1610.86 -2.23832e-06
1659.75798375 8.56732325213 190.73 0.49162 -835.821 1675.642 -0.000439276
1241.2679822 9.74190657285 160.2 0.63136 -772.166 1548.332 -3.18355e-06
1279.54640262 9.40864389156 167.27 0.62113 -755.085 1514.17 -6.73176e-05
1629.90856757 8.75247800003 192.85 0.5232 -834.871 1673.742 -2.36626e-06
1598.96523176 8.4617244937 187.8 0.49625 -768.386 1540.772 -0.000107332
1484.95697124 9.20936944296 181.4 0.5681 -837.243 1678.486 -7.47822e-08
1173.23961971 10.071364718 154.04 0.66537 -780.115 1564.23 -0.000569775
1322.74598757 9.73906919444 175.76 0.66407 -833.687 1671.374 -0.00222366
1427.38808172 9.18662533793 178.24 0.57961 -792.078 1588.156 -4.06058e-06
1210.27718377 10.1835088474 162.92 0.70099 -825.396 1654.792 -5.95667e-06
1550.65841417 9.40238125514 185.67 0.57029 -905.859 1815.718 -0.000972235
1042.54927178 10.3765409289 153.63 0.78849 -741.89 1487.78 -1.48078e-06
1209.50671607 10.1607842354 156.53 0.66305 -831.272 1666.544 -0.000200147
1432.74369304 9.36012848799 180.88 0.60129 -821.953 1647.906 -1.35425e-08
1685.31263254 8.81688385023 191.03 0.49946 -860.855 1725.71 -0.00277702
1276.21986812 10.049246726 164.24 0.65565 -839.638 1683.276 -0.00112972
1192.32722283 10.1929713835 165.43 0.72847 -792.977 1589.954 -0.000322019
1494.30469165 8.96154189174 180.25 0.54188 -799.61 1603.22 -7.29313e-06
1404.35251628 9.64083731894 173.81 0.60268 -866.587 1737.174 -1.29503e-05
1421.36499286 9.2344296878 179.36 0.59106 -789.88 1583.76 -5.87689e-05
1139.4454525 10.2740254363 154.84 0.71029 -784.38 1572.76 -6.27428e-05
1501.7529201 9.65030705933 180.01 0.5847 -933.773 1871.546 -1.12355e-05
972.979055534 11.1800809769 150.92 0.91478 -787.047 1578.094 -8.11974e-07
1402.86678342 9.23264684188 174.33 0.57687 -781.247 1566.494 -5.52077e-05
1589.24629172 8.49326082335 181.78 0.47801 -780.815 1565.63 -4.60646e-06
1452.39495676 9.56719932042 171.55 0.56342 -896.384 1796.768 -0.000438719
1282.70725481 10.3197003811 170.88 0.7088 -884.393 1772.786 -1.4029e-05
1265.11526892 10.5278761607 166.89 0.71533 -905.596 1815.192 -6.63522e-05
1396.13008644 9.05805926994 171.85 0.55632 -766.976 1537.952 -0.00562462
1435.0400834 9.63563059445 172.53 0.58102 -887.234 1778.468 -4.38733e-06
1490.55021894 9.35179791412 177.62 0.55865 -879.929 1763.858 -5.99172e-05
1425.1589781 9.31722897561 179.87 0.5974 -836.614 1677.228 -0.000135778
1672.75765371 8.96432437151 186.79 0.49711 -911.884 1827.768 -9.71467e-05
1464.88708865 8.72482660921 181.62 0.54475 -760.378 1524.756 -0.000231692
1634.25811002 8.55737742497 188.45 0.49162 -807.999 1619.998 -2.94546e-05
1120.47801733 10.4040365217 158.9 0.7607 -793.418 1590.836 -6.21575e-07
1637.27110914 8.22260484601 197.2 0.50182 -730.187 1464.374 -0.000439639
1554.32893328 8.5610068252 190.75 0.53263 -762.862 1529.724 -1.83102e-05
1679.79228149 8.89891892074 192.25 0.51143 -888.859 1781.718 -2.75526e-05
1136.89184351 10.6194004644 155.25 0.74415 -838.902 1681.804 -0.00594419
1585.16870198 9.16981420893 185.73 0.54023 -893.412 1790.824 -7.91589e-06
1387.36044246 8.78194058244 170.13 0.53318 -735.227 1474.454 -1.02529e-06
1393.75691502 9.34314123545 173.91 0.5873 -805.158 1614.316 -1.77828e-05
1585.82614216 8.9664948123 193.98 0.55987 -835.69 1675.38 -6.18287e-05
1507.03209019 9.10502328476 182.1 0.554 -839.836 1683.672 -6.49194e-05
1518.73029366 9.24789581849 176.97 0.53631 -856.24 1716.48 -4.09435e-05
1377.34420408 9.70393030226 176.35 0.63365 -846.21 1696.42 -2.52629e-05
1439.88284302 9.2360911666 180.92 0.58916 -830.496 1664.992 -1.00283e-05
1642.14610717 8.32488215708 194.51 0.49665 -776.792 1557.584 -2.42087e-06
1381.53890078 9.19156883564 172.71 0.57703 -773.017 1550.034 -0.00101731
1377.34859422 9.35937756633 180 0.62575 -778.004 1560.008 -6.6706e-05
1321.78214274 9.54014231569 171.61 0.62885 -776.094 1556.188 -0.000506853
1318.46499043 9.90796579279 180.01 0.70116 -811.918 1627.836 -9.08825e-05
1423.67125283 9.44371210877 183.57 0.62417 -826.932 1657.864 -1.26149e-07
1628.99279904 8.41268092328 188.82 0.48555 -773.75 1551.5 -4.47578e-07
1330.34877872 9.50361732194 170.94 0.618 -788.117 1580.234 -8.50274e-05
1245.21588903 9.90943392724 161.83 0.65064 -807.756 1619.512 -4.46034e-05
1317.6840761 9.78635393779 166.53 0.62363 -846.63 1697.26 -7.97196e-05
1843.25190882 8.32862202396 205.13 0.46582 -858.976 1721.952 -3.69934e-05
1602.66992483 8.72834977101 186.81 0.50847 -823.845 1651.69 -0.000665847
1118.74125145 10.3287171497 162.75 0.77927 -767.629 1539.258 -1.74139e-05
1307.0537029 9.39570563141 166.5 0.60063 -774.187 1552.374 -1.0796e-05
1333.73136745 10.4677479187 173 0.70049 -952.04 1908.08 -7.59222e-07
1309.63246997 10.1944520672 177.14 0.7148 -912.936 1829.872 -0.00253831
1307.1880054 9.57739169287 170.63 0.63495 -799.936 1603.872 -0.000755992
1350.07732279 10.2520974331 175.87 0.68838 -914.618 1833.236 -0.00125508
1359.36233127 9.33177965621 169.25 0.58171 -790.299 1584.598 -2.24129e-06
1525.89651719 9.4928167915 179.95 0.5627 -913.521 1831.042 -0.000231136
1691.14869735 8.22164130458 196.76 0.48034 -762.577 1529.154 -2.20447e-08
1511.58150708 9.50121803354 178.97 0.56534 -917.574 1839.148 -2.16921e-07
1265.87688871 9.761270936 168.86 0.66435 -786.159 1576.318 -0.000435084
1121.55806545 10.313468189 159.34 0.75469 -789.36 1582.72 -1.62364e-06
1472.07044852 9.51416003818 178.97 0.58444 -892.291 1788.582 -1.35906e-07
1482.00745789 9.22031981084 178.1 0.55565 -839.51 1683.02 -1.68761e-08
1391.2772788 9.12774327989 172.03 0.56441 -763.167 1530.334 -4.71559e-05
1849.24819039 8.57766586958 206.08 0.48264 -919.509 1843.018 -3.2168e-08
1139.2789575 10.1060678816 155.48 0.7004 -781.937 1567.874 -0.00148454
1144.88052054 10.1333100434 158.7 0.71797 -754.427 1512.854 -0.00277859
1525.17609906 8.87553471356 174.92 0.49992 -808.991 1621.982 -2.38276e-06
1189.15481383 10.2358469998 159.69 0.70099 -815.54 1635.08 -0.000517526
1326.44663816 9.82303363154 166.74 0.62255 -859.488 1722.976 -5.86452e-08
1186.29594941 10.3040311661 157.94 0.6983 -819.327 1642.654 -4.3091e-06
1488.902968 8.81165772996 176.72 0.51874 -795.527 1595.054 -2.55274e-05
1285.79585936 9.72345345591 165.65 0.63262 -795.177 1594.354 -7.39898e-06
1382.12799717 9.46416721548 172.08 0.59315 -844.381 1692.762 -0.00444192
1491.98644959 9.1598994387 185.45 0.57905 -829.207 1662.414 -8.80957e-08
1378.65821815 10.1499038372 173.45 0.65203 -928.859 1861.718 -2.55567e-08
1238.69042155 9.56452652511 159.87 0.61769 -748.722 1501.444 -5.89325e-06
1308.99928301 9.41359726006 172.95 0.63334 -758.604 1521.208 -0.000631727
1194.15239299 10.5546388991 166.16 0.76222 -832.29 1668.58 -0.00475711
1318.6694255 9.50207610781 167.84 0.60878 -806.577 1617.154 -0.000259635
1630.4630903 9.12484217672 184.02 0.51231 -888.696 1781.392 -3.94866e-06
1620.34970769 9.00609700312 183.5 0.50641 -889.526 1783.052 -8.6492e-05
1549.69977197 9.18223310377 179.98 0.53175 -865.605 1735.21 -0.00114472
1580.6677843 9.33934805833 181.47 0.53559 -917.673 1839.346 -2.74487e-07
1826.75952615 8.31187145693 205.05 0.46972 -856.721 1717.442 -7.6586e-05
1630.76714225 8.24276417173 187.91 0.47023 -765.254 1534.508 -6.00747e-06
1337.3821248 9.67585151077 169.06 0.61738 -827.501 1659.002 -0.000364603
1346.85268742 9.63549352096 175.53 0.64135 -833.236 1670.472 -0.00282623
1285.78421939 10.25565924 164.95 0.66975 -884.839 1773.678 -3.45484e-08
1249.13306978 9.89108509001 163.92 0.65824 -802.15 1608.3 -0.00171553
1456.10297001 9.75990502554 177.18 0.60122 -934.322 1872.644 -0.00268125
1275.66743932 10.303381542 170.61 0.71048 -880.331 1764.662 -0.000998534
1705.10964413 8.55990164693 194.8 0.49006 -833.219 1670.438 -0.00485099
1398.47691792 9.78392980672 177.19 0.6323 -892.383 1788.766 -0.00144608
1254.29624256 10.203443629 168.82 0.70644 -844.34 1692.68 -0.00318941
1531.15784526 9.01868219927 183.06 0.54172 -838.435 1680.87 -0.00106074
1386.06298929 9.17361203658 173.26 0.57606 -778.992 1561.984 -0.000256655
1433.56450162 10.0101414493 178.7 0.63781 -917.887 1839.774 -2.28704e-06
1583.48473599 9.24183693521 186.72 0.54982 -894.444 1792.888 -0.000208904
1359.40123122 8.94342425377 172.74 0.57071 -745.399 1494.798 -1.48492e-07
1432.69898301 8.66412379367 175.42 0.52792 -741.835 1487.67 -6.59131e-05
1296.85991773 10.2040721919 168.39 0.67741 -898.758 1801.516 -0.000765466
1421.70185287 9.4274457898 179.07 0.60335 -837.729 1679.458 -1.08758e-07
1559.36995432 8.0263683533 190.91 0.49461 -687.067 1378.134 -2.00155e-05
1353.00717037 9.30683909292 167.3 0.57368 -772.945 1549.89 -4.14028e-06
1295.22798751 9.93684165173 165.4 0.64189 -824.329 1652.658 -1.6103e-05
1476.83843966 9.02508919773 177.47 0.54184 -798.998 1601.996 -0.000988917
1464.56319099 9.33299662515 182.16 0.58961 -841.379 1686.758 -0.000250613
1068.20149492 10.2293814504 150.91 0.73622 -729.537 1463.074 -2.32159e-05
1131.20119885 10.5682547975 159.71 0.77191 -833.024 1670.048 -0.000473255
1572.51719193 9.36815981478 185.13 0.55628 -909.055 1822.11 -2.74873e-06
1234.26842313 10.0402893275 162.21 0.66984 -838.384 1680.768 -0.000227747
1598.0908323 8.72054635143 186.38 0.50804 -829.711 1663.422 -4.40576e-06
1142.96886686 10.5042580898 164.91 0.78896 -818.606 1641.212 -7.03572e-05
1448.75184131 9.92556566889 174.62 0.60471 -964.963 1933.926 -2.52106e-06
1191.85464429 10.1144286652 157.26 0.6752 -797.838 1599.676 -7.6439e-05
1561.58835625 8.60835744356 182.74 0.50032 -786.327 1576.654 -1.25833e-05
1352.1785953 10.1241177634 172.52 0.66023 -867.992 1739.984 -0.00184382
1317.50422776 9.78714346755 174.86 0.66631 -823.707 1651.414 -0.00194625
1414.5346126 9.55191416055 182.65 0.63256 -828.027 1660.054 -0.000261723
1671.95830201 8.55157810514 196.61 0.50833 -797.852 1599.704 -0.000299512
1207.10413517 9.84936855351 165.38 0.69001 -762.994 1529.988 -1.81344e-07
1163.44851339 10.9542072584 167.2 0.8283 -900.941 1805.882 -6.08595e-05
1309.561196 10.6044858871 168.99 0.70501 -974.441 1952.882 -1.90161e-05
1119.29967355 10.068029913 154.33 0.70481 -767.821 1539.642 -1.50484e-05
1365.61035483 9.63083828358 170.97 0.6084 -828.861 1661.722 -5.10184e-06
1526.3586553 9.15143680362 188.84 0.57728 -830.449 1664.898 -2.35814e-06
1338.87432441 10.0386159846 171.54 0.65629 -878.244 1760.488 -9.34404e-07
1418.44944671 9.63139016988 174.65 0.59886 -873.012 1750.024 -1.5947e-05
1627.31653134 9.02671293247 182.03 0.49914 -897.848 1799.696 -2.42592e-05
1563.47755578 8.97491677229 180.86 0.51603 -850.765 1705.53 -8.41689e-09
1078.56182954 11.2047405408 156.39 0.85427 -881.824 1767.648 -0.000260516
1252.96880338 9.82057949414 164.88 0.65564 -796.236 1596.472 -0.00207588
1059.34449307 10.4883406849 153.92 0.78613 -767.119 1538.238 -1.28559e-05
1304.28182948 10.2435266418 172.2 0.6962 -892.959 1789.918 -1.04822e-05
1292.87742321 9.87139622199 170.5 0.66502 -832.722 1669.444 -9.75641e-06
1357.54394048 9.46556079075 172.79 0.60953 -801.39 1606.78 -1.09048e-05
1284.64628154 9.98501993368 163.5 0.6417 -826.676 1657.352 -0.000840221
1549.47994184 8.67297472804 182.32 0.50779 -799.294 1602.588 -4.04793e-07
1316.81984979 10.088272553 173.45 0.68285 -876.3 1756.6 -7.76232e-06
1610.61487459 8.92785489908 181.56 0.49723 -871.881 1747.762 -0.000667953
1244.53985916 9.9126093691 164.25 0.66455 -806.678 1617.356 -1.63478e-06
1196.01084391 10.4138388334 162.83 0.72932 -852.829 1709.658 -3.55681e-07
1421.97364856 9.30535223288 170.29 0.5538 -826.592 1657.184 -8.72485e-05
1411.1713707 9.12553196167 178.07 0.58247 -778.773 1561.546 -1.68054e-05
1277.70613552 9.57638259624 163.19 0.61342 -791.329 1586.658 -6.08733e-07
1333.48116426 9.3102554406 173.95 0.6169 -753.878 1511.756 -2.35104e-06
1572.39606319 9.03507357086 180.73 0.51583 -867.894 1739.788 -0.0013475
1370.59055027 9.68350749764 178.38 0.64564 -852.971 1709.942 -6.21656e-07
1407.04458207 9.53398453901 171.2 0.58129 -839.131 1682.262 -8.12143e-05
1392.21620788 9.95158161053 174.36 0.63434 -901.281 1806.562 -0.00344087
1126.81035026 10.2001821709 155.86 0.71968 -751.531 1507.062 -0.000637706
1155.00117716 9.17891306268 163.15 0.65954 -627.185 1258.37 -0.000216537
1587.88100648 8.80038788281 187.15 0.52043 -816.713 1637.426 -0.00247961
1467.33906478 8.98737575676 174.2 0.52901 -824.349 1652.698 -0.000156588
1788.2102293 8.73362268946 201.55 0.49673 -903.747 1811.494 -1.76377e-05
1342.77794029 10.4262851327 173.39 0.69378 -939.771 1883.542 -2.28044e-06
1577.57993743 9.17397614767 178.53 0.51362 -894.271 1792.542 -4.25082e-05
1167.36196651 10.1011886758 158.98 0.70093 -788.384 1580.768 -1.34971e-06
1342.38071905 9.57932886194 173.21 0.62821 -808.141 1620.282 -0.00289273
1607.65124563 9.15852161548 191.95 0.55552 -891.709 1787.418 -1.76602e-07
1217.87539307 10.146085004 158.75 0.66924 -814.388 1632.776 -1.30707e-07
1361.80539177 9.29638609324 179.73 0.6282 -762.339 1528.678 -0.000168965
1678.47164984 8.59802644054 190.67 0.48656 -827.966 1659.932 -1.08656e-05
1401.21308694 9.50914252641 179.94 0.62379 -839.395 1682.79 -7.38327e-06
1675.38775095 8.91300462521 191.31 0.51036 -909.196 1822.392 -5.61651e-05
1332.17393163 9.9952113572 173.61 0.66733 -870.214 1744.428 -1.94135e-05
1583.25538448 8.97524698417 187.37 0.53481 -838.255 1680.51 -0.000222034
1330.84943958 9.90285407401 171.42 0.64994 -859.976 1723.952 -1.55024e-06
1544.56576878 8.78455736631 184.86 0.52779 -808.37 1620.74 -5.52909e-06
1652.96002826 8.70061616218 197.76 0.52969 -848.866 1701.732 -4.62901e-06
1416.96877866 9.324937801 170.14 0.55682 -845.062 1694.124 -4.23223e-07
1494.4512894 9.36030980934 176.14 0.55087 -867.112 1738.224 -4.42535e-05
1265.56269623 10.0478554004 171.48 0.701 -837.775 1679.55 -3.83338e-05
1202.4887835 10.4071107039 163.49 0.72807 -854.772 1713.544 -5.26254e-06
1459.49254432 9.25743413261 176.38 0.56084 -831.958 1667.916 -2.43437e-07
1395.98580395 8.77525578941 177.7 0.56342 -720.607 1445.214 -3.76096e-07
1202.35382942 9.89965316868 164.86 0.6943 -758.482 1520.964 -1.54291e-06
1557.21656849 9.01947252198 184.88 0.53833 -836.526 1677.052 -8.38859e-07
1107.34241698 10.812503371 164.08 0.84148 -849.462 1702.924 -4.06491e-06
1225.09196299 9.65473218764 167.23 0.67299 -742.76 1489.52 -2.17953e-05
1454.35803148 9.44268308166 176.43 0.5763 -870.409 1744.818 -0.000412332
1580.79428819 9.0736246133 184.77 0.53173 -867.893 1739.786 -0.00800702
1187.09261726 10.9542246929 167.54 0.81183 -912.135 1828.27 -0.00168145
1287.74365266 9.7664204745 171.6 0.66575 -792.034 1588.068 -0.000598473
1246.27872673 10.1648944561 164.16 0.68285 -846.094 1696.188 -1.34145e-05
1376.2151475 9.7328578775 177.33 0.64119 -850.783 1705.566 -2.56621e-05
1220.34126901 10.3693461191 164.26 0.7171 -858.865 1721.73 -0.00475528
1504.06694147 9.4160944325 188.5 0.60452 -858.334 1720.668 -0.000288017
1740.69476123 8.58202307366 192.86 0.47194 -876.581 1757.162 -0.000399181
1426.87094517 9.31056099751 175.68 0.57686 -831.206 1666.412 -0.000104381
1372.576171 9.96411635968 170.01 0.6243 -894.072 1792.144 -0.000554057
1584.06864824 9.32739093456 185.34 0.54955 -896.628 1797.256 -0.000250866
1431.55256273 9.04741352097 173.77 0.54753 -780.107 1564.214 -2.38521e-05
1345.76983841 9.53987286727 175.55 0.63492 -803.686 1611.372 -2.11038e-05
1271.54737248 10.0199697233 167.56 0.67404 -831.639 1667.278 -2.56166e-05
1405.26608401 9.73228896452 171.25 0.5965 -877.548 1759.096 -1.47784e-06
1102.56504755 10.2737731072 158.52 0.76107 -763.26 1530.52 -0.000520303
