"D" "g0" "sigma" "z" "logLik" "AIC" "maxgrad"
1889.87497882 0.935452628515 11.7972148823 8.3274660395 -802.968 1613.936 -8.38562e-05
1814.12735253 0.945758129323 10.5828500547 5.77563754274 -794.725 1597.45 -0.00107463
1419.0348385 0.813561612528 14.7885093867 22.3186971783 -735.214 1478.428 -0.000365507
1643.80357445 0.838165646915 14.1639630787 14.7547712805 -814.942 1637.884 -0.000496277
1611.96566041 0.999999952023 11.0127128165 5.0034939476 -824.041 1656.082 -0.000302485
1496.71760783 0.930472527287 12.9787992225 7.40768683681 -793.465 1594.93 -1.09954e-05
1710.00044315 0.930753053683 11.1445439553 6.66409816494 -735.306 1478.612 -0.000110396
1290.95847986 0.950390346037 12.7351020504 5.64752141469 -777.847 1563.694 -5.56607e-07
1531.70129503 0.935734656208 11.6370481591 6.02156978623 -758.601 1525.202 -1.06714e-05
1604.94702563 0.999999928166 11.6011461262 5.13186715436 -872.612 1753.224 -8.14047e-06
1645.07899138 0.930337208449 12.5610926927 6.72446672614 -873.429 1754.858 -0.00102314
1991.27763921 0.930504793577 11.186264378 8.20179940752 -776.039 1560.078 -6.03071e-05
1559.61159508 0.950850367333 11.7202800802 6.59054092723 -730.465 1468.93 -8.77184e-05
1672.30918956 0.999999561286 10.1001559272 4.78333004893 -766.605 1541.21 -0.000601877
1553.75486145 0.939454621573 11.828619894 5.82534349179 -808.841 1625.682 -0.000102477
1756.60743964 0.999989233196 9.92103608948 4.47964110598 -933.688 1875.376 -5165.33
1549.22902541 0.920480556449 11.7259599227 6.90442179081 -703.917 1415.834 -0.000318973
1584.69236705 0.925025675181 12.7845133873 6.13506715239 -899.5 1807 -1.34132e-05
1587.67442059 0.876619264882 12.3806006367 8.53395173317 -742.469 1492.938 -2.34285e-06
1937.20943541 0.92080730907 11.5963223655 8.28546601786 -809.673 1627.346 -0.00228472
1577.00113438 0.948399715229 12.4301080578 6.30826431857 -832.151 1672.302 -4.14434e-06
1572.66094067 0.93286943316 12.0670473592 6.22091112317 -795.498 1598.996 -0.000106297
1760.83254567 0.945487453094 11.2232088312 5.88350424555 -836.409 1680.818 -3.89338e-05
1570.61097273 0.999999645614 11.1933364228 5.11348887324 -820.568 1649.136 -1.56387e-05
1673.22610147 0.880756012458 13.3922559381 10.9082118874 -824.865 1657.73 -0.000650775
1700.89030766 0.912591287734 11.7852430054 7.93789746656 -744.149 1496.298 -0.00014234
1764.93520782 0.999999857925 9.93910167759 5.21815076487 -736.849 1481.698 -0.00299053
1855.64827083 0.891763511231 12.3236068705 8.29002544199 -841.8 1691.6 -5.17434e-07
1660.3116516 0.923731202526 12.0372578125 7.55420864999 -769.424 1546.848 -1.84788e-07
1544.71589692 0.92971585405 12.4375884519 7.21721648078 -774.395 1556.79 -8.71996e-06
2061.40754201 0.954647766834 10.9723707918 7.12402344962 -837.768 1683.536 -2.09419e-05
1780.13685213 0.999989542922 9.87699345791 4.8257075903 -910.547 1829.094 -16673.8
1630.72740365 0.942622268561 12.905817651 7.34443649983 -852.393 1712.786 -2.08361e-05
1418.53100303 0.973499201937 12.475244514 6.20839043742 -757.362 1522.724 -0.000206981
1672.88578053 0.898804926628 12.4534134515 6.97451619547 -835.474 1678.948 -0.000218981
1706.73327584 0.881030050994 11.7948342544 7.51441730077 -753.082 1514.164 -1.70266e-06
1853.26495784 0.898413047439 11.8848579373 7.70799434835 -826.678 1661.356 -4.03843e-07
1707.21780147 0.99373873808 10.9633110312 5.84967091024 -777.901 1563.802 -2.51138e-05
1709.06276701 0.940338226057 11.3621329336 7.50725619543 -709.232 1426.464 -7.69694e-07
1811.79732719 0.976403876729 11.4707160173 6.31400069999 -848.542 1705.084 -2.06712e-05
1678.23687467 0.956754877703 11.9941750091 6.10009844271 -848.838 1705.676 -0.000397743
1610.85206088 0.895110885088 12.0200583429 6.54101348918 -788.102 1584.204 -0.000305807
1755.60868975 0.883579752447 11.7967796483 8.3945036145 -757.628 1523.256 -0.000417432
1681.67611577 0.916952115864 12.0750257851 6.91163406232 -796.57 1601.14 -1.89723e-06
1719.42267563 0.962671214188 11.5927370824 5.95966955131 -834.565 1677.13 -2.97412e-05
1978.46887581 0.909255178881 11.4373002695 7.4617577443 -850.792 1709.584 -0.00141232
2029.45375068 0.836598588518 11.796501327 8.87495914176 -836.679 1681.358 -0.000163746
1665.6677718 0.999999646505 10.2676072568 5.44734155975 -713.636 1435.272 -8.16495e-05
1512.96678929 0.999999890493 10.973765785 5.55595119596 -709.116 1426.232 -0.0023911
1584.41451358 0.917040436098 12.2157874964 6.04500578205 -836.658 1681.316 -0.00238013
1697.49798724 0.89976008426 12.4649561246 9.09401737985 -770.433 1548.866 -9.16444e-05
1741.66612286 0.994385978995 10.9765848333 5.5614724859 -822.821 1653.642 -3.86031e-05
1940.5584488 0.917720060213 11.5959043386 6.55286874846 -895.812 1799.624 -3.16009e-06
1678.28603813 0.984176830504 10.8366647811 5.87300378582 -748.588 1505.176 -8.86228e-05
1680.22047734 0.88427899728 13.5442010828 8.80767994142 -881.756 1771.512 -9.18444e-07
1778.1766653 0.918026902194 12.9616924464 8.03925937744 -914.104 1836.208 -5.88177e-05
2184.99467868 0.907913201347 11.5932094574 8.05475591201 -927.688 1863.376 -6.22583e-05
1681.73311534 0.883292137468 12.6609967825 9.53888003263 -771.584 1551.168 -5.52187e-07
1861.3970427 0.97314793716 10.6256889762 6.34532550042 -764.451 1536.902 -0.00286122
1505.76316414 0.974956706074 12.5864982825 5.76290898643 -868.856 1745.712 -2.19293e-05
2171.44412044 0.920308965959 11.3633244367 7.86330375853 -911.07 1830.14 -0.000196476
1920.17107869 0.940112104816 11.3375700801 6.50804944258 -860.799 1729.598 -4.45446e-06
1618.38828617 0.854778082366 13.1080831441 10.9632909676 -752.349 1512.698 -0.000268214
1733.93635632 0.934801347154 12.4478401884 7.05515218861 -879.35 1766.7 -3.26631e-06
1753.14685897 0.843382524355 13.0610024134 11.7593559341 -825.888 1659.776 -0.000142278
1389.80396675 0.920619222331 13.3243308687 6.89833399813 -768.881 1545.762 -7.05037e-06
1650.86845392 0.906948141903 12.4151346832 8.37913133423 -758.435 1524.87 -4.16902e-05
1381.30389686 0.999999897127 11.4329768602 5.84163400007 -688.307 1384.614 -0.000189963
1497.7093203 0.989499344014 12.344085376 5.83683908898 -834.615 1677.23 -1.04256e-05
1458.29843921 0.936224896384 13.7806307762 9.24805088969 -780.046 1568.092 -0.00234107
1304.27976885 0.905986875976 13.797307238 6.31456202988 -814.259 1636.518 -0.00147987
1857.10051219 0.940575424453 11.4313446686 6.74361291436 -826.423 1660.846 -2.80514e-05
1750.43531806 0.989214377669 11.8585036989 6.31272417441 -869.056 1746.112 -2.97086e-05
1651.8724405 0.949531363032 11.7124130269 5.90467176202 -827.162 1662.324 -4.82704e-05
1709.7244783 0.931108215441 12.2071202886 9.02410519625 -749.963 1507.926 -5.24855e-05
1701.83787522 0.865326474077 12.6572453865 7.2388314549 -857.001 1722.002 -1.94619e-05
1571.37567868 0.973635677541 11.4993660163 6.2422875775 -754.665 1517.33 -8.85679e-05
1773.09840251 0.846528026798 13.095385501 12.0277283207 -834.337 1676.674 -0.000172853
1938.9947376 0.895315702778 11.6379400979 7.62876379231 -825.676 1659.352 -0.00679678
1700.04490497 0.999990000021 10.7458236478 6.09964425214 -812.699 1633.398 -7857.06
1953.59974248 0.899476600015 11.8383756668 8.06825362817 -840.309 1688.618 -3.84931e-05
1583.53018775 0.923349815718 12.3391764252 6.53082345473 -812.193 1632.386 -0.000226435
1573.16312385 0.9999999241 11.3237678026 5.80290395861 -744.981 1497.962 -5.82996e-05
1790.30075598 0.889133065958 12.3987479708 6.97787478317 -890.165 1788.33 -0.00026127
1855.44050486 0.921926919948 12.8005505018 9.63699044182 -872.488 1752.976 -5.35815e-05
1791.88179536 0.977860724757 10.658829888 5.47450007151 -824.684 1657.368 -6.97088e-06
1378.06815601 0.934560991148 12.4393718362 6.07065708501 -745.291 1498.582 -1.67049e-05
1554.92269814 0.872405488721 13.5331308003 8.54164177404 -826.938 1661.876 -1.33703e-05
1789.51582485 0.94881436203 12.1154297077 7.62770940862 -848.62 1705.24 -6.99292e-05
1560.23459948 0.878598476722 11.5719388554 6.97694833932 -685.882 1379.764 -0.00028859
1519.68494618 0.882875486741 13.3880746246 7.17089002128 -866.674 1741.348 -5.41671e-05
1367.77570264 0.933963141607 12.2548753749 7.4083761904 -640.072 1288.144 -0.000122428
1391.94790122 0.974470485132 11.0007989735 5.09740099816 -700.037 1408.074 -3.18876e-05
1714.51700507 0.981729482367 11.2118023063 6.52484304034 -751.162 1510.324 -0.000484253
1704.23962366 0.984615713779 11.489521129 6.46583093674 -773.075 1554.15 -0.000195971
1766.81679435 0.928404272444 11.7842210183 8.14134470655 -760.643 1529.286 -0.00169884
1323.39107852 0.925127075377 13.8588512479 6.40903635487 -837.884 1683.768 -2.48745e-05
1940.87780089 0.963022887727 10.9364416112 7.40247316549 -767.187 1542.374 -9.42844e-05
1772.44220411 0.88715226453 12.4653010904 8.35298838487 -817.427 1642.854 -0.000556373
1408.07867854 0.961195235968 12.648272469 6.31601758054 -764.579 1537.158 -0.000717156
1456.1103599 0.882620711559 13.9940856477 7.56433224163 -848.811 1705.622 -4.98536e-05
1659.30699995 0.952876043449 10.8871390699 6.21882261576 -716.816 1441.632 -0.000131165
1430.00570155 0.940130507704 11.9713825615 6.18280694226 -728.225 1464.45 -0.000693194
1535.01744863 0.951540769885 12.0774528608 5.10829389258 -912.465 1832.93 -2.11598e-05
1577.53321882 0.873146753541 14.2338878432 19.0208158103 -786.022 1580.044 -4.70738e-05
1436.91864011 0.904727958254 13.0031853176 6.80798208078 -797.819 1603.638 -6.22765e-06
1858.99025498 0.925448930925 11.6362735945 7.71553950876 -794.768 1597.536 -5.42028e-05
1990.4091549 0.963909414201 10.4960224517 5.95288979577 -838.359 1684.718 -0.00149015
1733.44686602 0.948373136519 11.4553555842 8.52875459733 -723.756 1455.512 -9.15319e-07
1832.36132082 0.95699302114 10.9226805976 5.48026676027 -865.043 1738.086 -6.67512e-07
1476.38600747 0.848034317234 13.606450496 11.4358203613 -720.428 1448.856 -0.00172703
1720.81716053 0.857359733191 12.0696478878 8.91534076409 -742.154 1492.308 -9.78816e-06
1258.06192631 0.914817908094 13.2073243926 6.65085480106 -729.78 1467.56 -2.00903e-05
1541.67399171 0.90519120358 12.7548017797 7.368557308 -788.735 1585.47 -0.00249513
1862.32118283 0.899577922731 11.5340573211 7.82078236156 -783.663 1575.326 -1.67389e-05
1750.07463673 0.982545161463 10.7251120497 5.67975983612 -768.175 1544.35 -3.97848e-09
1635.69575016 0.95408910096 11.0559095769 7.0209561671 -688.108 1384.216 -8.70165e-06
1668.05779216 0.936555646399 11.9588275079 7.03461583949 -788.839 1585.678 -3.61693e-05
1697.24271229 0.977260168911 10.9042464295 5.20110951447 -826.577 1661.154 -5.50524e-06
1744.77824899 0.975753471282 11.0234263212 5.86019609049 -804.005 1616.01 -0.000271725
1552.74649901 0.92957842322 12.8856362025 11.2945877554 -716.209 1440.418 -1.10398e-05
1779.7915906 0.957779820668 10.8516925221 5.93112256459 -773.73 1555.46 -9.13363e-05
1618.9029538 0.933832498758 11.2189555586 6.24655421439 -734.612 1477.224 -8.65187e-05
1498.14394779 0.899226177107 13.0603193053 7.28761673364 -806.277 1620.554 -9.63125e-05
1450.85272249 0.95777865982 12.2709688095 6.10712927765 -776.248 1560.496 -0.00063382
1834.99318125 0.91482123409 12.3084603927 8.07762805741 -861.856 1731.712 -4.04878e-05
2049.39692195 0.878635206747 11.9151322538 12.6503220813 -800.583 1609.166 -0.000633604
1798.25077784 0.962129772999 11.6166139018 5.67965609296 -919.449 1846.898 -0.000172907
1614.55970162 0.946400208368 11.6863130665 5.17988093006 -882.335 1772.67 -0.00213352
1482.27197273 0.894835202544 13.1260111861 6.52123525544 -843.114 1694.228 -0.000401561
1352.84010093 0.931711630007 13.1654668817 5.41172423696 -858.929 1725.858 -0.00101592
1386.98661245 0.933766973765 13.0320594307 5.93868037588 -820.174 1648.348 -6.62711e-05
1733.33986258 0.982805725636 10.7117123342 6.14903415966 -730.165 1468.33 -0.000156828
1497.01953437 0.882633916995 13.5132732651 7.30791095177 -829.387 1666.774 -0.000103214
1562.43917371 0.910547024 11.9913665083 6.12600710139 -783.526 1575.052 -0.000336625
1800.28750577 0.960276714071 11.1505981258 6.3068617964 -820.693 1649.386 -0.0032461
1484.88134295 0.999999932705 11.4297298016 5.43801911846 -770.309 1548.618 -0.00171729
1423.96390149 0.921670982996 11.9612112265 5.82152020095 -740.413 1488.826 -1.88229e-05
1616.10437306 0.891450108279 12.9973619389 8.04035882852 -796.857 1601.714 -0.000289743
1782.57176647 0.904835057263 11.8928230921 8.24734423147 -781.573 1571.146 -0.00177295
1558.54187461 0.993482749394 10.4621083299 5.65358812195 -660.489 1328.978 -0.00069835
1481.75315452 0.890212273442 12.8198819415 7.61988676066 -760.353 1528.706 -0.000606995
1869.05811245 0.927026128677 11.3127314586 6.84984416419 -819.843 1647.686 -0.00288912
1666.14623207 0.846147636962 12.8900384116 11.345164137 -771.289 1550.578 -6.83756e-07
1577.17744151 0.921407770196 12.0370762055 5.46555402138 -865.007 1738.014 -0.000251485
1754.362247 0.904310678912 12.2704948669 7.4099898674 -852.761 1713.522 -2.28888e-05
1794.63713859 0.982761012791 11.0368768099 5.6435506396 -859.71 1727.42 -0.000643611
1726.27048189 0.982422306309 12.03794346 8.05140855688 -765.21 1538.42 -8.6125e-06
1700.04556903 0.999989999988 10.7552848318 6.09963985827 -806.292 1620.584 -7736.6
1506.20877128 0.95393021875 11.621205662 5.53954244464 -785.425 1578.85 -2.91454e-05
1398.69982915 0.969619833154 12.480289959 6.13970185461 -773.378 1554.756 -1.79503e-05
1579.52321526 0.946936337682 12.3340229914 6.68296066655 -801.899 1611.798 -0.00295834
1813.55165483 0.93228752883 12.3238969493 7.9968380421 -853.192 1714.384 -0.000891792
1905.08426771 0.92104008212 11.5957468419 6.90593843745 -848.886 1705.772 -0.000643729
1563.73326232 0.999999924888 11.3496329549 6.49065433656 -710.136 1428.272 -5.55083e-05
1710.78647676 0.889731439537 13.4425685749 9.56481341897 -867.296 1742.592 -3.29734e-06
1668.16627353 0.968275786829 11.1750637459 5.58612491391 -806.898 1621.796 -2.9473e-05
1529.39760293 0.952205164056 12.3614876071 6.11013458753 -821.711 1651.422 -0.000634551
1848.6963929 0.99999978332 10.249673931 5.18768314853 -815.894 1639.788 -6.27141e-05
2018.14747072 0.878447561663 11.4695411791 7.91037552913 -815.919 1639.838 -6.69849e-05
1950.67967464 0.937845695518 11.9031107257 7.62678191363 -891.94 1791.88 -4.68578e-05
1770.90832016 0.908861196379 11.826213332 8.25800469025 -772.571 1553.142 -8.13002e-05
1616.42576059 0.951020472352 12.1415747688 6.83385094786 -816.592 1641.184 -9.15147e-05
1710.57798039 0.919909297265 12.0148509322 7.26065140946 -799.178 1606.356 -0.00286814
1465.07600086 0.942968667414 12.1115130721 6.24444980005 -769.138 1546.276 -0.00269371
1732.93324746 0.895815014254 11.5366348763 7.19650714497 -761.384 1530.768 -0.000184356
1327.50299265 0.875306826257 14.7341713849 8.61906345076 -824.459 1656.918 -3.56129e-05
1790.55803059 0.946484969539 11.47139216 6.96646217888 -796.836 1601.672 -3.66184e-05
1780.81159245 0.904542094043 12.6369243416 8.09479925293 -878.068 1764.136 -0.000292379
1877.75298365 0.921609998188 11.016655641 7.13816253182 -764.026 1536.052 -0.00132424
1894.78703374 0.86540431982 13.7252808581 26.2185263473 -859.389 1726.778 -0.00190726
1818.73935938 0.96665587175 10.821359855 6.91365266279 -738.449 1484.898 -0.000333344
1383.98508045 0.93443807852 13.816576695 7.67497053557 -811.075 1630.15 -0.00022286
1702.55599873 0.979027400243 11.4375243221 5.97477124129 -831.587 1671.174 -1.59072e-05
1423.13467533 0.958899943712 12.3099805361 5.81184156831 -788.036 1584.072 -0.00105489
1751.02223279 0.999999180116 10.4275404112 5.83846097406 -729.045 1466.09 -1.24325e-05
1732.72361335 0.935364052878 11.2751907846 6.66457055693 -781.01 1570.02 -4.48496e-05
1510.05304769 0.999999975743 11.2376160481 5.69377653881 -726.71 1461.42 -2.94252e-05
1862.80926361 0.925416910392 11.2842147636 7.35070872366 -782.936 1573.872 -0.00718785
1512.86593219 0.999999973537 12.6169092518 6.07493367253 -836.983 1681.966 -2.99209e-05
1348.33190789 0.945591813624 12.6253558607 5.97575041521 -760.134 1528.268 -6.46217e-05
1537.44463453 0.946301627638 11.934304134 6.48068187312 -752.372 1512.744 -8.93578e-05
1573.04728839 0.959943591083 12.1174108347 6.02468514622 -817.088 1642.176 -4.19991e-06
1607.42402515 0.999999529815 11.003129098 5.15604880226 -800.025 1608.05 -8.5971e-05
1669.99099065 0.961164328267 11.5246044235 5.81359463558 -820.785 1649.57 -0.000208133
1375.34216203 0.936350358493 13.1206052345 5.67505353806 -837.336 1682.672 -0.00120435
1669.75372547 0.955775809277 11.9094621624 7.32614633607 -771.296 1550.592 -7.08733e-06
1386.45194599 0.983940728207 12.0567039288 5.07620793058 -802.074 1612.148 -0.000163426
1535.5607177 0.88916454855 12.3675345395 6.76700705669 -773.184 1554.368 -0.000112091
1653.67465362 0.946095560855 12.3856761231 6.96173348006 -826.347 1660.694 -0.000319589
1778.45956807 0.949282541016 11.77155165 6.22830228042 -873.681 1755.362 -0.000276224
1688.99992369 0.902748667797 12.2954465095 7.05546175798 -835.982 1679.964 -6.14051e-05
1743.82212459 0.85011617519 12.5696527437 7.83425269503 -837.664 1683.328 -2.54105e-05
1734.88549702 0.859155770298 13.8715111561 16.4349771341 -838.629 1685.258 -3.58253e-05
1867.97854 0.911072494291 11.6946614309 6.03808870833 -905.092 1818.184 -0.000212623
1884.95359962 0.985737611063 10.6903903198 5.97688710043 -802.563 1613.126 -0.000127292
1759.54452724 0.999988992427 9.98647935329 4.41386690073 -869.704 1747.408 -1965.55
1761.89981919 0.90633054482 13.2304873305 8.49098496515 -910.61 1829.22 -0.000235876
1634.67977124 0.938443340856 11.9278006033 6.52991215041 -802.84 1613.68 -0.000304233
1526.21253034 0.934336236052 12.1743749261 6.96170307899 -756.569 1521.138 -0.000569606
1754.34403186 0.999989173371 10.2175288296 4.58556710876 -850.976 1709.952 -626.445
1511.2593766 0.950770127169 11.6688545696 5.93606933831 -764.1 1536.2 -9.4179e-07
2021.05595843 0.94141862322 10.8769865997 6.434156416 -859.193 1726.386 -0.000606422
1638.91398028 0.93822129502 11.2537334848 6.9599216126 -690.021 1388.042 -0.00145709
1443.30347667 0.952029216893 12.3078835032 5.62150519552 -812.414 1632.828 -4.58137e-06
1711.50878466 0.913291434303 11.9915223257 6.86432160092 -831.598 1671.196 -1.96712e-05
1964.41392137 0.999999894217 10.4699308518 6.12400079509 -807.479 1622.958 -1.47229e-05
1924.79890811 0.964452719924 10.2435775009 5.89166699509 -768.59 1545.18 -1.96621e-05
1725.12681355 0.905523525444 12.0349074195 7.74094983545 -787.93 1583.86 -1.92882e-05
1851.29847673 0.912579738755 11.9616456022 8.68823345345 -802.377 1612.754 -3.23644e-05
1816.89869193 0.922353560148 11.8802053008 6.79227437852 -857.79 1723.58 -0.00132459
1918.61720792 0.980291467295 10.5200887252 5.18326537379 -911.012 1830.024 -1.24234e-05
2032.97543793 0.902059443789 12.2667355065 11.9647028573 -840.461 1688.922 -0.0011433
1809.59058319 0.924884154805 10.9945024753 6.08426685416 -804.824 1617.648 -7.44188e-05
1537.80884132 0.930717077047 12.4891442985 6.93945305989 -778.172 1564.344 -8.02538e-07
1496.03909812 0.971049555255 11.83320048 6.15258950025 -759.299 1526.598 -3.1807e-05
1342.68479609 0.940109382101 12.7364940277 6.05287997618 -764.594 1537.188 -0.00157389
1955.68749109 0.924711064676 10.6991781776 7.13721120499 -772.282 1552.564 -1.67268e-06
1997.79576251 0.921834533671 10.2175347912 5.96154237797 -811.958 1631.916 -1.48742e-05
1590.85078099 0.999522460255 11.5212021282 5.7743553659 -797.053 1602.106 -0.000241769
1708.87596615 0.929462382601 12.0915878545 7.16659187204 -817.782 1643.564 -3.22472e-05
1571.12393109 0.904787847797 12.7119996532 7.55636966656 -781.761 1571.522 -0.000160443
1302.98212762 0.946599083967 12.1999305574 5.42039404945 -731.975 1471.95 -0.00216814
1614.01081713 0.892107072963 12.4952398321 6.24998775206 -871.186 1750.372 -2.27728e-05
1706.70984633 0.927212093132 11.3239123872 6.61723712945 -753.169 1514.338 -8.30811e-05
1688.00293113 0.869657188187 13.039217587 9.2541592586 -823.897 1655.794 -1.62016e-05
1771.87400668 0.906041877919 12.2912122184 8.46366009218 -799.513 1607.026 -6.73792e-06
1876.03758326 0.865198074899 13.0492243126 11.1726723075 -880.473 1768.946 -3.81126e-05
1630.43942513 0.922355800499 11.483868553 6.77586789214 -728.307 1464.614 -3.00843e-05
1294.57908554 0.90548015306 13.7592333683 6.82253867992 -782.354 1572.708 -5.96798e-05
1736.51744089 0.947835579947 11.4226171915 5.42756972908 -873.679 1755.358 -0.0025351
1648.86479915 0.947927697991 12.4264203815 6.24804343622 -891.465 1790.93 -6.98694e-06
1541.93913217 0.9267497165 12.7070299987 6.23561672722 -846.721 1701.442 -0.00165881
1529.07452004 0.999999427472 11.6002785346 5.13080008212 -828.132 1664.264 -0.000988175
1148.58006912 0.965781907197 13.5394254446 6.22451640447 -704.433 1416.866 -1.49943e-06
1751.6960264 0.999999475654 10.8114307307 5.83720729032 -787.414 1582.828 -8.78012e-05
1585.91315729 0.999994445588 10.5060526191 5.24215066206 -737.004 1482.008 -8.51723e-05
1595.44853655 0.999999925834 11.3040564651 5.65342698407 -787.563 1583.126 -3.23655e-05
1991.29685441 0.931382343738 10.6341975427 8.35780044688 -716.293 1440.586 -4.25776e-05
1354.57695429 0.931820791271 12.4239766681 5.66871342581 -772.595 1553.19 -9.04194e-05
1692.07408665 0.946363450801 11.6077948891 6.48981889548 -796.037 1600.074 -6.90827e-05
1539.25445642 0.958961778241 12.2093232279 6.09672105843 -802.3 1612.6 -0.00016586
1202.19567839 0.89374138551 14.21227538 8.23393002013 -709.99 1427.98 -0.00053552
1728.1318421 0.922569911235 11.462538636 6.70822647826 -777.027 1562.054 -0.00166542
1521.25644717 0.998719602122 11.1019279758 5.42170184805 -744.092 1496.184 -0.000653816
1340.83022481 0.994301712263 11.9573863816 4.87942563415 -786.375 1580.75 -4.36814e-05
1641.40892349 0.902154137926 11.9317344972 6.32658848288 -795.261 1598.522 -2.2812e-05
1674.93874174 0.898134283188 12.0614907235 5.94086365332 -875.912 1759.824 -3.80827e-06
1493.7650596 0.906358216055 12.7543983454 9.56194699816 -695.348 1398.696 -4.17813e-05
1665.70980638 0.939131251458 12.1074199342 6.51248306716 -839.906 1687.812 -8.55588e-05
1645.14002928 0.845195720647 13.3785606831 10.2992565493 -808.113 1624.226 -0.00132502
1819.82777131 0.983476562433 11.3340672989 6.18065964415 -830.283 1668.566 -0.000149519
1611.23522773 0.91960652011 12.8771726467 7.70362082159 -809.941 1627.882 -0.000213599
1613.10679684 0.883398315364 13.4234533694 9.36740313722 -810.833 1629.666 -0.00104579
1798.14847018 0.979923329251 10.445144091 5.36103827052 -800.584 1609.168 -0.000100084
1453.59204889 0.923311822737 12.0680018843 5.99310132177 -765.735 1539.47 -0.000559769
1576.65884979 0.999999971193 11.2983537658 5.46033859353 -784.389 1576.778 -1.46427e-05
1840.92561367 0.965098522741 11.0838729553 6.52045850292 -796.842 1601.684 -3.58765e-07
1792.69183123 0.970594923097 11.0652843673 6.44573940073 -788.958 1585.916 -0.00128887
1810.731451 0.908093009721 12.3025219095 7.11064223098 -890.498 1788.996 -0.00297634
1813.19773745 0.986562907588 9.84173946236 5.39121104199 -721.639 1451.278 -0.00149624
1678.22305039 0.939198424276 11.9501259907 6.00166843666 -862.659 1733.318 -0.00051168
1644.45665293 0.970274132909 11.1143812187 5.43057227677 -806.648 1621.296 -0.000548651
1778.20590373 0.903018727973 12.3460803416 9.37875875374 -793.729 1595.458 -3.15705e-06
1868.78094975 0.904636362569 10.4170590782 6.88032764874 -715.737 1439.474 -0.00290636
1635.84966544 0.969924626843 12.4314637783 6.31262869792 -862.153 1732.306 -1.92242e-05
1409.95314587 0.999999937061 11.629278832 5.45471947256 -745.744 1499.488 -0.0019206
1521.18289932 0.882343016512 13.1951881387 8.09761787486 -770.965 1549.93 -0.000237097
1477.59771232 0.944541471344 11.7658104901 6.05663800717 -745.809 1499.618 -0.000399225
1729.83909577 0.936491833822 12.3924400152 7.69276298833 -822.168 1652.336 -0.000208077
1562.5316676 0.991812497646 11.8373014844 6.58975237872 -757.674 1523.348 -5.04113e-05
1489.8928692 0.966177847517 11.224613086 5.3509041053 -762.171 1532.342 -4.87171e-06
1664.52991114 0.930033823355 11.9386880642 8.04357002312 -736.645 1481.29 -8.72585e-05
1882.07396849 0.944831811724 10.2723666521 5.7902975857 -785.459 1578.918 -5.02372e-06
1651.22886538 0.99999988324 10.9257678965 5.46215323354 -796.053 1600.106 -2.63584e-05
1773.93698848 0.910939614945 12.6024823219 6.93087568792 -921.473 1850.946 -2.1119e-06
1553.60777916 0.973864611151 11.2311642167 5.59229059918 -760.199 1528.398 -0.00611096
1669.33761337 0.936668523462 12.7575756065 7.11833254038 -860.441 1728.882 -0.000896506
1494.68003181 0.975510615092 12.0126127937 5.57112643319 -807.475 1622.95 -3.03108e-05
1395.62250094 0.948925146086 11.9801314365 5.71294631032 -748.405 1504.81 -3.91202e-05
1568.45820313 0.889501794978 12.0782059503 7.07244779366 -749.477 1506.954 -5.97918e-06
1702.74203632 0.913604783511 11.4653103745 5.48960713779 -850.291 1708.582 -4.08942e-06
1138.94106108 0.947631470531 12.2376389909 4.89413805701 -704.335 1416.67 -5.95927e-05
1613.14422161 0.947739960096 11.981433207 6.68047233599 -794.921 1597.842 -6.17091e-05
1562.91305931 0.887999417031 13.0179671237 8.21857437343 -789.904 1587.808 -0.000122231
1636.94863753 0.999999617941 10.8680485611 5.72411459909 -746.889 1501.778 -0.000979909
1669.18857519 0.926634981675 12.0811153736 6.4266132076 -839.211 1686.422 -0.00550211
1880.53179361 0.963989717705 11.3385417479 8.49890339771 -759.698 1527.396 -2.06064e-05
1666.79328043 0.870720199221 12.9588676966 8.66584680602 -807.432 1622.864 -0.000685915
1715.46798686 0.900581088113 11.8317794194 6.77022025999 -793.108 1594.216 -0.000142045
1717.24814264 0.94950528907 11.5515089905 6.61748452646 -776.036 1560.072 -9.51686e-05
1848.88569848 0.902705368554 11.2059804414 6.56212172903 -820.274 1648.548 -0.00022561
1498.38333193 0.999999723447 11.6332081916 6.05718164606 -736.267 1480.534 -0.000139072
1534.66968759 0.996554685373 11.0277275185 5.74938132353 -727.942 1463.884 -0.00217795
1892.79035435 0.915705212962 10.7769345426 5.96426831792 -819.67 1647.34 -0.000197604
1843.30447441 0.935280982002 10.9842033853 7.24721401334 -743.17 1494.34 -2.26692e-06
1677.72510877 0.90192607815 11.8709693748 6.28562721992 -821.279 1650.558 -9.57415e-05
1413.1084865 0.999999899693 12.3565433759 6.4468237711 -741.35 1490.7 -0.000356588
1670.37217895 0.861032062542 13.0290786066 9.33583554847 -808.769 1625.538 -0.00107485
1706.79983614 0.970656699916 10.9552775482 5.92653764167 -768.645 1545.29 -1.5215e-05
1472.54055136 0.864108290072 14.0959063035 9.54707431774 -798.147 1604.294 -0.000111908
1794.45199127 0.894402580636 12.1830797503 6.63120781751 -885.823 1779.646 -1.05285e-05
1243.72599985 0.949422598756 12.5993500761 5.86636772711 -723.018 1454.036 -0.000179831
1442.15689777 0.973333613569 12.5232279519 6.26069634219 -799.556 1607.112 -0.000752057
1687.36718979 0.911658878873 11.9650077503 6.71168355155 -801.448 1610.896 -1.11035e-05
2039.20386948 0.891018322646 11.9802761735 9.98909947126 -830.013 1668.026 -7.33301e-05
1572.90350702 0.972032496457 12.2980046767 6.57322544391 -803.844 1615.688 -0.000935631
1419.17350227 0.980166674569 11.8750119134 5.40297167001 -769.406 1546.812 -5.29639e-05
1788.20495989 0.917294751675 11.5922472455 7.52401801504 -773.543 1555.086 -5.98479e-05
1702.60923823 0.967741557852 11.8159953975 6.46716890789 -835.18 1678.36 -8.27856e-06
1614.24469998 0.999999954328 10.5406597947 5.00275807208 -768.477 1544.954 -1.21592e-06
1443.2219183 0.930723532724 12.9061512593 7.33243475219 -755.261 1518.522 -0.000358915
1814.98186971 0.962970925429 11.8184888958 6.38190723364 -900.733 1809.466 -0.000219895
1227.1350855 0.890301132972 14.7348459129 8.14647653566 -759.943 1527.886 -3.15906e-05
1754.36161786 0.929021326041 11.6351754177 7.62306148591 -750.541 1509.082 -9.16974e-06
1832.30451736 0.969416160539 10.5678829971 6.433992295 -754.527 1517.054 -1.37576e-05
1832.06178952 0.882877026096 14.0166268664 69.9999961221 -846.163 1700.326 -2.01108e-05
1495.77098417 0.896768139445 13.2918626371 6.41225555649 -865.966 1739.932 -1.49546e-05
1643.5922031 0.95106714451 12.9415791478 7.2505301366 -864.783 1737.566 -9.38426e-06
1758.15872678 0.912195093473 11.7497167494 8.95725995077 -736.579 1481.158 -1.47507e-05
1713.66488794 0.940326669071 12.6830039631 7.91764757852 -848.596 1705.192 -0.000489664
1751.88868 0.899309267787 12.2518195972 7.21636523578 -856.452 1720.904 -0.00128827
1712.39120412 0.841577809273 13.0661717173 10.2719568159 -813.418 1634.836 -4.82949e-05
1943.29389431 0.909071655985 11.7734138411 7.29666513498 -886.651 1781.302 -1.21337e-06
1779.32968418 0.868206494407 11.5865557132 8.52717312181 -741.843 1491.686 -5.93095e-05
1795.24535434 0.947976307922 10.6529935025 5.73294129674 -790.251 1588.502 -8.36293e-06
1438.75035941 0.921252502759 13.430445829 8.44481929361 -756.971 1521.942 -6.84344e-05
1770.1159622 0.999999935298 9.59314004799 5.01968986045 -712.214 1432.428 -0.000171906
1779.9414082 0.904335548139 10.9170411952 6.4314294299 -747.276 1502.552 -0.00104978
1943.91158623 0.94061487669 10.9741897452 6.04392283259 -865.61 1739.22 -0.0010715
1425.7003479 0.930244530219 13.5224562449 7.40903004191 -806.809 1621.618 -1.40503e-05
1820.86329409 0.884516949928 12.3741462342 7.59259772418 -870.017 1748.034 -0.000248437
1529.2325784 0.913138349387 11.5897239481 6.60807372591 -718.285 1444.57 -7.09509e-06
1595.80852858 0.946196927762 11.869487455 6.38412242 -781.179 1570.358 -1.3152e-05
1810.44625022 0.992021613752 10.4065847519 5.24009772922 -816.296 1640.592 -0.0030687
1733.11179032 0.905746162668 11.7426852452 6.58955292932 -821.013 1650.026 -4.66192e-05
1848.00068763 0.984004032761 11.1354901402 6.36097220225 -820.813 1649.626 -5.16367e-05
1747.24034608 0.913161498845 12.4431700223 8.17229869368 -814.885 1637.77 -1.45115e-05
1638.18046968 0.843162976615 12.8392509102 7.95346369051 -814.718 1637.436 -4.1458e-05
1818.31959396 0.854363718097 11.5065207577 7.64745841045 -762.543 1533.086 -8.10084e-06
1730.79366622 0.92822960387 12.0739267714 9.57356393818 -735.603 1479.206 -0.000531353
1570.38188728 0.964708334654 10.9568193348 5.18303352804 -762.811 1533.622 -0.0023024
1539.98399814 0.999999811851 11.0484886718 5.31560331476 -752.536 1513.072 -9.17546e-05
1466.80700911 0.996046990654 11.4851406796 4.92803459855 -791.434 1590.868 -0.000592253
1734.33228997 0.924960739247 11.4485329296 6.14437757856 -807.995 1623.99 -4.54484e-05
1818.70623102 0.855350046685 11.8233375433 8.49771281686 -757.594 1523.188 -0.00107983
1562.32550721 0.999999928209 11.1569338351 5.56552232169 -760.281 1528.562 -9.56534e-05
1512.05274099 0.945848491146 13.1090327133 8.44124832013 -767.259 1542.518 -2.14778e-06
1544.61030451 0.91261005342 12.7768858061 7.02441181939 -821.815 1651.63 -3.04852e-05
2028.47678248 0.958445637947 10.4624453433 5.99694827031 -837.098 1682.196 -1.59071e-05
1816.2216226 0.935661160178 11.0513585394 6.28498855082 -804.428 1616.856 -2.42717e-05
1354.29933001 0.909527760144 12.755817533 6.13950726957 -751.714 1511.428 -9.74943e-06
1533.61149381 0.902945085446 12.5096264206 7.68630943926 -750.06 1508.12 -3.83e-05
1633.24738767 0.936768181804 12.8233589838 6.23519394667 -926.63 1861.26 -2.01165e-05
1529.19001455 0.840509903364 14.2600281164 8.40154563373 -891.262 1790.524 -1.99953e-06
1515.95721807 0.99999942533 10.9659009265 5.14107711499 -779.539 1567.078 -0.00103697
1683.78855566 0.872465572116 13.4226514239 7.83760340021 -892.693 1793.386 -0.000384769
1686.77219147 0.932484477745 11.7619699659 7.43701589869 -762.047 1532.094 -5.06126e-05
1817.39224367 0.944900874401 12.3403400008 7.55348111145 -874.116 1756.232 -0.000210688
1996.22541938 0.904601853856 10.4209174657 6.89925086194 -745.441 1498.882 -4.41161e-05
1778.51422358 0.916556027774 12.4957145117 7.42717521741 -888.256 1784.512 -5.46045e-06
1535.02983664 0.990077146902 11.04944274 5.29454825116 -762.649 1533.298 -0.000527515
1384.49835513 0.915704901838 12.9093991177 6.70192908638 -768.019 1544.038 -6.33483e-06
1837.42705073 0.894174177309 12.5330376072 8.77303203968 -860.072 1728.144 -1.94883e-05
1685.5003975 0.976720700996 11.0267050402 5.49053482863 -818.427 1644.854 -2.52036e-05
1684.04150239 0.962858348571 11.4211289059 7.06991892386 -729.681 1467.362 -1.93673e-05
2053.3254113 0.996552124118 10.0038978243 5.15318372552 -899.369 1806.738 -6.99088e-06
1313.64022333 0.890678004426 13.5501150764 7.19007771051 -761.483 1530.966 -1.50465e-05
1274.38893499 0.971588664796 12.2295443253 5.277893475 -735.425 1478.85 -1.65053e-06
1893.16344944 0.956237112988 11.4084398411 8.76705765887 -764.064 1536.128 -1.3516e-05
1562.71546389 0.9086648277 13.3497576074 9.73815166511 -778.756 1565.512 -1.75213e-05
1611.46303961 0.919193328841 13.081788127 8.51340798078 -821.924 1651.848 -8.09668e-06
1424.08383406 0.951690375887 12.8621416172 6.45456800119 -792.204 1592.408 -4.2591e-05
1767.52822464 0.905541403638 11.7541823486 8.44014699601 -767.251 1542.502 -4.89483e-05
1485.54579706 0.955907734923 12.0368632117 5.98511676262 -771.746 1551.492 -2.38691e-07
1597.09155589 0.93311557896 11.9324741907 6.25757035275 -822.57 1653.14 -2.72147e-06
1713.34218438 0.943477871135 11.1190603756 5.66863358174 -812.206 1632.412 -0.00145455
1695.38821933 0.935420272394 12.8787003258 7.14478699725 -896.842 1801.684 -3.7675e-05
1477.61127829 0.999999927666 11.4949969984 6.07198778591 -716.751 1441.502 -1.34297e-06
1453.66441843 0.966764933847 11.1444060574 5.11222407631 -742.39 1492.78 -0.00145901
1478.18482442 0.93203268443 12.9076819769 6.29440635531 -808.031 1624.062 -0.000701994
1527.17723583 0.86027613296 13.2473325996 8.62276892991 -785.307 1578.614 -5.26559e-06
1992.90718202 0.964510037063 11.3402223094 7.08083169886 -851.821 1711.642 -4.01558e-05
2107.44488189 0.946199799523 11.1727434091 8.41040565297 -847.394 1702.788 -5.52058e-06
1796.6964303 0.987778493274 11.0135782029 5.76463300824 -836.398 1680.796 -4.88579e-05
1825.12104892 0.999999866275 11.0492422913 5.54586838493 -884.035 1776.07 -0.000257566
2146.60178899 0.858575704339 11.491873954 9.73092850928 -832.265 1672.53 -1.83272e-05
1879.12939919 0.876389574128 11.3463480077 9.02957716767 -743.365 1494.73 -9.85406e-07
1564.15619899 0.9789676298 11.640562439 5.76673385214 -803.471 1614.942 -4.68171e-06
1516.68659691 0.957754351433 11.7062145533 5.47819512513 -815.985 1639.97 -6.88734e-05
1614.99407952 0.941898537236 13.0178055215 7.56568442998 -846.286 1700.572 -4.18458e-07
1609.67600137 0.928812409812 12.6144060569 8.43532388085 -767.593 1543.186 -7.8642e-06
1723.70298727 0.885394723318 13.1982281658 8.10639971975 -906.954 1821.908 -7.58795e-06
1577.44708228 0.936571902307 12.929724391 6.91711421892 -849.518 1707.036 -6.57104e-05
2211.19831458 0.874865101614 12.0132601892 69.9999961714 -797.078 1602.156 -0.00136385
1676.79367129 0.892215599508 12.9711160712 7.75611445124 -866.915 1741.83 -2.79636e-05
1462.94479673 0.924079859767 12.934408301 6.27066861455 -821.554 1651.108 -7.96833e-06
1906.4430112 0.871268859699 11.9815020284 9.22425682241 -815.962 1639.924 -9.599e-05
1792.56775839 0.894028096627 12.0246079442 10.3618825112 -749.161 1506.322 -2.00588e-05
1716.99420383 0.960496925009 11.9499395959 5.75265529167 -893.101 1794.202 -6.53115e-05
1842.47797144 0.947103784962 11.4248080299 6.10340029224 -869.331 1746.662 -2.63047e-06
1647.1289391 0.924853233235 11.0238099864 6.5411279871 -726.664 1461.328 -7.45158e-05
1630.47127178 0.864508019031 12.244116808 9.42554370587 -719.97 1447.94 -0.0010029
1550.59128685 0.905330895574 13.355821515 7.25635574082 -871.306 1750.612 -0.00220391
1611.34115013 0.963902705132 11.1949273333 5.29359990645 -821.579 1651.158 -0.00401827
1754.46928977 0.823805478699 11.2887687684 8.57410799619 -676.616 1361.232 -3.57778e-05
1636.17498428 0.944885319138 11.7803268305 7.15856113735 -742.106 1492.212 -1.69398e-05
1592.38440883 0.956315930432 12.2592391085 6.65778483969 -793.181 1594.362 -6.12614e-06
1696.14735345 0.945766241909 11.5180301387 6.60953065556 -772.668 1553.336 -3.16192e-05
1721.45431027 0.930912540676 11.6377319173 6.28300632397 -817.174 1642.348 -1.70617e-05
1310.43268542 0.94521262306 12.5912680071 6.44320276953 -704.963 1417.926 -8.98908e-06
1426.63702266 0.857303357635 14.4427614483 9.81841319355 -807.021 1622.042 -0.000118535
1988.1622506 0.924887047159 11.8835677667 7.99971483649 -873.446 1754.892 -1.1548e-06
1529.46863258 0.932528099734 12.459639617 6.73833713561 -811.14 1630.28 -8.59712e-07
1771.08695855 0.867051754931 11.9273549262 7.28840249321 -814.885 1637.77 -0.00331454
1390.8890316 0.911811355492 13.3608831856 6.78390060697 -794.468 1596.936 -2.31024e-05
1681.99775943 0.927074293026 12.8073757345 6.64757852792 -936.388 1880.776 -6.78063e-05
1432.13603786 0.997428129586 12.1029778837 5.95172123453 -763.398 1534.796 -0.00270289
1796.56289469 0.889644352067 11.5597851015 7.79013025131 -766.812 1541.624 -4.12082e-05
1651.21098015 0.968321052442 12.2204014939 6.15274731157 -836.03 1680.06 -0.00166836
1498.84912262 0.999999946768 10.8974011786 4.70647600879 -807.815 1623.63 -0.000121165
1714.34420438 0.918186713288 12.0916978616 6.91966594456 -802.883 1613.766 -1.34696e-05
1871.11965014 0.991477813913 10.2755440344 5.58333339025 -776.362 1560.724 -0.00124359
1335.00546952 0.999999758814 11.2339656432 4.75027089454 -747.677 1503.354 -0.00138574
1507.82264656 0.910654098922 13.9721177308 7.87224374413 -866.872 1741.744 -4.53807e-06
1680.49075437 0.885875943595 14.5180460171 11.371982786 -928.696 1865.392 -5.69923e-05
1360.97032072 0.88207059662 13.4170110509 8.04357292708 -745.14 1498.28 -2.21896e-05
1700.90794857 0.947825669318 11.8697212041 6.88311062174 -798.215 1604.43 -0.00129488
1786.51701114 0.891816450201 11.7596828542 6.66796614011 -814.263 1636.526 -1.68971e-06
1606.10436262 0.941327665785 12.4109179252 6.26585780167 -852.66 1713.32 -1.75527e-05
1730.56817407 0.885494287819 12.9666469848 8.87270253456 -843.839 1695.678 -0.000271476
1957.75637255 0.963333710841 11.2891660029 6.99353649534 -860.126 1728.252 -5.51835e-06
1808.15909805 0.971016859837 11.1803850583 6.36101456412 -820.024 1648.048 -0.000175653
1338.12712705 0.910770906446 14.2890128512 6.97908040218 -854.576 1717.152 -4.12089e-06
1472.17368072 0.961075154838 12.2521249303 6.32533603722 -769.83 1547.66 -2.18083e-05
1296.65084521 0.942554591006 13.069628464 6.59200693705 -740.488 1488.976 -0.000742319
1504.23659629 0.954102573501 12.3762579738 5.51177965501 -874.182 1756.364 -4.45734e-05
1547.15050853 0.916188465296 12.6129040791 6.82737711973 -808.1 1624.2 -1.14304e-07
1615.89535256 0.963767966818 11.6071110748 6.26207266945 -775.981 1559.962 -0.000195314
1627.94383914 0.99999916167 11.7433815316 6.30778700547 -786.487 1580.974 -0.00266832
1708.05465954 0.886999177246 11.7293038653 7.0549283258 -783.014 1574.028 -2.11747e-05
1607.04528044 0.875988497908 13.4300824287 8.02587929311 -851.789 1711.578 -2.78214e-09
1879.66045194 0.921701158287 12.2794592711 9.53954033848 -832.744 1673.488 -0.000262092
1456.51444753 0.932389177284 12.4951422264 6.30827891243 -784.862 1577.724 -4.34483e-06
1473.00671294 0.933646781083 12.7612613329 6.30663920111 -829.544 1667.088 -9.15242e-06
1669.05156279 0.943916418234 12.0617503588 7.2490996332 -794.326 1596.652 -7.11609e-06
1579.0583645 0.910480319847 11.7304125679 6.17783016625 -762.871 1533.742 -9.57853e-05
1508.14538813 0.917742223602 12.3510105694 6.93354513551 -768.168 1544.336 -1.0622e-05
1483.20973658 0.969972303748 11.2578342759 5.40315166047 -735.08 1478.16 -1.41017e-05
1927.74142415 0.919142684875 11.7246083919 8.21771543611 -833.66 1675.32 -2.32967e-06
1642.85419359 0.857161746917 13.2227299421 8.57469550792 -829.964 1667.928 -1.03312e-05
1713.43880142 0.895600513358 12.4062436561 7.62563514703 -816.593 1641.186 -2.17946e-05
1650.7312216 0.972156520543 11.9001371804 5.73523633782 -874.335 1756.67 -0.00107014
1404.99677359 0.999999795103 11.8144980932 5.81831153398 -718.702 1445.404 -7.80785e-05
1505.73620389 0.915213576637 11.4036579162 8.04036551684 -605.359 1218.718 -0.000621069
1848.40818694 0.994378968288 10.463013222 5.78116953042 -788.411 1584.822 -2.82394e-08
1686.60144676 0.866469474192 12.3825424581 8.27438446602 -803.233 1614.466 -6.48291e-07
2132.87857548 0.913388208213 10.9692533178 6.71812008201 -882.583 1773.166 -8.9756e-05
1790.58340926 0.999988940338 9.67437550193 4.32240240379 -926.312 1860.624 -14657.3
1913.059011 0.938525292317 12.0646282852 8.58503629387 -853.366 1714.732 -6.37292e-07
1411.9483013 0.93034872219 12.6785581446 6.60630832155 -765.582 1539.164 -0.000576012
1686.84293834 0.886730935495 12.7611678957 9.45622413023 -779.785 1567.57 -3.44083e-05
1759.23909362 0.999989232089 10.0775573953 4.86350320782 -877.532 1763.064 -7950.56
1397.51751952 0.978391328852 12.333167357 5.65327976288 -787.148 1582.296 -0.000250884
1451.01913193 0.999999839907 10.7966303009 4.74925852577 -747.588 1503.176 -6.88343e-05
1970.56057983 0.999999778807 10.2861881237 6.05458550584 -796.769 1601.538 -0.0017372
1650.4495118 0.869006907947 12.6127462141 7.30627949479 -820.694 1649.388 -4.67176e-05
1978.41116142 0.918596752308 11.1606153112 6.47340297123 -888.985 1785.97 -1.80886e-05
1594.47646422 0.939897667141 12.0158141265 5.76960750508 -851.867 1711.734 -0.00401693
1857.44297123 0.960200748018 10.8376182929 5.92059603744 -815.85 1639.7 -4.38059e-06
1605.35826907 0.909781184063 12.598532373 6.80008483393 -837.646 1683.292 -5.14845e-06
1760.29919873 0.944416241478 10.9154435136 6.04172815207 -787.363 1582.726 -7.68595e-05
2068.98885307 0.788372414362 12.9312364183 69.9999946877 -830.484 1668.968 -0.000673862
1611.34418413 0.900896053268 12.5678071323 7.42065525411 -820.163 1648.326 -0.00051654
1778.7156374 0.918544829381 12.2562603539 7.61065017106 -837.817 1683.634 -0.0025076
1531.94181134 0.985930164517 11.6393167896 5.51475069118 -813.749 1635.498 -0.00132191
1544.27350878 0.968102547738 12.3956742368 6.46441145593 -821.734 1651.468 -0.000196949
1674.81166758 0.999999874557 10.7582499574 5.27839733141 -809.895 1627.79 -1.65766e-05
1588.01599577 0.894622902202 11.393625005 6.59857965788 -706.096 1420.192 -1.5263e-06
1361.74122015 0.999999916468 11.6202319944 5.20290551933 -736.052 1480.104 -1.46939e-05
1815.84694493 0.97452715226 10.8997712688 5.92184485038 -809.314 1626.628 -5.1854e-05
1396.32946407 0.851068171894 14.7099060674 9.28533815797 -823.545 1655.09 -0.0034587
1508.9186302 0.889526928214 12.6358986155 7.97332834039 -720.396 1448.792 -4.91995e-05
1732.33934468 0.944316747625 11.6960085398 6.37005744494 -844.662 1697.324 -1.8006e-05
1936.69695205 0.868014753416 12.3280309818 9.80318481408 -842.438 1692.876 -6.36922e-05
1434.42624778 0.891913732985 14.0134138838 6.59890177353 -890.438 1788.876 -3.95486e-05
1492.19750895 0.987134938702 11.3737154387 5.26448522769 -769.347 1546.694 -5.6049e-05
1467.9118121 0.888371597209 13.4642967237 7.20322983221 -824.892 1657.784 -8.04739e-05
1656.31055707 0.920235194156 12.2946142244 6.71507069012 -828.867 1665.734 -0.000519837
1482.9051408 0.932514162847 13.2011090667 6.94381387165 -829.544 1667.088 -0.00057952
1669.76770097 0.91851798166 11.5535565336 5.37018444082 -845.798 1699.596 -0.000473725
1984.84491537 0.911472630844 11.1351110783 6.79961933593 -856.152 1720.304 -0.000321585
1767.75995904 0.919463328377 11.9157558013 7.79581944015 -800.643 1609.286 -1.85865e-05
1698.14270301 0.896887908196 13.2375438603 8.6052529584 -863.044 1734.088 -0.000326937
1922.23332428 0.907367744079 12.4319466819 8.72480315141 -862.609 1733.218 -0.000103781
1664.87775246 0.999998902231 10.5932302908 5.52336667835 -755.032 1518.064 -0.000556461
1672.70164543 0.913361332315 12.1790456906 7.61054184359 -777.39 1562.78 -8.43766e-05
1465.86748503 0.910589673126 12.8791620436 6.35870296868 -811.771 1631.542 -3.64931e-05
1636.70079769 0.943343473009 11.9556357586 5.8893623295 -855.813 1719.626 -0.000170512
1283.80421692 0.93155723368 12.8008296799 5.96928689395 -745.043 1498.086 -0.00238723
