"D" "ssb0" "ssb1" "sigmass" "se.D" "se.ssb0" "se.ssb1" "se.sigmass" "logLik" "AIC" "maxgrad"
1758.92829128 5.09534076708 0.018375627558 8.49304547661 145.16 0.006832 0.00077912 0.366 -2649.45 5306.9 -0.000557172
1779.59579783 5.08066989215 0.0182976092809 8.89945615882 155.79 0.0074373 0.00085396 0.41644 -2475.52 4959.04 -6.72063e-05
1485.58023394 5.07359248562 0.0169018002629 8.9825070332 141.39 0.0073745 0.00085985 0.39989 -2374.78 4757.56 -0.00152629
1705.82953871 5.08768943601 0.0177103719528 8.49160237425 143.14 0.0067869 0.00077367 0.36704 -2671.9 5351.8 -6.02835e-05
1811.24881111 5.07976713789 0.0176375933025 8.58213186732 155.08 0.0069663 0.00080081 0.38289 -2597 5202 -0.000166908
1534.57234544 5.07600244633 0.0161447290576 8.28985525114 139.03 0.0067235 0.00076047 0.34708 -2644.12 5296.24 -6.23434e-07
1763.61963538 5.08465254449 0.0194284065402 9.37691817111 159.41 0.0076486 0.00096618 0.43958 -2379.16 4766.32 -8.75935e-06
1376.94587431 5.08417775231 0.0160830200803 8.76267243857 130.74 0.0073141 0.00077178 0.38117 -2529.36 5066.72 -0.00165089
1470.58018398 5.09491822474 0.017818971718 9.39572096151 139.79 0.0081455 0.00086367 0.42471 -2432.39 4872.78 -0.000356309
1920.93651764 5.08247846019 0.0179735825734 8.87527969411 158.44 0.0068275 0.00080591 0.38081 -2806.59 5621.18 -0.000495795
1862.85082393 5.08840774346 0.0185860439365 9.21461412726 154.39 0.0067461 0.0008081 0.37428 -2929.55 5867.1 -1.81018e-06
1730.67677103 5.08586727828 0.0183123646793 9.59618484367 155.54 0.0082111 0.00090469 0.4304 -2506.41 5020.82 -0.000142766
1531.11647528 5.0899662014 0.017694696178 8.49607852085 137.19 0.0078182 0.00080381 0.38987 -2358.73 4725.46 -5.34992e-06
1719.2020879 5.08320937695 0.0180767640727 8.84145432033 152.28 0.0075918 0.00086805 0.42427 -2384.24 4776.48 -3.20773e-05
1670.56834123 5.08897711457 0.0180708715689 8.98627668148 146.14 0.0073368 0.00084489 0.406 -2570.68 5149.36 -5.87041e-05
1968.7032737 5.06739272402 0.0172138055152 9.15639801574 166.36 0.0070517 0.00080891 0.39176 -2841.54 5691.08 -0.000138117
1545.97162126 5.1115016857 0.0198137629216 8.74090886739 134.82 0.0079594 0.00090843 0.43008 -2236.99 4481.98 -2.71224e-05
1729.85234774 5.08089232537 0.0166592034112 8.72421009545 144.66 0.0065596 0.00072715 0.35763 -2898.47 5804.94 -1.32128e-05
1607.64446102 5.08767856344 0.0185314089139 8.75403887409 143.71 0.0074288 0.00082934 0.40485 -2385.3 4778.6 -7.66713e-05
1910.35850692 5.09284341554 0.0194161377309 8.73690258048 157.56 0.0069644 0.00083888 0.38272 -2643.83 5295.66 -4.8135e-05
1618.76780939 5.08156602781 0.0165697023622 8.76151846531 143.32 0.0070372 0.00075706 0.36478 -2736.8 5481.6 -6.21174e-06
1778.43708471 5.09541626649 0.0194403078042 9.47082673634 152.81 0.0076276 0.00090644 0.42697 -2575.47 5158.94 -3.03788e-05
1868.87204174 5.0921311396 0.0192131523203 9.15088309895 157.55 0.0072128 0.00086161 0.40712 -2687.95 5383.9 -0.000783643
1632.45574643 5.08192974745 0.0168314408819 8.68216630392 142.4 0.0072224 0.00077216 0.38584 -2599.02 5206.04 -1.4461e-05
1813.16864115 5.09241089173 0.0188123252592 8.46688132168 147.88 0.0066142 0.00082205 0.36048 -2763.63 5535.26 -0.000214803
1728.16602269 5.07773746895 0.0181669423286 8.38234318949 150.72 0.0069706 0.00084059 0.3861 -2384.27 4776.54 -6.79206e-05
1719.12265676 5.09026802672 0.0188875062133 8.72035556084 151.83 0.0079596 0.00091229 0.43603 -2277.71 4563.42 -0.000207967
1802.00063342 5.09462741529 0.0184210253679 8.84334647505 149.02 0.0072623 0.00081209 0.38792 -2709.83 5427.66 -2.76557e-05
1565.45627947 5.08881855901 0.0175554908162 8.73968407088 142.14 0.0074715 0.00083132 0.39096 -2486.29 4980.58 -4.84792e-05
1577.12482841 5.09935276762 0.0184629509065 8.95862764399 138.65 0.0076741 0.0008196 0.40053 -2530.17 5068.34 -2.05816e-06
2054.18658009 5.08583029649 0.019254046066 8.68305966316 168.66 0.0069147 0.00084794 0.3794 -2682.57 5373.14 -2.92262e-05
1905.71940612 5.09176791733 0.0183976368511 9.19894852617 155.21 0.0068589 0.00078284 0.38222 -2956.2 5920.4 -4.276e-06
1780.06707796 5.09410607039 0.0181930444764 8.73894447712 145.3 0.0065379 0.00076659 0.35947 -2888.98 5785.96 -6.61124e-05
1653.38872307 5.09677284896 0.0184742303829 8.1407501058 137.6 0.0063003 0.00078216 0.35259 -2573.32 5154.64 -7.31628e-05
1899.63341479 5.08977411345 0.0188782319787 8.41580442418 151.98 0.0066871 0.00081423 0.37498 -2676.99 5361.98 -1.28702e-05
1734.75158393 5.09030201753 0.0194661846149 9.46593241296 154.18 0.0078373 0.00093914 0.43756 -2410.04 4828.08 -0.00174543
1978.90871113 5.07995368141 0.0189107928315 8.73944808391 161.28 0.0067893 0.0008451 0.3854 -2636.44 5280.88 -0.0016948
1630.72499486 5.08922536109 0.0177258851288 8.81403010432 146.07 0.0073043 0.00082048 0.38745 -2529.63 5067.26 -0.000933488
1652.5307706 5.09301555183 0.0187972044659 8.14294669554 140.93 0.0070721 0.00082736 0.39243 -2288.03 4584.06 -0.000153633
1920.38374314 5.09656160762 0.0193761738228 9.12909898961 155.27 0.0068169 0.00083912 0.37962 -2850.05 5708.1 -9.07442e-05
1780.78688519 5.08490739807 0.0172401017563 8.1108782814 145.32 0.006634 0.00072516 0.3555 -2701.87 5411.74 -0.000595019
1610.88196649 5.08574324431 0.0178906496713 9.52936262411 148.22 0.0080016 0.00090932 0.43604 -2503.98 5015.96 -1.75843e-05
1743.82598422 5.08292333641 0.0187884140755 8.83530331103 155.21 0.0072465 0.00086586 0.39898 -2432.53 4873.06 -4.9958e-06
1750.81867515 5.08055178054 0.0176876921847 8.57876092669 149.57 0.0070475 0.00078974 0.38385 -2558.26 5124.52 -0.000205583
1808.2678669 5.09196351397 0.0183926743754 8.96431217048 152.14 0.007291 0.00082889 0.39352 -2689.47 5386.94 -0.00294409
1868.51421078 5.08163382475 0.0177173909665 8.08435179365 153.69 0.0066603 0.00074314 0.35514 -2666.2 5340.4 -0.00179255
1899.54210836 5.08958127741 0.0192197398884 9.43568260255 162.86 0.0077102 0.00090409 0.4288 -2610.83 5229.66 -3.5986e-06
1745.47498257 5.07909789346 0.0188017713855 8.77611570954 156.82 0.0077106 0.00091658 0.42683 -2252.12 4512.24 -4.29381e-05
1480.6146126 5.08128872528 0.0169276858729 8.3872535704 135.3 0.0074156 0.0008158 0.39797 -2249.07 4506.14 -4.74295e-06
1784.30359725 5.08605579317 0.0183357082611 9.27033047037 153.35 0.0074819 0.00085789 0.41184 -2677.78 5363.56 -2.3167e-05
1546.5989344 5.09832665579 0.0178829039948 8.68103846975 135.22 0.0072466 0.00077467 0.37372 -2586.41 5180.82 -0.000776645
1851.24264312 5.08816707032 0.0185977146935 8.88422587703 155.61 0.0071452 0.00085178 0.38818 -2635.76 5279.52 -0.00250996
2078.04976813 5.0831905434 0.0186408446713 8.53431666504 164.27 0.0066353 0.00081402 0.37071 -2800.66 5609.32 -7.88319e-05
1535.26957035 5.09729135778 0.0180388769491 8.90197825862 138.94 0.0080418 0.00082022 0.39935 -2436.66 4881.32 -2.90412e-05
1759.22226823 5.08328159551 0.0170667418344 8.59156134844 145.8 0.0062054 0.00073052 0.34438 -2932.82 5873.64 -6.50171e-06
1928.86543857 5.08562125651 0.0178044615705 8.33171823979 151.33 0.005963 0.00070891 0.33002 -3048 6104 -0.000912013
2108.58386332 5.07419605648 0.0176621297683 8.37708668344 167.95 0.0063088 0.00074601 0.34682 -2936.71 5881.42 -0.00045555
1534.29959643 5.08361466589 0.0170298298177 8.91850057916 142.96 0.0076369 0.0008393 0.39239 -2512.83 5033.66 -6.33926e-05
1719.35358984 5.10958355352 0.0201223001303 9.47721910802 148.71 0.0077684 0.00091984 0.43388 -2530.66 5069.32 -1.52664e-05
1806.97304377 5.09256083385 0.0179506685513 8.32595036623 145.16 0.0061751 0.00072401 0.34358 -2928.34 5864.68 -8.64832e-06
1947.88727241 5.09250495894 0.0183063099214 8.59672344153 156.54 0.0065266 0.00076712 0.36062 -2913.04 5834.08 -0.000122208
1938.26283938 5.09083600691 0.018779470072 8.74384907756 155.77 0.0068208 0.0008163 0.37516 -2768.04 5544.08 -2.44109e-05
1611.25020305 5.09438908923 0.0186524817403 9.01036017875 143.43 0.0074419 0.00086676 0.40403 -2467.6 4943.2 -6.94451e-06
1770.88790373 5.08909767848 0.017358632753 8.23546917268 144.14 0.0065341 0.00071305 0.33832 -2868.22 5744.44 -4.5009e-06
1627.32948957 5.09145209207 0.0178110451411 8.8579820871 142.41 0.0073217 0.00079374 0.37534 -2682.03 5372.06 -2.51637e-06
1554.70769987 5.09536832888 0.0178618416343 8.92222379413 136.02 0.0070935 0.00083538 0.39689 -2556.52 5121.04 -2.22745e-05
1534.64901491 5.08204101606 0.0170069471223 8.96803642332 142.56 0.0076297 0.00085071 0.40174 -2481.82 4971.64 -1.06468e-05
1332.1331803 5.10295558723 0.0180608467257 9.12712435849 124.54 0.0082973 0.00083012 0.41653 -2314.8 4637.6 -1.48674e-05
1607.402567 5.08731553893 0.0169726813375 8.95743795539 141.34 0.0066046 0.00078614 0.36515 -2836.42 5680.84 -1.00255e-05
1597.45423716 5.08296250732 0.0170279169292 8.19794187144 136.05 0.0059777 0.00074691 0.32678 -2743.31 5494.62 -7.7472e-05
1546.70180749 5.09028099038 0.0173552489079 9.31155681553 137.57 0.0071364 0.00081859 0.39835 -2690.86 5389.72 -1.822e-05
1839.74484528 5.08263586555 0.0176641488911 7.88760084959 148.66 0.0062765 0.00075372 0.34735 -2626.13 5260.26 -6.03191e-05
1777.48630405 5.0907927949 0.0175203963727 8.48044385504 146.08 0.0067362 0.00074342 0.34938 -2892.68 5793.36 -0.000103702
1839.68222084 5.08077392066 0.0180689289268 8.75861505434 156.55 0.0068016 0.00081529 0.38353 -2678.42 5364.84 -3.0256e-05
1549.83154067 5.09541181651 0.017873102454 8.78182740433 138.89 0.0071903 0.00082593 0.38204 -2538.7 5085.4 -2.71883e-05
1864.03358671 5.09043291517 0.018998050541 9.46465206173 155.87 0.0076309 0.0008606 0.42098 -2702.41 5412.82 -1.81605e-05
1660.21544263 5.09504251651 0.0191283041929 9.13454475466 145.1 0.0075821 0.00087879 0.4153 -2495.86 4999.72 -1.71489e-05
1745.40163527 5.10180989475 0.0191580848204 8.79746411159 143.94 0.0068892 0.00082099 0.37973 -2715.35 5438.7 -2.29363e-05
1714.64492302 5.09060394255 0.0178090216773 9.05420545268 151.67 0.0076844 0.00083514 0.39201 -2639.44 5286.88 -1.29174e-05
1601.04339339 5.09356684368 0.0173530738036 8.01913897396 134.18 0.0067054 0.00071271 0.34747 -2650.48 5308.96 -2.21309e-05
1734.42815203 5.08830697621 0.017443383457 8.67947691871 145.12 0.0070554 0.00078694 0.38349 -2662.62 5333.24 -0.00170638
1656.70525443 5.09168537699 0.0178903520593 8.87450153494 143.45 0.0076273 0.00078367 0.39696 -2592.74 5193.48 -7.8067e-06
1662.99828486 5.08652703635 0.0182492098543 9.14678243716 148.84 0.007689 0.00089322 0.41218 -2442.05 4892.1 -5.65445e-05
1816.82799572 5.09203596111 0.0182078241062 9.38873736494 153.87 0.0072264 0.00080165 0.39466 -2875.71 5759.42 -3.96963e-05
1806.6030718 5.08967039116 0.0176750458311 8.56794697923 150.95 0.0065992 0.00074386 0.34557 -2929.76 5867.52 -6.71617e-05
1651.93887066 5.09978299283 0.0182560295417 9.20050365428 145.81 0.0080807 0.00081383 0.40955 -2611.59 5231.18 -0.000223789
1484.80164011 5.08887551744 0.0174120461554 8.82443841446 135.21 0.0071964 0.00083692 0.39892 -2435.72 4879.44 -0.000207839
1499.43084552 5.09138979548 0.0168449192566 9.10338966482 136.69 0.007413 0.0007877 0.38969 -2721.88 5451.76 -2.34617e-06
1740.00641809 5.10589753279 0.0190964570326 9.36564417371 144.82 0.006899 0.00081947 0.3773 -2925.24 5858.48 -6.50347e-06
1426.10334041 5.07823519597 0.0174151536544 9.48739489426 142.83 0.0092841 0.00094447 0.47453 -2128.3 4264.6 -2.82529e-05
1719.32595646 5.07849330914 0.0173798487499 9.30426159656 152.22 0.0072299 0.00082394 0.38461 -2820.31 5648.62 -0.00016999
1417.59386083 5.09457268727 0.0185689404014 8.63673013605 132.06 0.0076627 0.00093055 0.42319 -2128.97 4265.94 -7.40015e-06
1534.52276728 5.07839657156 0.0179854108287 9.36725379526 145.92 0.0085113 0.00095497 0.46642 -2150.37 4308.74 -4.79098e-05
1607.50045035 5.09216609481 0.0178535396945 8.45882272291 140.37 0.0071416 0.0007959 0.37595 -2516.57 5041.14 -5.96283e-05
1686.33650965 5.09723869729 0.0183462133076 8.48565997865 141.71 0.006942 0.00078912 0.37671 -2567.49 5142.98 -0.00048837
1635.40703473 5.10143748242 0.018590144645 8.27437187987 140.78 0.0071602 0.00082178 0.37562 -2483.01 4974.02 -1.26787e-05
1639.15278424 5.08396288482 0.0172876932514 9.11172262417 143.39 0.0067976 0.00081451 0.37953 -2795.51 5599.02 -1.9573e-05
1799.65294928 5.0927912343 0.0189165767879 8.486207297 153.45 0.007174 0.00084936 0.3843 -2486.88 4981.76 -4.80925e-05
1681.96326267 5.07502389346 0.0166747703284 8.66872905678 147.76 0.0072492 0.00078537 0.38125 -2596.27 5200.54 -0.000267845
1448.52635336 5.09401969016 0.0170594752469 8.88105411654 129.89 0.0073054 0.00081145 0.38751 -2551.79 5111.58 -0.000256025
1553.93517226 5.08569081072 0.0166207292713 9.2118600599 138.06 0.0074216 0.00080104 0.39167 -2772.58 5553.16 -0.000457803
1690.03301921 5.09982835445 0.0199591775538 8.75933480232 147.12 0.0076296 0.00093758 0.4255 -2311.65 4631.3 -0.000695014
1397.92045075 5.10186976875 0.0181094304619 9.42863000549 130.05 0.0084341 0.00087202 0.43978 -2364.83 4737.66 -9.79047e-05
1710.19047836 5.07745690418 0.016513185695 9.23611727465 150.08 0.0070501 0.00078181 0.38367 -2911.89 5831.78 -0.000131813
1611.44549298 5.0977991035 0.0184821390693 9.13241189489 140.41 0.0070821 0.00082544 0.37544 -2712.56 5433.12 -1.57023e-05
1554.95936079 5.09604063662 0.0180706809894 9.17918449684 136.48 0.0069435 0.00082516 0.39111 -2660.66 5329.32 -2.69025e-05
1701.4836496 5.08642650989 0.0177125992967 8.75303974101 147.09 0.0070505 0.00081959 0.38401 -2596.58 5201.16 -0.000145326
1912.49860748 5.09087274313 0.0188273871614 8.53328600894 156.63 0.0070963 0.00082349 0.3866 -2634.74 5277.48 -8.14426e-05
1646.25437357 5.09629720766 0.0192783595184 8.5652946182 141.74 0.0073144 0.00085884 0.38989 -2390.9 4789.8 -0.000773598
1850.29260889 5.08357825321 0.0180509278597 9.34306645847 161.11 0.0075548 0.00083939 0.40806 -2740.16 5488.32 -6.95388e-05
1517.0393752 5.08614705403 0.0182049177992 9.54766458949 146.77 0.0079102 0.00096874 0.43069 -2358.42 4724.84 -7.38715e-05
1532.25466759 5.08129252441 0.0174511415091 9.17794267538 145.05 0.0083813 0.00090118 0.43188 -2317.8 4643.6 -0.00161174
1336.64991329 5.08583555127 0.0166471945474 8.82027328331 125.81 0.007561 0.00079576 0.39266 -2390.82 4789.64 -3.23922e-07
1694.25124284 5.09120716963 0.0185191219217 8.79707000748 145.07 0.0070814 0.00083197 0.38643 -2568.66 5145.32 -9.60816e-06
1759.39345273 5.09417075504 0.0188954190193 8.62844971645 150.2 0.0073065 0.00084386 0.39932 -2506.9 5021.8 -6.73336e-05
1681.1449441 5.09324039423 0.0182157107028 8.6315615652 147.55 0.0075718 0.00084701 0.39917 -2422.03 4852.06 -0.000149378
1678.78249575 5.08063959993 0.0187818664228 8.07485651904 147.82 0.0068245 0.00084631 0.38195 -2240.72 4489.44 -0.000275589
1563.24371271 5.09034835916 0.0172533079095 8.56275246261 139.15 0.0071655 0.00077294 0.3738 -2598.27 5204.54 -2.60115e-05
1740.92980095 5.08493496432 0.0175358461324 8.63281010766 152.3 0.0070481 0.00081215 0.39262 -2591.8 5191.6 -0.000159421
1548.52018041 5.08804056656 0.0165988057666 8.27776487779 136.39 0.0077161 0.00074195 0.37322 -2552.93 5113.86 -2.99997e-05
1580.53603153 5.10393972702 0.0191846402042 8.05974542041 133.84 0.0066978 0.00081003 0.35829 -2443.45 4894.9 -7.82116e-06
1839.00789262 5.08405592421 0.0188798188255 9.00852168254 161.63 0.0077657 0.00090565 0.42378 -2432.26 4872.52 -2.34692e-05
1671.80833214 5.07711371433 0.0183881128962 9.3298463159 153.22 0.0079506 0.00091544 0.43817 -2328.87 4665.74 -2.72335e-06
1542.72210659 5.10290763181 0.0180845054456 8.9273941162 133.18 0.0071456 0.00077038 0.3804 -2654.4 5316.8 -0.000334588
1702.07108884 5.09737708534 0.0192771056361 9.05828164178 145.03 0.0069701 0.00084181 0.39376 -2615.57 5239.14 -0.000957876
1886.74805785 5.09722786164 0.0192179407456 9.06833905898 154.73 0.0067163 0.00083969 0.37549 -2870.14 5748.28 -3.08944e-05
1869.45291898 5.08980696793 0.0189783165835 8.73546730427 155.69 0.0072265 0.00086067 0.39339 -2587.9 5183.8 -0.000545388
1857.73850563 5.10551108636 0.0188219907835 9.30119594478 151 0.0070233 0.0008117 0.39287 -2989.62 5987.24 -1.46485e-05
1735.58601726 5.08163841917 0.0170392655341 9.20039171437 151.2 0.007526 0.00081093 0.401 -2767.56 5543.12 -0.000131604
1646.73218001 5.09297662276 0.0179801060044 9.5051119469 143.95 0.007355 0.0008274 0.40521 -2744.48 5496.96 -1.58157e-05
1570.87663244 5.08025330323 0.0160647727329 8.90585597436 142.57 0.0070153 0.00079511 0.38272 -2734.34 5476.68 -3.59106e-05
1633.29895662 5.08813485759 0.0175061051478 8.99957241732 143.67 0.0069603 0.00081282 0.38665 -2717.88 5443.76 -6.22434e-06
1794.97747313 5.08235714023 0.0190295204656 8.77084912704 154.92 0.0072703 0.00090891 0.4123 -2364.47 4736.94 -9.49285e-05
1552.94266308 5.07912210387 0.0162840600498 9.04152699113 141.8 0.007422 0.00079855 0.38273 -2680.17 5368.34 -0.000187843
1651.39342565 5.09395584173 0.0184088462592 8.97422148929 145.64 0.0074965 0.00084485 0.41053 -2479.9 4967.8 -9.20052e-06
1726.23631975 5.09180027978 0.0180890276191 8.4183706464 147.29 0.0068866 0.00077288 0.36911 -2672.21 5352.42 -0.000925924
1529.96634399 5.09206157986 0.0175289814092 8.81810338321 136.73 0.0075222 0.00081714 0.40016 -2480.94 4969.88 -0.000433893
1512.83167432 5.08414699067 0.0174965162261 8.96175625497 139.75 0.0076432 0.00086752 0.42154 -2340.51 4689.02 -0.000127272
1717.65156514 5.0841495362 0.0174687387603 8.16028669398 143.11 0.0068193 0.00075604 0.36462 -2544.21 5096.42 -8.3622e-06
1617.46481974 5.09626259875 0.0183925276523 9.17189812401 146.79 0.008191 0.00086369 0.41404 -2545.24 5098.48 -0.000139787
1444.27623124 5.08962964552 0.0176773687566 8.09797383474 134.61 0.0085078 0.000838 0.41968 -2061.66 4131.32 -7.2866e-05
1585.33996492 5.0886226647 0.0181139514502 8.71099506662 138.34 0.0070722 0.00083283 0.39678 -2444.83 4897.66 -0.000609947
1941.18819831 5.08558457292 0.0191051966605 8.59418985514 161.91 0.0069363 0.00084534 0.38858 -2597.47 5202.94 -1.50094e-06
1492.77727659 5.08956832112 0.0175085131296 9.05039867 136.93 0.0079498 0.00080578 0.40373 -2492.46 4992.92 -0.000140894
1768.54350649 5.07915192195 0.017094561916 8.60015664819 149.94 0.0069323 0.00077456 0.38238 -2682.15 5372.3 -9.36927e-05
1734.13846734 5.08447235717 0.0176549094525 9.06957742445 152.98 0.0069753 0.00080474 0.37712 -2785.66 5579.32 -2.25189e-06
1849.17005306 5.08315886812 0.0182124101293 9.45343488557 161.65 0.0074248 0.00085333 0.40267 -2764.57 5537.14 -1.01402e-05
1852.58908025 5.09546549135 0.0190878805613 7.54540239513 145.43 0.0060736 0.00075763 0.32598 -2574.15 5156.3 -0.00109791
1701.27400823 5.0866592214 0.0178258221548 8.516245685 143.67 0.0066456 0.00077381 0.35627 -2677.36 5362.72 -2.24228e-05
1634.89623047 5.07508832897 0.0173353962035 9.31548248316 150.15 0.0074755 0.00086483 0.41622 -2515.78 5039.56 -2.23208e-05
1371.54161724 5.08951272513 0.0162068500996 8.64371280559 126.62 0.0072127 0.00075744 0.36425 -2590.88 5189.76 -2.81761e-05
1482.66032891 5.10057910173 0.0173235988615 9.13587751816 134.06 0.0077363 0.00078286 0.3956 -2681.89 5371.78 -2.77423e-05
1775.6345737 5.09966751205 0.0185508737178 8.92124570646 146.34 0.0067496 0.00077853 0.36677 -2884.96 5777.92 -4.77768e-05
1803.87700586 5.08570937348 0.0178482517328 9.15130194104 156.1 0.0072172 0.00084054 0.39846 -2747.5 5503 -0.000236812
1710.93290362 5.09446502159 0.0193900398809 7.93441126174 144.37 0.0068775 0.00086715 0.37279 -2336.97 4681.94 -4.78321e-06
1866.0751825 5.09083995093 0.0185938855203 9.05109476127 153.22 0.0066973 0.00079883 0.36307 -2920.61 5849.22 -8.06956e-06
1659.53490216 5.07514534295 0.0168576925993 8.97091397988 148.09 0.0071239 0.00079619 0.39303 -2594.08 5196.16 -1.6408e-05
1645.46867237 5.10162181965 0.0183346605417 8.98931444197 138.09 0.0073035 0.00078957 0.38893 -2715.66 5439.32 -2.38815e-05
1665.23082155 5.08864427425 0.0174900547722 9.2618257674 152.72 0.0077104 0.00084017 0.40466 -2637.32 5282.64 -0.00179755
1941.18619178 5.08353572132 0.0186489664865 8.61408101719 161.89 0.0075134 0.00083591 0.40649 -2500.77 5009.54 -4.9212e-05
1944.04742571 5.09192192793 0.018522213071 8.58209058963 154.98 0.0064845 0.00077295 0.35732 -2922.53 5853.06 -0.000171855
1747.92346278 5.09385181058 0.018992367902 8.3062780171 150.22 0.0069372 0.0008311 0.37627 -2507.61 5023.22 -8.36295e-05
1569.4111065 5.08232589716 0.016547809431 8.19758969219 137.19 0.0067519 0.00072998 0.34419 -2673.27 5354.54 -5.23894e-05
1699.37723693 5.08786731219 0.0179142803223 8.568232734 144.31 0.006922 0.00080662 0.37845 -2579.71 5167.42 -0.000806148
1619.54734321 5.09341253527 0.0186176175464 8.80279409173 144.1 0.0072853 0.00084085 0.39731 -2509.8 5027.6 -8.2187e-06
1624.86552669 5.08902501496 0.0183228575448 9.08217771712 146.32 0.0077926 0.00085159 0.42011 -2421.47 4850.94 -5.24233e-05
1614.19341985 5.08962098464 0.0176610212819 8.52308703768 134.82 0.0065169 0.00073383 0.35392 -2769.79 5547.58 -1.26783e-05
1787.72153736 5.10459833169 0.0199689437123 9.37106622784 151.72 0.0076368 0.00087898 0.4165 -2622.81 5253.62 -8.52646e-05
1699.78160412 5.09054256026 0.0174286562317 8.96149522262 143.42 0.0070089 0.00075908 0.36774 -2896.11 5800.22 -6.79047e-06
1650.94777809 5.09476829749 0.0186429660798 9.26609037739 148.97 0.0080737 0.0009096 0.43571 -2430.5 4869 -0.000366029
1826.56638356 5.09758066091 0.0183002869264 8.29787727064 148.17 0.0066127 0.00076595 0.34506 -2835.75 5679.5 -7.55232e-05
1679.41029411 5.09015017386 0.0185584232244 8.52900493695 143.9 0.0073414 0.00084397 0.39001 -2413.56 4835.12 -6.40484e-05
1569.08656877 5.09528431258 0.0178121968081 8.93199588304 136.65 0.0068928 0.00077022 0.36228 -2782.29 5572.58 -0.000105972
1760.28067096 5.08879186333 0.0179866992232 8.5674663771 146.37 0.0067521 0.00077644 0.36503 -2704.02 5416.04 -3.352e-05
1565.00276509 5.08921957639 0.0174204288189 8.73474482645 137.13 0.007266 0.00077653 0.3848 -2553.94 5115.88 -2.54913e-05
1770.17456662 5.0917958202 0.0192950554871 8.41001365867 151.7 0.0071438 0.00088097 0.40136 -2324.65 4657.3 -0.000630614
1754.81148079 5.08731636004 0.0189685540577 9.02507892684 151.63 0.0071718 0.00086687 0.39728 -2538.94 5085.88 -0.000274332
1499.18218829 5.08435369575 0.017230699111 8.8072515484 138.7 0.0070216 0.00087155 0.39293 -2409.56 4827.12 -0.000271322
1652.07564899 5.09698270757 0.0183561474741 8.76181281843 143.38 0.0075584 0.00080074 0.39919 -2531.48 5070.96 -0.000137911
1752.89953092 5.10275984929 0.0185995154396 8.82401629265 143.2 0.0065905 0.00077854 0.36284 -2874.02 5756.04 -3.1328e-05
1433.1455635 5.09122556242 0.0171538096544 9.17547452341 133.4 0.0077977 0.00083257 0.41021 -2484.99 4977.98 -3.28788e-05
1505.52710634 5.09326573363 0.0175520282254 8.63796123822 135.42 0.0073581 0.00081366 0.39425 -2432.91 4873.82 -0.00100581
1708.67330155 5.0986183562 0.0183286910481 8.59306575438 141.57 0.0069581 0.00079374 0.3769 -2678.95 5365.9 -3.80111e-05
1681.61386357 5.08091801546 0.0172112787474 8.72309336984 151.17 0.0071072 0.00083965 0.38186 -2566.39 5140.78 -2.32492e-05
1765.70835715 5.08653731798 0.0179819688787 8.80917451513 150.81 0.0070458 0.00081772 0.39019 -2633.62 5275.24 -2.30975e-06
1747.21420693 5.08109586526 0.0176459224507 9.33114383022 154.98 0.0069464 0.00086062 0.40317 -2716.41 5440.82 -3.15684e-05
1684.64393635 5.10075145014 0.0190152269708 8.63908706965 141.08 0.0072545 0.00080213 0.38623 -2545.9 5099.8 -1.70097e-05
1596.22372278 5.06577007943 0.0158189978476 8.8652737128 145.41 0.0069695 0.00081442 0.38966 -2557.44 5122.88 -4.67788e-06
1619.64524454 5.08192279226 0.0178075037028 9.16956470493 146.48 0.0076134 0.00087458 0.42466 -2435.86 4879.72 -6.2815e-06
1631.84085658 5.09856478249 0.0174384254664 8.00353328176 137.34 0.0067489 0.00071207 0.34646 -2719.7 5447.4 -1.6247e-05
1831.62301099 5.08863173442 0.0178577861575 8.66320401919 150.66 0.0067658 0.00075267 0.36584 -2848.55 5705.1 -3.59151e-05
1879.16140622 5.09291665143 0.0192994727098 8.82335370685 152.78 0.0069037 0.00079758 0.38305 -2695.97 5399.94 -2.28811e-05
1837.00125273 5.06550925078 0.0171209023137 8.85084080397 160.98 0.007077 0.00084018 0.39544 -2591.97 5191.94 -0.000135342
1744.92708134 5.08017333498 0.0170925366196 8.14802388515 145.97 0.0064486 0.00072655 0.34313 -2723.66 5455.32 -0.00011999
1946.86521758 5.08671056873 0.0184034843227 9.56535976172 164.89 0.0075401 0.00087051 0.40998 -2857.74 5723.48 -0.000715039
1846.93268281 5.09059292399 0.0187084813391 8.71364227459 153.37 0.0069852 0.00082168 0.38748 -2577.38 5162.76 -0.000471783
1737.55996837 5.08525077334 0.0175717647313 9.45587901621 153.5 0.0079872 0.00081632 0.41764 -2726.91 5461.82 -8.12738e-06
1984.66556527 5.09821378793 0.0192614875653 8.93063661728 156.7 0.0063833 0.00078798 0.35796 -3068.3 6144.6 -6.26221e-05
1668.09312757 5.07893857334 0.0171769919701 8.58618927113 144.18 0.0066654 0.00078474 0.37349 -2624.24 5256.48 -0.000116643
1621.85607279 5.07762674496 0.0172886353971 7.99735747111 139.09 0.0063946 0.00074336 0.35095 -2487.71 4983.42 -0.000206236
1731.2930114 5.08069329609 0.0172046919557 9.26205391951 154.16 0.0079365 0.0007981 0.41703 -2651.4 5310.8 -9.58481e-06
1614.02367108 5.07491260956 0.0173480353844 8.9010506903 151.37 0.0074286 0.0008798 0.40541 -2442.64 4893.28 -5.02569e-05
1977.33123799 5.09006969324 0.0192968417551 9.32347859405 164.83 0.0072089 0.00085816 0.40513 -2772.27 5552.54 -0.000190837
1652.40616343 5.10437704028 0.0203138826093 8.93755432686 144.5 0.0079532 0.00096952 0.43673 -2197.07 4402.14 -4.96881e-05
1600.94231997 5.08697837575 0.0175010158656 9.43832370275 142.67 0.007635 0.00082424 0.41262 -2633 5274 -7.65854e-05
1764.38631107 5.07532838258 0.0173019049726 8.51118208413 150.41 0.006741 0.00077646 0.3718 -2633.34 5274.68 -4.8049e-05
1757.47196298 5.09548910893 0.0182174204765 8.36150680438 146.04 0.0070418 0.00077341 0.36944 -2613.04 5234.08 -4.06394e-05
1891.56209019 5.09454449699 0.0198680915667 8.74771189462 158.54 0.0077548 0.00088926 0.426 -2385.51 4779.02 -2.0735e-05
1586.71561285 5.09256980874 0.0178773048509 9.17054784665 142.46 0.0075096 0.00084312 0.40386 -2594.63 5197.26 -0.000998397
1854.94922287 5.075368022 0.0179064595683 8.42798564426 156.09 0.006694 0.00080296 0.3642 -2597.68 5203.36 -2.87196e-05
1829.9421825 5.08881857446 0.0184818102805 9.61691606716 156.03 0.0072736 0.00087317 0.40943 -2794.83 5597.66 -2.32948e-05
1956.93941159 5.08259378797 0.0181277799738 9.11899976682 162.25 0.0070211 0.00081931 0.38859 -2867.05 5742.1 -5.94847e-07
2022.2473998 5.10215236577 0.0199622215194 8.1129854858 155.74 0.0063195 0.00077517 0.3541 -2757.39 5522.78 -0.00149675
1723.4654116 5.08284066848 0.0178583049544 8.92348829666 151.34 0.0076531 0.00081945 0.41347 -2499.98 5007.96 -4.65421e-06
1653.53615323 5.09227236874 0.0182703320223 8.74911628042 144.46 0.0070446 0.00082686 0.38534 -2543.76 5095.52 -4.65829e-06
1584.02913729 5.08787077218 0.0178679535243 8.66556499731 140.18 0.0066636 0.00080168 0.37339 -2566.82 5141.64 -0.00112793
1358.98665497 5.07936564102 0.0154900240575 8.21943506014 124.4 0.0071188 0.00069066 0.35853 -2490.71 4989.42 -0.00015202
1778.91103732 5.08025142141 0.0180481878932 8.05200894166 148.65 0.0069031 0.0007816 0.37075 -2421.01 4850.02 -3.0056e-05
2017.61906698 5.09401546413 0.020749336902 9.05991941782 168.1 0.0075517 0.00092461 0.43296 -2512.88 5033.76 -0.000487809
1787.15492316 5.08615579936 0.0181051923134 7.98287521129 145.99 0.0062838 0.00073788 0.35057 -2619.37 5246.74 -1.55137e-05
1693.12647674 5.09515714212 0.018154393695 8.6067524086 143.12 0.0072199 0.00080151 0.3818 -2651.21 5310.42 -8.18647e-05
1541.51120683 5.09367515467 0.0177097882648 9.2785058051 139.19 0.0078135 0.00089236 0.4167 -2527.61 5063.22 -2.74524e-05
1394.70645982 5.07863579663 0.0161670106328 8.61829792101 134.35 0.0076721 0.00082696 0.39727 -2309 4626 -6.11166e-05
1617.25629156 5.09158934607 0.0169643740127 8.60203317807 139.41 0.0074607 0.00074191 0.37745 -2710.1 5428.2 -0.000334156
1645.54664304 5.08022377152 0.0175548782234 8.44283695713 145.2 0.0073485 0.00081619 0.39272 -2379.74 4767.48 -5.87297e-05
1570.58189393 5.07157258574 0.0160209132138 8.90242412243 149.1 0.0071349 0.00079415 0.37493 -2662.5 5333 -9.98268e-05
1678.74872716 5.08176049956 0.0173736667304 8.90152561243 151.28 0.007349 0.00083629 0.39 -2629.74 5267.48 -5.25348e-06
1914.99675874 5.09422874807 0.0188837454081 8.69051467109 152.73 0.0065019 0.00078903 0.35901 -2877.49 5762.98 -4.31156e-05
1467.40011627 5.09519046746 0.0176213615261 8.44988841437 131.69 0.0072603 0.00081185 0.4007 -2338.01 4684.02 -7.06079e-05
1471.57343352 5.09103474996 0.0171959942256 8.85620334941 130.98 0.0071469 0.00076583 0.38359 -2596.98 5201.96 -1.54701e-06
1822.74197425 5.07902693568 0.0175036653651 9.56309526291 162.63 0.0079289 0.00086547 0.4225 -2726.48 5460.96 -8.19903e-06
1873.78526821 5.09570511285 0.0186358156371 8.86622814523 151.41 0.0068305 0.00078061 0.36967 -2886.56 5781.12 -2.86695e-05
1768.50774453 5.07247768427 0.0170691506601 9.17957779279 156.38 0.0068715 0.00083208 0.38797 -2760.97 5529.94 -5.16609e-06
1780.1734874 5.08687530994 0.0181297376142 9.3123772351 153.78 0.0071407 0.0008353 0.40307 -2721.34 5450.68 -0.000131371
1436.95718947 5.09333173307 0.0178172876593 8.56608995988 129.85 0.007239 0.00083299 0.38603 -2391.58 4791.16 -2.18813e-05
1694.93622157 5.09692356665 0.0183534025303 8.2759487982 144.01 0.0069158 0.00078816 0.37305 -2576.79 5161.58 -2.81124e-05
1671.05428588 5.09184454603 0.0192773809127 9.35781031514 152.26 0.008551 0.00097624 0.45794 -2298.78 4605.56 -2.91917e-05
1682.24787308 5.09761339641 0.0188855273139 9.36444880489 147.04 0.0075609 0.00090138 0.41328 -2613.66 5235.32 -0.000601312
1823.89970865 5.09306254603 0.0196704415019 7.84697812394 151.39 0.0070653 0.00086288 0.39936 -2227.6 4463.2 -4.07684e-05
1520.3375337 5.0916914024 0.0179732520722 9.56102949338 140.33 0.0085075 0.00087665 0.45114 -2418.85 4845.7 -1.43516e-05
1745.04511424 5.08918812985 0.018494799667 8.8378809761 152.7 0.0071935 0.00085383 0.38882 -2579.02 5166.04 -2.10354e-05
1721.99269867 5.09939830688 0.018706468122 8.642662419 141.84 0.0069517 0.00081121 0.37705 -2637.96 5283.92 -0.000277956
1330.70045241 5.10430215614 0.018104019925 9.06457750721 126.53 0.007575 0.00086629 0.40757 -2408.81 4825.62 -0.000103025
1546.88634233 5.08398548478 0.0170493006646 8.93078979168 144.02 0.0079762 0.00083382 0.40796 -2461.81 4931.62 -0.000623168
1504.39628052 5.08134386822 0.0166382305954 8.25982138278 136.07 0.0072671 0.00076696 0.3802 -2386.26 4780.52 -0.000201335
1701.36727513 5.09014874494 0.0180179017912 8.42893215334 143.52 0.0071076 0.0008411 0.38964 -2489.25 4986.5 -3.23272e-05
1750.9509948 5.07904838784 0.0177967336047 8.8138117833 151.55 0.0071295 0.00083811 0.39814 -2522.59 5053.18 -2.79736e-05
1843.72721664 5.0751544579 0.0176300004822 9.39687419051 160.59 0.0075127 0.00084157 0.41397 -2722.05 5452.1 -2.76109e-05
1424.19458618 5.10715189558 0.0186361579043 8.52489823983 128.43 0.0076146 0.00082188 0.39372 -2307 4622 -3.80224e-06
1655.54387178 5.0904820465 0.0173767791858 8.67719374797 140.18 0.0068255 0.00076713 0.37314 -2720.28 5448.56 -8.71116e-05
1809.51827793 5.08907783794 0.0191211527817 9.10727612747 152.46 0.0073946 0.00086992 0.40114 -2623.05 5254.1 -2.05535e-05
1759.95588102 5.09029629275 0.0177107835134 8.7239577466 149.44 0.0068353 0.00078647 0.36991 -2744.96 5497.92 -0.000666527
1756.20103367 5.09859294173 0.0187467893256 8.53484595314 144.2 0.0068429 0.00081141 0.36957 -2656.86 5321.72 -2.4657e-06
1675.73925209 5.07594626917 0.0168821189983 8.67487503824 145.26 0.0066528 0.00077886 0.36426 -2664.46 5336.92 -0.00114133
1741.93368406 5.08450828766 0.0176636023302 8.29359058616 148.92 0.0072995 0.00077731 0.38446 -2493.45 4994.9 -1.08541e-05
1554.53314406 5.08366353163 0.0174904473604 8.80019179873 139.98 0.0073279 0.00082953 0.41199 -2398.7 4805.4 -5.25748e-06
1643.3181424 5.0942925837 0.0180332333968 8.80598710271 143.86 0.0076538 0.00083422 0.39851 -2525.44 5058.88 -5.00617e-06
1741.14200271 5.09187910219 0.0183239190213 8.70924669794 148.29 0.0072332 0.00083182 0.3827 -2596.66 5201.32 -0.000109278
1596.30560548 5.09727437749 0.0177982720938 8.4940270265 137.81 0.007412 0.00078022 0.38086 -2518.68 5045.36 -4.54444e-05
1849.1816783 5.0889872597 0.017820399589 8.47941665901 150.45 0.0065771 0.00076696 0.35842 -2857.48 5722.96 -0.000138689
1793.76457164 5.08047725222 0.0189930676191 8.87041753409 162.42 0.0078889 0.00097642 0.44714 -2221.73 4451.46 -0.000384819
1759.19244854 5.09554213152 0.0183697559984 9.365654003 149.73 0.0071672 0.00085048 0.399 -2806.84 5621.68 -7.0304e-06
1598.59263801 5.09484870117 0.0179137232637 9.42616545859 144.86 0.0077057 0.00087002 0.42134 -2597.44 5202.88 -4.18288e-05
1838.02241501 5.08254272929 0.0187336103528 8.93350529976 156.6 0.0069566 0.00084786 0.38588 -2623.37 5254.74 -9.02213e-06
1703.1054338 5.08242567469 0.0190178114191 8.88432741104 151.11 0.0079795 0.00091993 0.43507 -2211.12 4430.24 -5.41952e-05
1724.84146319 5.07605459257 0.0164079367513 8.70534794018 148.98 0.0066075 0.00074658 0.36076 -2867.95 5743.9 -0.000646938
1542.42408303 5.08797828238 0.0175473300871 8.50401810088 137.6 0.0074145 0.00083294 0.39361 -2401.15 4810.3 -0.000554129
1630.40188417 5.09024039072 0.018266633734 9.29765972125 142.79 0.0074249 0.00086991 0.4109 -2553.21 5114.42 -9.02774e-06
1452.6127452 5.08849622222 0.0173750390417 9.11685866806 137.17 0.0078571 0.00085428 0.41144 -2437.69 4883.38 -8.83796e-05
1658.90358602 5.09412611763 0.0175210727864 8.53893587881 139.49 0.0067492 0.00078017 0.35955 -2711.11 5430.22 -9.72755e-06
1695.12299228 5.08231306074 0.0178954928424 8.2200328731 143.2 0.0065305 0.00081166 0.36161 -2548.99 5105.98 -0.00013992
1662.98263304 5.08521574838 0.0184329722716 8.88420365167 148.45 0.0073874 0.00088731 0.4151 -2420.73 4849.46 -5.34811e-05
1676.95113364 5.08953711009 0.0185834567688 8.3252375658 145.11 0.0073263 0.00081193 0.38126 -2422.24 4852.48 -2.26016e-05
1699.82410793 5.08887720024 0.0184280395297 8.97210253908 152.79 0.008127 0.0008319 0.42095 -2435.86 4879.72 -7.9959e-05
1631.34481229 5.10786773154 0.0190249961088 9.18032995505 140.45 0.0081754 0.00085371 0.40731 -2557.51 5123.02 -1.77281e-05
1911.3486896 5.09205706218 0.0183025142484 8.96857686466 156.18 0.0064862 0.00077306 0.35556 -3043.68 6095.36 -9.59706e-05
1615.16748407 5.09244030108 0.0185162115067 9.30191432897 144.68 0.0080895 0.00088624 0.42856 -2425.29 4858.58 -8.44702e-05
1724.73232916 5.08748835046 0.0172951383306 8.91997588268 147.17 0.0070142 0.00079328 0.37568 -2813.24 5634.48 -5.10553e-05
1774.65132248 5.11109734967 0.0198989524964 8.82823626357 144.86 0.0069474 0.00082426 0.39129 -2673.03 5354.06 -7.00667e-05
1494.34539002 5.08730592775 0.0173472440838 8.60953521304 133.05 0.0071598 0.00081262 0.3926 -2390.71 4789.42 -4.18091e-07
1588.01722159 5.09013451372 0.018427804171 9.01907349979 144.21 0.007459 0.00088497 0.41854 -2386.96 4781.92 -8.96212e-06
1643.00644617 5.08409992203 0.0169720755957 9.3653253274 147.42 0.0081762 0.00083248 0.43614 -2595.1 5198.2 -2.78119e-05
1342.33132312 5.07685411279 0.0168397942683 9.86328729195 139.42 0.0088461 0.00094666 0.48611 -2221.45 4450.9 -6.7339e-05
1544.97160573 5.0792049791 0.0165541896883 8.72509119875 139.49 0.0073734 0.00079423 0.38688 -2573.22 5154.44 -2.41342e-05
1575.74413013 5.08891805246 0.0175506002834 8.8973211133 138.06 0.0071527 0.00079764 0.38287 -2582.76 5173.52 -0.000705753
1778.97323224 5.08369379217 0.0185700073928 8.04900917412 150.06 0.0066364 0.00082871 0.3686 -2418.42 4844.84 -2.16783e-05
1645.36852661 5.09092060378 0.0174342919065 8.91048537465 142.54 0.0073009 0.0007731 0.38671 -2706.69 5421.38 -4.89812e-05
1840.60042256 5.0975965439 0.0197475519718 8.27334572781 150.49 0.0065497 0.00084462 0.36281 -2561.67 5131.34 -2.53182e-05
1560.78240588 5.08438213618 0.016894422278 9.17576543964 142.36 0.0077772 0.00082274 0.40426 -2588.02 5184.04 -2.07236e-05
1661.03378895 5.09348097331 0.018168886815 8.94264640681 143.22 0.0076447 0.00084808 0.40946 -2503.86 5015.72 -0.000126015
1698.11915651 5.07572323745 0.0171251321831 8.48349946986 151.29 0.0068002 0.00083076 0.3786 -2493.09 4994.18 -1.29556e-05
1668.72251423 5.08520843306 0.0175016243692 8.7377422646 154.06 0.0086422 0.00079665 0.39743 -2529 5066 -0.000164526
1572.11384729 5.09201321111 0.0179399792958 8.28418465956 136.34 0.0066969 0.0007821 0.36258 -2480.54 4969.08 -9.719e-06
1482.31918928 5.09915581931 0.0183463552463 9.01848216306 135.81 0.0076513 0.00086393 0.41508 -2395.83 4799.66 -1.01928e-05
1818.40358569 5.07619172781 0.0178077460338 8.94197350914 159.7 0.0072453 0.00085124 0.40491 -2555.67 5119.34 -0.000187526
1773.9234607 5.09372119736 0.0195075629091 8.65843624457 152.81 0.0077758 0.00089845 0.41442 -2353.56 4715.12 -1.20069e-05
1849.1761381 5.09060971721 0.0192199177905 9.21360431251 157.48 0.0073864 0.00087435 0.41642 -2605.47 5218.94 -9.35009e-06
1512.36180867 5.08725414841 0.0171654496015 8.24449723716 136.7 0.0072278 0.00075517 0.36284 -2504.73 5017.46 -6.53007e-05
1513.61240309 5.07442523905 0.016055472704 9.05018968358 143.25 0.0074124 0.00080567 0.39123 -2623.71 5255.42 -5.64747e-05
1630.79976509 5.09890277698 0.0187951407662 9.34747950347 145.95 0.0079412 0.00089652 0.42781 -2494.28 4996.56 -6.9351e-05
1670.1717203 5.09168917901 0.0182932973464 8.8574408696 143.16 0.0068701 0.00083057 0.37852 -2661.85 5331.7 -0.00143821
1725.13765194 5.07816814585 0.0164797243285 8.76240322212 148.42 0.0069643 0.00072836 0.37277 -2809.84 5627.68 -7.49536e-06
1380.92341588 5.09034470775 0.0173289544238 8.80310275437 128.97 0.0074388 0.00083302 0.40153 -2350.7 4709.4 -8.60643e-05
1571.08988334 5.09706745651 0.0177846149038 8.44454749029 132.24 0.0067952 0.00073101 0.35319 -2684.64 5377.28 -4.94874e-06
1707.91141949 5.07844186137 0.0173442391342 8.76333564949 152.82 0.0075913 0.00083041 0.39606 -2506.47 5020.94 -9.59317e-05
1973.28840096 5.10230479347 0.0199811091673 8.78826781502 156.08 0.0070235 0.00083546 0.38707 -2681.03 5370.06 -6.19133e-06
1787.46542886 5.10209506698 0.0194335460346 8.805342544 145.59 0.0067735 0.00082472 0.37429 -2728.26 5464.52 -1.42424e-05
1534.43194741 5.09535316615 0.0176977418972 8.89840804865 138.11 0.007406 0.00082754 0.40183 -2514.8 5037.6 -2.31923e-05
1733.87042398 5.09861564418 0.0191928429114 8.6589571002 145.59 0.0073609 0.0008383 0.39425 -2488.61 4985.22 -0.000610399
1652.47997178 5.09837888584 0.0175689242859 7.99422550369 135.63 0.006652 0.00069715 0.34521 -2707.65 5423.3 -3.31339e-05
1643.64243597 5.08420943322 0.0175782041898 8.650076811 146.1 0.0074713 0.00083109 0.40439 -2416.73 4841.46 -1.77763e-05
1499.75364052 5.0917009092 0.0175461874917 8.83183699545 136.83 0.0071435 0.00082881 0.39017 -2537.67 5083.34 -5.73222e-05
1982.90407978 5.0894084359 0.0186882928414 8.78318878762 157.48 0.006536 0.00078369 0.35763 -2960.5 5929 -3.1225e-05
1334.38764324 5.07942982693 0.0154249504043 8.155436224 124.35 0.0069202 0.00073069 0.3481 -2520.57 5049.14 -2.34387e-05
1656.26367708 5.07842883585 0.0176868775651 9.17798988729 152.57 0.0074166 0.0009093 0.40638 -2470.74 4949.48 -0.00272223
1621.11781143 5.08150225618 0.0176539898695 8.86895294729 145.39 0.0078594 0.00081926 0.40943 -2402.33 4812.66 -1.52983e-05
1828.17907615 5.08548436781 0.0178809070871 8.46929515229 149.66 0.0064543 0.00075947 0.3431 -2878.23 5764.46 -1.09571e-05
1683.09950872 5.08967284624 0.0173939141195 9.04974070995 144.75 0.0070632 0.00077288 0.3847 -2805.54 5619.08 -0.000116452
1766.2416215 5.09247150584 0.0178285351141 8.90670887802 147.01 0.0068023 0.00079415 0.35604 -2954.38 5916.76 -2.6456e-05
1712.93667754 5.09065430929 0.0192889696902 8.99606899599 149.01 0.0073166 0.00090757 0.40867 -2438.08 4884.16 -3.97666e-05
1684.19085768 5.09035257821 0.0171563978937 8.26857274618 140.96 0.006802 0.00073298 0.34684 -2795.56 5599.12 -1.61162e-05
1760.96015669 5.07975400102 0.0172324526183 8.51261079317 152.37 0.0070833 0.00075227 0.35989 -2737.23 5482.46 -0.000176449
1558.01390486 5.09693100513 0.0177476687074 9.0918587419 135.84 0.0077027 0.00079143 0.39982 -2627.45 5262.9 -5.68949e-05
2016.84466634 5.08657961456 0.0190262164196 9.04141328851 162.5 0.0067635 0.00082376 0.38174 -2867.38 5742.76 -0.000342448
1704.08224247 5.0777705217 0.0185430574319 9.06611426607 153.93 0.0078583 0.00093642 0.42596 -2319.88 4647.76 -4.72933e-05
1848.02652047 5.08223389721 0.0190862920229 9.46245286199 165.44 0.0078381 0.00091932 0.43928 -2488.97 4985.94 -2.19452e-05
1553.47452605 5.08734095072 0.0175695892375 8.70665884042 137.46 0.0069627 0.00082329 0.37456 -2560.58 5129.16 -2.52645e-05
1691.18087225 5.08284269235 0.0183736687921 8.52224104561 152.32 0.0082238 0.00092575 0.43932 -2152.96 4313.92 -2.02793e-06
1691.42204855 5.08030029969 0.0184186008189 9.36212959914 156.54 0.0081871 0.00092834 0.44498 -2338.27 4684.54 -7.42739e-05
1895.94914827 5.08715670413 0.0185876988238 9.46560537323 163.75 0.0076828 0.00083187 0.40689 -2806.05 5620.1 -0.000449187
1645.82863866 5.09445609883 0.018084102787 8.61456464069 137.24 0.0063058 0.0007663 0.35332 -2754.3 5516.6 -9.78717e-05
1843.70396857 5.0848756902 0.0179733334917 8.97736827498 155.82 0.0070783 0.00079965 0.38262 -2783.07 5574.14 -0.00088882
1569.8724378 5.08959751992 0.0188308095546 8.97836606071 143.02 0.0080105 0.00086779 0.42625 -2280.07 4568.14 -4.04311e-06
1608.38903578 5.08801573787 0.0177260503125 9.00337393574 143.4 0.0075257 0.00083584 0.40037 -2513.9 5035.8 -0.00047584
1773.01368329 5.08949104432 0.0184068297355 9.32583369604 155.52 0.0077461 0.00088863 0.42793 -2551.31 5110.62 -3.21198e-06
1631.5848424 5.07709660234 0.0167640252661 8.90498138304 144.81 0.0072479 0.00079039 0.3879 -2591.2 5190.4 -8.95513e-06
1662.19898089 5.0944854685 0.0176609352712 8.8746126112 143.55 0.0069924 0.00079344 0.37973 -2733.44 5474.88 -0.000137064
1746.96734719 5.09969586163 0.0186927164617 8.6413525015 142.13 0.0069445 0.00079929 0.37668 -2673.53 5355.06 -2.96831e-06
1629.23046305 5.07929038022 0.0173531388314 9.40385258895 145.4 0.0078359 0.00083834 0.41887 -2559.27 5126.54 -4.38287e-06
1781.86754317 5.0787869261 0.0186886654836 9.028780134 157.76 0.0080264 0.00090566 0.43405 -2326.01 4660.02 -9.08583e-05
1671.43327618 5.09983020947 0.0192585693636 8.63421551838 141.7 0.0075065 0.0008764 0.3943 -2436.61 4881.22 -2.57661e-05
1594.82244723 5.07078861579 0.0165278157056 8.75012067666 148.43 0.0076643 0.00086173 0.41657 -2365.52 4739.04 -8.45219e-06
1625.18039772 5.07798884599 0.0172785783299 8.70980188508 145.9 0.0074455 0.00085716 0.40078 -2406.96 4821.92 -3.32412e-06
1665.28117142 5.09459652939 0.0180600284169 9.04788099561 143.68 0.0077412 0.00086073 0.41919 -2518.01 5044.02 -9.70996e-05
1725.46469509 5.09009440923 0.0179732008909 8.4219327102 145.2 0.0069456 0.00079327 0.38078 -2546.13 5100.26 -0.00114329
1830.29686276 5.08115619816 0.0188990275519 8.63842306539 158.44 0.0077491 0.00087743 0.41698 -2318.25 4644.5 -3.21554e-05
1677.76547843 5.08039177901 0.0177566974758 8.59982910618 147.64 0.0070142 0.00082842 0.39129 -2456.8 4921.6 -9.92115e-06
1629.71170872 5.09993573646 0.018515602136 8.30301365861 137.16 0.0069643 0.00078477 0.36154 -2569.95 5147.9 -3.35326e-05
1588.55525523 5.09020425322 0.0174964132563 9.06960629217 141.72 0.0073397 0.00078498 0.38914 -2715.6 5439.2 -4.94337e-05
2109.29989158 5.08692741291 0.0202524880903 9.64752501507 176.91 0.0079494 0.00094674 0.44765 -2621.32 5250.64 -2.04795e-05
1863.18868195 5.09320914861 0.0195177005458 8.88750595572 158.54 0.0075278 0.0008637 0.41503 -2543.18 5094.36 -2.52844e-05
1470.48191772 5.07731295063 0.016724069806 9.24055593919 141.39 0.0076276 0.0008737 0.42138 -2405.42 4818.84 -7.78565e-05
1507.52373088 5.08748535533 0.0173719533937 8.5322528117 135.72 0.0074236 0.00078446 0.38456 -2435.41 4878.82 -1.05176e-05
1778.38537587 5.09222442825 0.0175745265034 9.31539755595 145.47 0.0066246 0.00075866 0.37374 -3071 6150 -3.05003e-05
1618.05666822 5.07625991924 0.0160743452721 8.86558878853 140.72 0.0071306 0.00073318 0.36857 -2834.39 5676.78 -0.000140082
1649.43312644 5.06942436338 0.0169394375773 8.70906083374 149.91 0.006833 0.0008377 0.39088 -2485.65 4979.3 -0.000199327
1707.34398411 5.07901419009 0.0167189298857 9.61340750274 153.41 0.0073886 0.00082963 0.39633 -2893.26 5794.52 -0.000115644
1657.96384805 5.08820490743 0.0184436779363 9.0485761083 146.5 0.0072414 0.0008582 0.40076 -2521.6 5051.2 -8.10971e-06
1876.96977225 5.09519596212 0.0183866846614 8.43047721797 146.83 0.0064393 0.00073182 0.34954 -2900.65 5809.3 -6.34635e-05
1815.19936125 5.08032589086 0.0190111012425 9.22965581942 164.22 0.0079668 0.00097446 0.45571 -2310.8 4629.6 -4.66411e-05
1826.03249984 5.09100656 0.0181626780159 9.08945872847 151.38 0.0070838 0.00076399 0.37807 -2906.33 5820.66 -4.71958e-05
1673.17346733 5.08638883855 0.0184638319891 9.23323999121 150.15 0.0074837 0.00092172 0.4156 -2491.92 4991.84 -0.000392365
1415.24410257 5.09219948005 0.0172139643283 9.26257455983 131.94 0.0077999 0.00082711 0.40515 -2515.63 5039.26 -6.59222e-05
1813.38231477 5.09418747761 0.018283610231 8.41184902845 148.42 0.0068013 0.00073366 0.35494 -2845.02 5698.04 -5.46324e-05
1665.79283154 5.0953618968 0.0182207090435 9.17909668667 145.85 0.0077393 0.00082512 0.41281 -2621.67 5251.34 -3.84447e-05
1720.44764833 5.10427476983 0.0199509083354 8.49334481802 145.01 0.0069868 0.00084645 0.39416 -2432.48 4872.96 -8.29137e-05
1954.38863526 5.07644775889 0.0176129825521 9.01293307118 165.07 0.0074207 0.00079232 0.40061 -2799.63 5607.26 -0.000150847
1452.45250913 5.08724892626 0.0172974797521 8.99692749911 134.39 0.007473 0.00082778 0.39397 -2506.04 5020.08 -1.67561e-06
1566.94981217 5.08126294815 0.0178000703496 9.26089267359 146.29 0.0080475 0.00092662 0.43748 -2359.97 4727.94 -0.000341789
1889.62493483 5.09403639533 0.0198838031672 8.49233935753 155.08 0.0064312 0.00086305 0.36868 -2621.61 5251.22 -9.35309e-05
1517.60258189 5.0994253931 0.0173774385483 7.93955004901 127.06 0.0068415 0.00068721 0.34054 -2614.9 5237.8 -0.000272434
1613.37729363 5.07677121762 0.016413762385 8.43115801344 142.32 0.0065837 0.00074767 0.34931 -2724.47 5456.94 -0.000611838
1509.05101743 5.09433535285 0.0174445086452 9.25030709586 135.86 0.0073004 0.00082781 0.39197 -2652.79 5313.58 -5.88277e-05
1648.67295369 5.08628112461 0.0180613409469 8.50514122422 145.99 0.0073098 0.00081876 0.37984 -2471.03 4950.06 -0.000991132
1572.31919266 5.09855617532 0.0180924207907 8.55173169424 135.59 0.0071899 0.00078986 0.38551 -2501.91 5011.82 -0.00178198
1591.01010921 5.08725867146 0.0175827789781 9.40867857311 144.42 0.0074879 0.00082416 0.39573 -2672.92 5353.84 -2.92956e-05
1704.86757511 5.09988068296 0.0190449162602 9.6225277387 148.5 0.0077157 0.00088044 0.4305 -2591.42 5190.84 -2.16823e-05
1815.72978351 5.09212174391 0.017802661772 8.79236697452 147.99 0.0064426 0.00074844 0.35724 -2957.78 5923.56 -5.65147e-07
1405.27187469 5.09723531548 0.0173659951308 8.33006145093 129.63 0.0076142 0.0007855 0.38033 -2367.11 4742.22 -0.000112144
1524.05580058 5.0816907905 0.0175314061514 9.54577726864 146.36 0.007852 0.00091571 0.44167 -2371.76 4751.52 -0.000275697
1610.435467 5.09159936354 0.017318061707 8.8871342484 139.51 0.0070449 0.00080641 0.38854 -2640.42 5288.84 -3.4997e-05
1516.24758168 5.09101320394 0.0178536484153 9.69292613337 141.5 0.0079708 0.00088811 0.42475 -2544.73 5097.46 -5.54685e-05
1943.92724597 5.0974700506 0.0193551136522 9.28544652101 155.75 0.0071433 0.00083725 0.38978 -2819.19 5646.38 -5.68866e-06
2070.3371833 5.09707170473 0.0202314211029 8.57693219433 160.93 0.0065754 0.00082885 0.36159 -2843.63 5695.26 -0.000121081
1830.86731879 5.08604597151 0.018099572784 8.72999069003 153.37 0.0068537 0.00079043 0.37626 -2727.88 5463.76 -2.62022e-06
1956.1055177 5.0893786525 0.0185135487734 8.66623378117 156.91 0.0065191 0.00076426 0.3617 -2899.7 5807.4 -6.87074e-05
1928.89774787 5.095148212 0.0192882150443 8.53885982744 155.5 0.0071347 0.00082273 0.39118 -2600.95 5209.9 -1.46525e-05
1731.84624428 5.09427685443 0.0194625947183 8.4945253205 150.93 0.0075427 0.00084893 0.41009 -2339.41 4686.82 -9.10879e-05
1718.49062296 5.09494775708 0.0184725500566 8.33766438581 144.08 0.0070551 0.00076722 0.36869 -2601.59 5211.18 -5.10073e-06
1594.48562685 5.07825120414 0.0168030409616 8.97052980152 143.05 0.0075191 0.00080243 0.40387 -2558.33 5124.66 -0.00221539
1606.61173619 5.09422614022 0.0170501520165 8.6004265229 135.18 0.0066237 0.00073753 0.34574 -2850.9 5709.8 -1.60626e-05
1737.51226326 5.09325979993 0.0188565260224 8.26355542365 142.72 0.0064996 0.0008102 0.35888 -2570.38 5148.76 -5.55131e-05
1832.93807101 5.08142711328 0.0172223092173 8.4646419692 150.45 0.0064732 0.00073178 0.34705 -2925.38 5858.76 -4.02354e-05
1615.24554149 5.08666479695 0.0168525284818 9.06604840347 140.95 0.0072214 0.00077162 0.38127 -2799.19 5606.38 -0.000143095
1794.06794343 5.08386278688 0.017706498714 8.14731047357 148.87 0.0070505 0.00076262 0.3701 -2544.33 5096.66 -1.41519e-05
1806.56232127 5.08544649449 0.0179140296349 8.87052027615 149.23 0.0068851 0.00077548 0.37262 -2783.17 5574.34 -5.18152e-06
1604.80889367 5.09597959438 0.0176459706312 8.89130555186 142.11 0.0073105 0.00080219 0.38772 -2682.71 5373.42 -1.54769e-05
1684.05376082 5.08600769961 0.0176507121216 8.83275704962 146.78 0.0074687 0.00080229 0.39309 -2581.11 5170.22 -1.29591e-05
1559.80467884 5.08463452694 0.0172671541363 8.29798201343 136.36 0.0071323 0.00077192 0.37553 -2424.48 4856.96 -7.44119e-05
1885.48582869 5.08767356401 0.0178911697003 9.0455111857 155.45 0.0067777 0.00078705 0.37641 -2902.19 5812.38 -4.01018e-06
1846.51764039 5.07737485386 0.0171197909391 8.43186318681 156.05 0.006763 0.00076319 0.36087 -2738.15 5484.3 -1.03972e-05
1564.37890176 5.08868711341 0.0183431105296 8.39185262946 138.39 0.0074612 0.00085972 0.4044 -2300.53 4609.06 -0.000355814
1526.36935432 5.10199071686 0.018962738719 8.47444410813 136.88 0.007743 0.00083041 0.40528 -2302.27 4612.54 -3.51458e-05
1652.16839675 5.08048375857 0.0164592421937 8.45949429236 138.77 0.0066766 0.00069986 0.34664 -2855.48 5718.96 -0.000385303
1686.2315129 5.08771275546 0.0176516611052 8.5496250134 143.02 0.0072425 0.00077765 0.38926 -2556.62 5121.24 -4.23557e-06
1617.34777272 5.07984338286 0.0191243789144 9.41172012696 159.22 0.0088363 0.0010424 0.48311 -2065.13 4138.26 -0.000225267
1529.82568283 5.09696225969 0.0179750243422 8.64456701058 132.28 0.0072854 0.00078174 0.38602 -2446.71 4901.42 -2.04028e-05
1664.78836228 5.10147318418 0.0184755355428 8.64072211068 140.22 0.0069677 0.00078868 0.37524 -2636.46 5280.92 -1.09926e-05
1536.33192223 5.08964726276 0.0173611982978 9.13518020415 142.52 0.0084267 0.00082933 0.41243 -2488.97 4985.94 -0.000133882
1684.2878285 5.10705849161 0.0190832701761 9.38009599045 144.91 0.0076889 0.00085762 0.41867 -2664.33 5336.66 -0.000127483
1536.38293398 5.08162896534 0.0179251416145 8.61039381484 138.83 0.0071449 0.00086381 0.39097 -2340.52 4689.04 -3.84062e-06
1627.830473 5.10063524807 0.0185217491658 8.6398860334 139.07 0.0067979 0.00080135 0.37166 -2682.68 5373.36 -1.07818e-05
1944.11041462 5.07593778699 0.0173822395953 8.31365633481 160.16 0.0064404 0.0007477 0.35009 -2843.27 5694.54 -0.000413393
1590.7564054 5.09685425194 0.0181771508832 9.0519635172 137.97 0.0071026 0.00080202 0.38826 -2720.49 5448.98 -9.7808e-05
1715.86659788 5.09411890541 0.0187307675561 9.22199896605 151.13 0.0079142 0.00083179 0.41987 -2548.01 5104.02 -2.80518e-05
1508.9289586 5.09039694487 0.0172244205134 9.17907632899 136.47 0.0073541 0.00081729 0.39856 -2624.6 5257.2 -3.93392e-06
1852.09447844 5.09002528673 0.0180411664229 9.4121185694 150.98 0.006801 0.00075693 0.37153 -3102.48 6212.96 -5.25299e-06
1653.29370864 5.07891434391 0.0176175781511 8.77327064636 146.66 0.0069254 0.00083668 0.38034 -2576.07 5160.14 -6.26806e-05
1729.44932947 5.08439196179 0.0184410732547 8.58148460773 154.39 0.0073377 0.00085913 0.39891 -2402.41 4812.82 -7.10469e-06
1649.77886517 5.08389401883 0.0162769754073 8.28950964017 139.95 0.0067244 0.00071471 0.34946 -2726.47 5460.94 -2.0341e-05
1762.90057519 5.08972757197 0.0185311938198 8.6758078849 150.25 0.0073046 0.00081549 0.39875 -2549.52 5107.04 -5.32422e-05
1716.75864174 5.09943994386 0.0187073236109 9.21264756131 148.72 0.0078548 0.00087376 0.41783 -2599.1 5206.2 -0.000647284
1641.68597275 5.09072106804 0.0176386624429 8.79648337947 147.18 0.008324 0.00082587 0.42106 -2395.85 4799.7 -2.71933e-05
1514.18157356 5.09211582231 0.0182174281147 9.66260664641 140.53 0.0080351 0.00090146 0.4574 -2389.37 4786.74 -1.35701e-05
1618.25285379 5.08647569013 0.0166266749349 8.8305320798 142.18 0.0065901 0.00076543 0.35599 -2929.58 5867.16 -3.80407e-05
1835.85093507 5.08304781063 0.0169844874956 8.54504090704 146.69 0.0059474 0.00070573 0.31879 -3187.33 6382.66 -5.96675e-06
1461.30286518 5.08738875866 0.0174577436516 8.55537310427 133.06 0.0070113 0.00078732 0.382 -2454.24 4916.48 -8.71784e-05
1718.16219755 5.0829797669 0.017747501987 8.85074776292 147.9 0.0069713 0.0008208 0.37951 -2645.83 5299.66 -6.46106e-05
1788.15502777 5.08348734514 0.0182187716982 9.4338245553 158.59 0.0075469 0.00089955 0.42899 -2566.18 5140.36 -9.80349e-05
1778.42040402 5.08163798827 0.0172787324798 8.40486024836 149.44 0.0065578 0.00077401 0.35729 -2763.58 5535.16 -1.03938e-05
1787.69116379 5.08626422508 0.0181311259397 9.18397236386 152.79 0.0069101 0.00083307 0.38341 -2784.01 5576.02 -3.55204e-05
1806.71907205 5.08792337326 0.0178005848038 8.68228238536 151.18 0.0067976 0.00075916 0.35709 -2833.07 5674.14 -1.97837e-05
1705.68277639 5.08011747097 0.017037577638 8.29528000378 145.6 0.0068162 0.00074126 0.3596 -2621.86 5251.72 -0.000159097
1605.23159309 5.09657816843 0.0176711853732 9.08450798061 135.28 0.0067104 0.00074933 0.3697 -2932.7 5873.4 -0.000144626
1639.43756889 5.09569410416 0.018711949867 8.97903643811 143.7 0.0072901 0.00083929 0.39994 -2531.98 5071.96 -9.3702e-06
1291.44799154 5.09095391045 0.0163507322731 9.00418641434 124.97 0.0079159 0.00079293 0.39168 -2471.57 4951.14 -1.54401e-05
1616.33136643 5.0690045532 0.0153887622291 8.40215583666 140.76 0.0068204 0.00070721 0.35783 -2758.37 5524.74 -0.000311794
1623.30075151 5.08857907965 0.0176292840264 8.92402315524 142.09 0.0071707 0.00080993 0.38947 -2633.98 5275.96 -1.21257e-05
1633.94021335 5.08732553004 0.0175986757422 8.26846433231 140.13 0.0068762 0.0007892 0.37583 -2472.95 4953.9 -1.1896e-05
1747.67893876 5.09466539039 0.0185224805628 8.38787567151 147.99 0.0066608 0.00080962 0.3569 -2670.44 5348.88 -3.03558e-05
1717.81568748 5.07956824708 0.0184367037251 9.57331628345 157.45 0.0079966 0.00091131 0.43192 -2469.61 4947.22 -5.73977e-05
1682.17146115 5.08589195648 0.0173709962852 9.22428139585 147.62 0.007242 0.00081507 0.3887 -2785.97 5579.94 -9.64632e-05
1809.7703578 5.09044428182 0.0184281092336 8.90550704466 153.35 0.0073212 0.00080879 0.37771 -2728.8 5465.6 -3.27036e-06
1531.12993947 5.0816770294 0.0168233248878 8.77282951667 137.63 0.0070874 0.0007901 0.3883 -2537.06 5082.12 -3.27828e-06
1610.8604122 5.07544290501 0.0164928100711 8.73246525928 142.71 0.0067635 0.00076817 0.36849 -2728.96 5465.92 -1.98501e-05
1691.55264988 5.08635380344 0.0179254553513 8.70811079988 146.6 0.0071497 0.00078475 0.37358 -2614.26 5236.52 -2.32166e-05
1530.99172199 5.0952906669 0.0180909464911 9.38218874256 139.31 0.0084165 0.00086267 0.44365 -2397.52 4803.04 -1.82169e-05
1557.04075628 5.09195334925 0.017897355835 8.4646665186 137.98 0.007227 0.00079056 0.3778 -2496.79 5001.58 -1.78413e-05
1695.92579303 5.08210893649 0.0182567774846 8.29437218239 147.02 0.0070905 0.00084241 0.40022 -2305.18 4618.36 -0.000553747
1813.72111457 5.09497811707 0.0185939794264 8.41325546721 147.83 0.006435 0.000773 0.359 -2739.13 5486.26 -1.40368e-05
1566.24683666 5.08017986994 0.0165393339136 9.1713759333 143.52 0.0077584 0.00080181 0.39234 -2678.28 5364.56 -8.67394e-05
1756.82039925 5.09542897948 0.0187909718763 9.10663887776 147.87 0.0069967 0.00082812 0.3938 -2675.44 5358.88 -1.29134e-05
1717.23792341 5.08548444261 0.0172036418571 9.20448394002 148.93 0.0070867 0.00080255 0.38193 -2851.32 5710.64 -1.41077e-05
1513.49870567 5.08777215205 0.0177553495085 9.0141533955 138.02 0.0074352 0.00087255 0.40692 -2436.7 4881.4 -0.000172699
1388.35765216 5.08757238044 0.0184525347223 8.80414954137 137.14 0.0083574 0.00097971 0.44815 -1960.52 3929.04 -0.000109639
1924.72468564 5.10519654988 0.0207884359722 8.96444573673 155.67 0.0074509 0.00089071 0.41024 -2549.82 5107.64 -6.68517e-05
1545.63917711 5.07790205788 0.0166509954587 8.67871347128 141.38 0.0075187 0.00076774 0.3763 -2554.09 5116.18 -6.47368e-06
2020.4457439 5.07707089032 0.0179173534636 8.63122185357 166.76 0.0070017 0.00079719 0.38212 -2743.7 5495.4 -4.70803e-05
1815.14400269 5.08855041007 0.0173609426775 8.81490975724 150.26 0.006364 0.00076032 0.35825 -3001.11 6010.22 -7.16384e-05
1807.74533043 5.08936372611 0.0178004854033 8.33810508627 147.8 0.0067883 0.00073558 0.34816 -2811.35 5630.7 -3.09575e-05
1528.42996103 5.09746667848 0.0182914715523 9.07409012549 135.64 0.007304 0.00084848 0.39951 -2527.77 5063.54 -0.000599554
1550.40286678 5.0921974954 0.0174269363565 8.80323492813 138.84 0.0076877 0.00081677 0.38836 -2532.95 5073.9 -5.2409e-05
1880.77306387 5.07877220193 0.0178341804212 9.33704697952 161.6 0.0078289 0.00082718 0.40843 -2748.58 5505.16 -1.4572e-05
1457.10866116 5.08558976539 0.0165849885321 9.34688458978 134.38 0.007591 0.00080238 0.40348 -2608.59 5225.18 -6.64589e-05
1548.8473059 5.08913206411 0.018189217909 10.016953218 149.69 0.0086619 0.00096149 0.48261 -2349.66 4707.32 -0.000219188
1865.50714531 5.07938435495 0.0181917717468 8.63886235877 157.12 0.007125 0.00081773 0.38744 -2558.38 5124.76 -0.00144435
1808.0676791 5.07488386951 0.0178188210113 8.97365326676 154.48 0.0070016 0.00085153 0.39612 -2605.62 5219.24 -3.57397e-05
1969.46530059 5.08844821102 0.0189022024073 8.9297129262 159.77 0.0068035 0.00082288 0.38283 -2830.56 5669.12 -7.53523e-05
1608.25439838 5.08425668944 0.0167807231045 9.13459319487 143.17 0.0075236 0.00080462 0.38933 -2708.89 5425.78 -3.66938e-06
1735.3509554 5.09798958134 0.0184159515413 8.69054835788 146.66 0.0075881 0.00080232 0.39018 -2581.39 5170.78 -0.000284506
1565.71066217 5.08982396053 0.0169775486196 9.07256019878 137.91 0.0072656 0.0007927 0.38787 -2714.25 5436.5 -7.58856e-05
1607.1281711 5.08667257713 0.0174494647346 8.58783779963 143.08 0.0079357 0.00077078 0.39458 -2472.59 4953.18 -0.000758191
1809.44450734 5.08178402397 0.018121358288 9.05110200765 161.02 0.007845 0.00085437 0.4212 -2554.89 5117.78 -1.60635e-05
1599.40836066 5.08617914891 0.0172939268453 8.77631037428 139.29 0.0071773 0.0007637 0.37534 -2661.54 5331.08 -9.22855e-07
1837.93805527 5.09348245935 0.0186823373799 8.7065627003 149.98 0.0068198 0.00078081 0.3731 -2756.43 5520.86 -0.000190239
1584.81129436 5.09179418563 0.0173217376832 8.61312011038 141.35 0.0069909 0.00078154 0.37556 -2652.77 5313.54 -8.46094e-06
1539.63014761 5.09486722771 0.0172202251362 8.92762688878 135.33 0.0071112 0.0007814 0.37345 -2761.92 5531.84 -1.6835e-05
1745.43721473 5.0899764052 0.0182433168895 8.50316232752 152.09 0.0070633 0.00082469 0.38607 -2575.46 5158.92 -7.41549e-05
1493.57541824 5.08570349317 0.0177561274673 8.6439138487 138.9 0.0081379 0.00087831 0.42985 -2184.75 4377.5 -0.000467644
1498.29906275 5.0813789157 0.0167667947339 8.3026900409 133.28 0.0073121 0.00077673 0.38619 -2343.23 4694.46 -3.93699e-06
1678.2430869 5.09684774731 0.018049891888 8.71392273376 144.56 0.0074566 0.00080657 0.39057 -2596.09 5200.18 -4.17965e-05
1484.58814284 5.08971401985 0.0167545627937 9.04604830614 131.23 0.0071695 0.0007636 0.37894 -2729.02 5466.04 -3.78289e-05
1391.66803378 5.07905875014 0.016363605491 8.9486343129 134.05 0.0076411 0.00085779 0.40741 -2327.34 4662.68 -6.98609e-06
1668.77117859 5.08705549385 0.0174350304342 9.09254456503 146.69 0.0071741 0.00080634 0.38626 -2742.65 5493.3 -0.000213682
1804.62621337 5.0927093367 0.018613123229 9.28986714273 153.95 0.0073384 0.00081634 0.40288 -2745.63 5499.26 -1.44782e-05
1612.83898266 5.0966945808 0.0172678793231 9.50736970743 139.35 0.0069911 0.00079456 0.39076 -2951.79 5911.58 -0.00181479
1500.6548125 5.09525705883 0.0175194994126 9.20869137726 135.22 0.0079209 0.00082432 0.41771 -2503.24 5014.48 -9.37638e-05
1613.42970404 5.0955733596 0.0180276969333 9.33865912481 142.31 0.0073401 0.00083421 0.39573 -2714.21 5436.42 -1.18323e-05
1727.85867541 5.08764287282 0.0177264724886 8.64743598461 148.02 0.0072009 0.00079729 0.38211 -2633.94 5275.88 -0.000181638
1603.37133779 5.08716402572 0.0172755943689 9.30378542783 142.98 0.0071948 0.00080525 0.38773 -2771.64 5551.28 -3.54596e-05
1603.1102468 5.07625649656 0.0162762793149 9.62238422133 151.01 0.0081424 0.00086204 0.4331 -2604.24 5216.48 -0.000109437
1860.86977314 5.09170695691 0.0187024678459 8.90320222555 155.09 0.0072617 0.00080449 0.39421 -2700.14 5408.28 -5.98975e-06
1618.29944441 5.09395567667 0.0179038096708 8.85699285367 139.76 0.0076582 0.00079122 0.38744 -2628.43 5264.86 -4.08253e-05
1919.975987 5.08767539307 0.0185484884402 8.63375983308 154.72 0.0063925 0.00079052 0.36202 -2851.74 5711.48 -9.79573e-06
1849.91658135 5.09652336845 0.0184218092605 8.94839781105 151.63 0.0068423 0.00078294 0.37724 -2851.23 5710.46 -2.45737e-05
1580.06586185 5.08715058302 0.0175457483115 8.47059418517 138.89 0.0073557 0.00080964 0.3884 -2412.45 4832.9 -9.53947e-05
1697.88497939 5.09892889983 0.0191932968275 9.22481593608 148.29 0.0076888 0.00092107 0.42007 -2538.94 5085.88 -0.000354125
1541.7321139 5.0880255665 0.0169583895943 9.01944094963 139.28 0.007582 0.00078502 0.39736 -2609.68 5227.36 -2.21447e-05
1825.21729112 5.08309803317 0.0178449660547 8.67883064003 151.87 0.0063218 0.00077084 0.36628 -2776.19 5560.38 -0.000419909
1540.30797936 5.09516393863 0.0185415957146 8.98226374739 135.11 0.0075027 0.00085371 0.41498 -2405.82 4819.64 -0.000122494
