"D" "ssb0" "ssb1" "sigmass" "sigmatoa" "logLik" "AIC" "maxgrad"
1800.10643584 5.09126698283 -0.0185448810049 8.84683315605 0.00195520750146 -1099.65 2209.3 -1.15214e-05
1661.57100126 5.08167298896 -0.0175808564849 8.97123516498 0.00185958961563 -1108.31 2226.62 -0.000922092
1491.16678721 5.08100345114 -0.0172552629304 8.62416065119 0.00190765264696 -938.781 1887.562 -3.7657e-06
1702.66585946 5.08802754404 -0.017738667526 8.55699151884 0.00189366820003 -1066.81 2143.62 -1.85075e-06
1665.21819335 5.08017277521 -0.0169125458978 9.03558082915 0.00173516546131 -1120.98 2251.96 -5.25868e-05
1642.61187231 5.07801027207 -0.0170077688792 8.27905806366 0.00186464733654 -964.64 1939.28 -5.46846e-06
1609.84554487 5.08603759526 -0.0183871284246 9.40494668631 0.00183864702907 -1043.05 2096.1 -0.000242979
1478.42884002 5.08247818113 -0.0167319038496 8.75669579066 0.00172654807118 -966.435 1942.87 -7.51419e-05
1482.94057287 5.09287545102 -0.0178334177173 9.49211144483 0.0017506955774 -1033.75 2077.5 -1.51579e-05
1846.67792616 5.08506437174 -0.0177061881116 8.93945745202 0.00191196221078 -1188.73 2387.46 -1.26227e-05
1745.72646253 5.09085902858 -0.0180638125547 9.43900575412 0.00192354283057 -1143.65 2297.3 -0.00189335
1652.83230826 5.09071361546 -0.0179921270181 9.41686061627 0.00176886081338 -1141.9 2293.8 -3.65103e-05
1545.81051618 5.0840996218 -0.0176465214838 8.9910021038 0.00196430552935 -983.482 1976.964 -0.000424532
1670.2615605 5.08529994299 -0.0179072152433 8.92453798693 0.00194394811914 -1096.9 2203.8 -0.000830495
1631.35429605 5.08941584791 -0.0178386889489 9.03235616129 0.00195681721382 -1102.29 2214.58 -1.44043e-05
1910.83140265 5.06813314364 -0.0170199733255 9.34854262634 0.0018881700814 -1263.63 2537.26 -1.2654e-05
1497.27367718 5.10907518634 -0.0194052252637 9.1445929199 0.00196952258391 -996.686 2003.372 -0.000443128
1771.46435521 5.07998173233 -0.0168933882017 8.79441486272 0.00192338443505 -1163.59 2337.18 -0.00150901
1526.2113797 5.09110827419 -0.0181627421752 8.8429160208 0.00185693562749 -991.86 1993.72 -0.000134932
1747.39976664 5.09663226627 -0.0185686088625 8.81286176776 0.0019140956653 -1115.95 2241.9 -0.00522067
1596.39388447 5.08052664702 -0.0163652345374 8.77668065649 0.00180022549645 -1066.5 2143 -4.0027e-06
1691.40358792 5.10121356132 -0.0189926177663 9.04703365788 0.00167294807452 -1079.95 2169.9 -8.33801e-05
1765.52598378 5.09143641941 -0.0185509137172 9.36531154991 0.00167322040667 -1130.99 2271.98 -0.00010419
1676.1505118 5.08205289929 -0.0170333095976 8.45395819437 0.00181879467043 -1080.04 2170.08 -1.3773e-05
1735.825916 5.0922977708 -0.0183900166543 8.76315642362 0.0019422648323 -1061.95 2133.9 -2.28839e-05
1706.57065372 5.07807629115 -0.0195699821591 3.79911428317 0.00181276760824 -1520.46 3050.92 -370197
1697.86409315 5.09214076476 -0.0188457998334 8.69435159127 0.00192321385484 -1065.94 2141.88 -0.000436714
1687.03565057 5.09139310103 -0.0175853772 9.18348352886 0.00195071396814 -1176.07 2362.14 -0.00121848
1571.25794211 5.08636674659 -0.0175016204398 8.87381420932 0.00173030423323 -1038.6 2087.2 -8.46297e-05
1648.32776012 5.09317379021 -0.018711885151 9.19956942434 0.00201731691907 -1054.6 2119.2 -3.07721e-05
1930.23801738 5.09175838944 -0.0187450039967 8.40919570023 0.00185913170969 -1161.56 2333.12 -4.00316e-05
1863.34755206 5.09361160085 -0.0182560395384 9.22404860434 0.00186842991079 -1234.38 2478.76 -0.00144632
1786.55338112 5.09290972379 -0.0182842365114 9.02376804565 0.00181010606504 -1109.65 2229.3 -0.000628645
1637.59524286 5.09287874155 -0.0182853831512 8.58549304696 0.00193887321198 -969.653 1949.306 -0.000117988
1711.37414457 5.0899843964 -0.0177451966414 8.71618746998 0.00168896543418 -1092.37 2194.74 -0.000231576
1638.29622598 5.0907307446 -0.0188223833015 9.58356567141 0.00209407222118 -1065.4 2140.8 -0.000247578
1819.8839506 5.08570160481 -0.0182930637506 8.81347230442 0.00181524421605 -1119.13 2248.26 -0.00232715
1650.85028413 5.08790783457 -0.0178133251554 8.87793731812 0.0017498620386 -1046.21 2102.42 -0.000750339
1541.29138758 5.08783401949 -0.0178389035544 8.71089119459 0.00208424722481 -998.533 2007.066 -2.0046e-05
1819.84047614 5.10092531556 -0.0189935395768 9.16312081765 0.0017803283292 -1148.47 2306.94 -0.000106096
1794.25268396 5.08168224443 -0.01725407532 8.42987512436 0.00171625340606 -1120.68 2251.36 -5.25335e-05
1598.13372231 5.0869178354 -0.0178826659064 9.55223586565 0.00173288214889 -1085.4 2180.8 -6.02173e-05
1593.83535972 5.0843781244 -0.0178998551969 9.08212919802 0.00182179787367 -1023.69 2057.38 -4.00925e-05
1665.98503872 5.07803397617 -0.0170691758003 8.83468902996 0.0016790062729 -1071.08 2152.16 -1.68768e-05
1823.37836457 5.09437534845 -0.0186271557303 8.90496106992 0.00182347634214 -1128.21 2266.42 -6.81469e-05
1779.52021309 5.08004227035 -0.0172777357849 8.62187827947 0.00201040499803 -1149.84 2309.68 -9.94949e-06
1781.44911801 5.09725475912 -0.0186951048756 8.93676534367 0.00163349698212 -1138.77 2287.54 -2.47244e-05
1618.57140014 5.08351885993 -0.018087944724 8.59528659316 0.0016938024705 -992.186 1994.372 -7.62053e-06
1707.06879113 5.07851592846 -0.0181444381172 3.61810003408 0.0018240294497 -1452.64 2915.28 -357703
1808.91761381 5.08535149256 -0.018501452413 9.36809925391 0.00195552810056 -1154.71 2319.42 -0.000274387
1687.2318367 5.08890196445 -0.018411354146 8.89041674189 0.00190760771623 -1018.97 2047.94 -0.00331309
1802.22111439 5.08755709775 -0.018288897228 9.02024264122 0.00197461186291 -1135.79 2281.58 -0.000102637
1974.14387507 5.08120702865 -0.0180614883038 8.9463871199 0.00194745170545 -1239.35 2488.7 -4.1687e-05
1637.97475582 5.09265281941 -0.0186122370159 9.10231135374 0.00199482612651 -1032.86 2075.72 -0.000145873
1865.29761453 5.0812461064 -0.0175946155221 8.56664321188 0.00176048359779 -1102.64 2215.28 -0.000160375
1883.12429158 5.08466704587 -0.0175842187214 8.61859873541 0.00173418930327 -1136.97 2283.94 -0.00154766
1984.51765368 5.07468063161 -0.0171559960437 8.73905248555 0.00188168496895 -1259.03 2528.06 -0.000122492
1563.05080147 5.08487691416 -0.0172808365206 8.83799629741 0.00169695157926 -1001.59 2013.18 -0.000452807
1709.16576755 5.10670304998 -0.0200001823793 9.80557970199 0.0017642522665 -1109.93 2229.86 -3.91008e-05
1717.48206979 5.08850749805 -0.017291791007 8.77170175361 0.00175678984138 -1097.7 2205.4 -4.16266e-05
1908.9612055 5.0920639897 -0.0180862433945 8.71925412912 0.00173596587105 -1235.66 2481.32 -1.76161e-05
1883.72668656 5.0898765534 -0.018463200687 8.97502030838 0.00192966016499 -1171.34 2352.68 -5.85536e-05
1562.08659172 5.0940700911 -0.0183184808974 9.15810261347 0.00190347436146 -1014.04 2038.08 -0.000581665
1757.45291728 5.08674814425 -0.01719963203 8.41842288953 0.00209847512145 -1127.97 2265.94 -7.67536e-05
1619.13356954 5.08549347967 -0.0175372501423 9.21920583585 0.00170721212167 -1062.92 2135.84 -0.000156037
1550.27674357 5.09650274341 -0.0179671148628 9.07888926518 0.001892231144 -1025.21 2060.42 -0.000521179
1606.14262052 5.07990751279 -0.017426649357 9.06170453516 0.00200491038771 -1048.91 2107.82 -2.76307e-05
1360.94302593 5.09520645106 -0.0180144643453 9.53459601855 0.00175565045835 -914.498 1838.996 -0.000466615
1695.23454156 5.08932884154 -0.0176609067533 8.87180792477 0.00174392017493 -1043.5 2097 -8.98914e-05
1593.80172524 5.08163222091 -0.0170497968898 8.50689258435 0.00185121208363 -941.116 1892.232 -7.05216e-05
1585.83406485 5.08846811678 -0.0175295216766 9.3178156562 0.00178665547912 -1067.99 2145.98 -3.92033e-05
1725.65086839 5.08238680714 -0.016978980319 8.06118198033 0.00203757279382 -1087.5 2185 -6.39692e-05
1746.51437595 5.09061820698 -0.0174555193032 8.82662585489 0.00184880187826 -1134.04 2278.08 -1.12686e-05
1694.93716202 5.08515793671 -0.0174346995843 8.85237217891 0.00187928411721 -1097.71 2205.42 -0.000808055
1533.77098261 5.09458302181 -0.0177919403904 8.9967634306 0.0019138148788 -1019.99 2049.98 -9.36382e-06
1759.89024309 5.08908202594 -0.0182660046404 9.59741458342 0.00193036372997 -1192.18 2394.36 -8.71813e-06
1636.31709245 5.0932488119 -0.0189908575817 9.49751062045 0.00183333183634 -1037.19 2084.38 -6.22572e-06
1688.71091517 5.09799190024 -0.0188070982912 9.50959935191 0.00190425729629 -1127.96 2265.92 -0.000258466
1781.48688886 5.0878638307 -0.0180922951016 9.06998860131 0.00177656556688 -1119.93 2249.86 -0.00012936
1709.72366131 5.085629538 -0.0177734759301 8.41602835505 0.00172420654421 -1028.48 2066.96 -2.72698e-05
1724.14346057 5.09232013659 -0.0175626616685 8.52628922251 0.00183562441358 -1148.1 2306.2 -7.41133e-05
1684.98757983 5.09041371516 -0.0180605312271 8.99046197765 0.00195859697349 -1107.96 2225.92 -9.37584e-06
1693.11885392 5.08380895556 -0.0183451123914 9.27211351746 0.00178544567464 -1053.19 2116.38 -3.3699e-05
1901.60066028 5.09638311348 -0.0189216874481 9.1071673721 0.00186172920413 -1210.02 2430.04 -0.00299847
1876.26185389 5.08998462416 -0.0181073829287 8.48005907494 0.00184686565485 -1129.74 2269.48 -2.22572e-05
1699.91235488 5.09259076909 -0.018356773887 9.66901890022 0.00176934547569 -1162.66 2335.32 -3.20604e-05
1464.10853992 5.09011052014 -0.0174272061609 9.04927686403 0.00177564491999 -973.659 1957.318 -0.00122991
1616.73942477 5.08914562033 -0.0174980899264 8.99103910577 0.00191139079564 -1081.23 2172.46 -8.43123e-06
1803.20105765 5.10547623172 -0.0194513985084 9.19817666849 0.0020173439863 -1126.7 2263.4 -0.000143922
1706.92718026 5.07806065533 -0.0197282554633 4.04605435018 0.00180547617412 -1504.32 3018.64 -362726
1696.4992778 5.08056422243 -0.0173823347716 9.3543901406 0.00182914589031 -1120.67 2251.34 -0.000209828
1375.57683674 5.09557386153 -0.018333966842 8.79651732364 0.00163564767286 -842.265 1694.53 -7.19637e-05
1440.85932889 5.08235567717 -0.0175034939098 9.35665894259 0.00156596003942 -971.28 1952.56 -8.48953e-05
1621.49105492 5.09055475999 -0.0179304458607 8.64139483965 0.00191443519371 -1007.41 2024.82 -3.12761e-05
1650.13676295 5.09573746134 -0.0180754912812 8.69492534595 0.00186643162037 -1058.82 2127.64 -5.10965e-05
1665.45074685 5.09335528396 -0.0184689614549 8.71445709224 0.00198867476375 -1030.53 2071.06 -0.000108853
1698.21264395 5.08372303395 -0.0177056036893 9.17484341938 0.00183256169684 -1074.92 2159.84 -5.72488e-05
1720.06435781 5.09098989382 -0.0183547929559 8.77238447221 0.00187064673751 -1072.36 2154.72 -0.000616028
1724.82776781 5.07699079075 -0.0170930984614 8.70181244715 0.00173426319416 -1093.87 2197.74 -0.000240162
1498.00190187 5.09037730166 -0.0172471429789 8.96051564558 0.00187048999623 -1013.85 2037.7 -7.55068e-05
1668.42949692 5.08639319446 -0.0174136189872 9.14214580755 0.001776245101 -1107.07 2224.14 -0.000110793
1663.18786497 5.09913048024 -0.0197468877227 8.87802710274 0.00199297465198 -995.833 2001.666 -3.4733e-05
1464.80487134 5.10371313778 -0.0186908765571 9.2104011823 0.00173664512215 -973.232 1956.464 -0.000537425
1894.18636509 5.07714020271 -0.0176060790859 9.19499693328 0.00199459053163 -1198.86 2407.72 -6.71905e-05
1599.05287998 5.09584602457 -0.0182863140377 9.18248770201 0.0019776334903 -1036 2082 -1.42902e-05
1569.47961558 5.09491506986 -0.0181292562749 9.22242381582 0.00171808441363 -1009.41 2028.82 -3.22088e-05
1622.73961786 5.08759627944 -0.017304052464 8.89469749864 0.00189701719888 -1083.22 2176.44 -0.000705138
1843.68545907 5.09215157295 -0.0184976480817 8.63273796072 0.00164764038524 -1144.26 2298.52 -8.5956e-06
1535.59834544 5.09592637571 -0.0184190278358 8.67267623164 0.00175221130938 -961.693 1933.386 -0.000479426
1699.87913278 5.08833659126 -0.0173990772269 9.40519256676 0.00177724033268 -1202.79 2415.58 -0.000100491
1463.52639231 5.08367180585 -0.0177902288868 9.89300380592 0.00191277120809 -992.841 1995.682 -0.00130883
1553.24025062 5.08156175804 -0.0176183971971 9.16494259681 0.00166734148155 -1022.97 2055.94 -0.00201552
1469.47970268 5.0786184889 -0.0173702422578 9.09431155656 0.00180682110384 -924.668 1859.336 -0.00203737
1629.3252015 5.08618438281 -0.0178634441412 9.1173215377 0.0018428508719 -1038.67 2087.34 -9.13582e-06
1679.04737807 5.09931151235 -0.018654178938 8.63765467951 0.00185040434086 -1061.23 2132.46 -1.79242e-05
1639.38702661 5.08845370884 -0.0177768908566 9.01672830418 0.00171160070006 -1062.66 2135.32 -5.37348e-06
1552.92400424 5.08343268963 -0.0182099366302 8.55089381158 0.00190558787083 -924.789 1859.578 -1.23859e-05
1635.03378739 5.08417633412 -0.0174898638135 8.82416618057 0.00188040191751 -1042.91 2095.82 -0.000151697
1702.58796297 5.08250973671 -0.017265700024 8.94714563508 0.00174796478958 -1131.44 2272.88 -0.000455433
1586.40570795 5.07695780118 -0.0164026847795 8.79117089903 0.00171772992497 -1060.22 2130.44 -0.000282445
1621.2817733 5.09684736853 -0.0192935622465 8.68319238651 0.00184376742762 -938.826 1887.652 -3.12784e-05
1709.82440176 5.08822459652 -0.0182684309984 9.03104902517 0.00185608287628 -1108.67 2227.34 -3.4469e-05
1531.29259702 5.07856375099 -0.0175179304654 9.47885441397 0.00199613953145 -1043.14 2096.28 -0.00161559
1566.23023847 5.09845698533 -0.0180642309679 9.10696596228 0.00169906301251 -1024.05 2058.1 -3.73033e-05
1660.79700854 5.09700279569 -0.0189320131236 9.04307266428 0.00176229609794 -1006.54 2023.08 -8.15881e-06
1771.53955092 5.1006910207 -0.0187523213366 9.29664831654 0.00203611412175 -1167.5 2345 -0.000117081
1760.57256304 5.08787495183 -0.0180978811278 8.7232765365 0.00171604342958 -1095.51 2201.02 -7.35778e-05
1923.31646728 5.10382799326 -0.0191483274667 9.29984875498 0.00189595192324 -1274.04 2558.08 -2.91866e-05
1791.02373696 5.08571531697 -0.01751251952 8.89771264833 0.00181972313884 -1180.56 2371.12 -0.000508666
1712.78414486 5.09649098776 -0.0185277407823 9.18237911016 0.00203076627181 -1124.48 2258.96 -9.6367e-05
1667.69585478 5.0808288366 -0.0166865721086 8.80489526726 0.00174568576816 -1100.09 2210.18 -1.01823e-05
1685.35577008 5.08660914583 -0.0177679966537 8.989767262 0.00217341215025 -1088.84 2187.68 -1.03655e-05
1630.38463334 5.08715921186 -0.0182000577464 8.86642812687 0.00189159612418 -1021.85 2053.7 -6.4458e-05
1623.63975494 5.08122722064 -0.0168721354603 9.00778345664 0.00195135584913 -1085.45 2180.9 -0.000121024
1692.56498895 5.097006002 -0.0188018171534 8.7164288913 0.00169400865002 -1035.8 2081.6 -4.1251e-05
1753.03989756 5.08749561283 -0.0181649803281 8.81627468353 0.00190797636579 -1082.58 2175.16 -0.000738115
1564.17119168 5.08894371536 -0.0175852636161 8.81173736735 0.00194666384679 -1033.69 2077.38 -1.42837e-05
1467.78908158 5.08393448733 -0.0171958995274 9.08500175669 0.00179448590987 -990.804 1991.608 -0.00033396
1716.11281208 5.08242768353 -0.0174544881498 8.41383903257 0.00188740997831 -1062.72 2135.44 -1.63734e-05
1604.23714923 5.09677093593 -0.0183203546064 9.15974343701 0.00180964306318 -1069.89 2149.78 -0.000168981
1415.83989027 5.08309740956 -0.017239286765 8.59924467363 0.00177499704379 -915.475 1840.95 -0.000550763
1642.11148409 5.08412622786 -0.0183284275375 8.90408780583 0.00190934154598 -1000.51 2011.02 -7.54506e-05
1848.3420109 5.08723963438 -0.0186206333607 8.65117113312 0.00199177982996 -1126.16 2262.32 -4.44165e-05
1494.85688706 5.08775935684 -0.0174891601012 9.22383767799 0.00198192091072 -1023.16 2056.32 -0.000544698
1811.59858705 5.07597377988 -0.017200221902 8.68713145771 0.00179795144883 -1140.02 2290.04 -1.7897e-05
1756.11838307 5.08446674589 -0.0177723546757 9.00568908647 0.00186706480831 -1118.91 2247.82 -0.00130959
1792.34961891 5.08529081684 -0.0178517410196 9.17455147676 0.00194960696476 -1186.16 2382.32 -0.000430671
1807.75419574 5.08888138411 -0.0185245288211 8.06733048646 0.00206180644224 -1023.75 2057.5 -0.00012584
1731.8769888 5.08802794757 -0.0180121128946 8.24262354758 0.00201196235228 -1024.23 2058.46 -2.25559e-05
1579.76050981 5.07828947209 -0.0170640294789 9.12213541163 0.00186457075335 -1064.03 2138.06 -0.000929345
1524.74480632 5.08659225199 -0.017126117132 8.52451919989 0.00204390662728 -969.201 1948.402 -6.6385e-05
1625.01954109 5.09455972082 -0.0180138468391 9.14478812317 0.00188300211534 -1081.68 2173.36 -2.30579e-05
1896.61511193 5.09414754613 -0.0190415432469 8.98834345903 0.00192757498296 -1145.82 2301.64 -0.000544218
1768.35036911 5.08540866788 -0.0176631443049 9.2947492859 0.00180973717678 -1181.38 2372.76 -0.000112407
1564.21079528 5.09160486264 -0.0182124162921 8.32699159186 0.00181702036195 -936.537 1883.074 -7.54682e-05
1824.99209655 5.09095566518 -0.0183386201659 9.07276639784 0.00191047982434 -1125.86 2261.72 -1.6153e-05
1593.23803599 5.07585307611 -0.0165717503285 9.21628193144 0.00175930506829 -1086.98 2183.96 -5.95629e-05
1662.54884567 5.09569457887 -0.018232677451 9.32598523926 0.00192757048101 -1123.72 2257.44 -0.000366422
1694.66638043 5.08805272455 -0.0176925105474 9.34797010262 0.00199202541684 -1152.3 2314.6 -0.00105994
1815.18974199 5.09050889171 -0.0182670942147 8.56137288374 0.00199214746366 -1158.19 2326.38 -5.21913e-05
1931.91905526 5.08940633431 -0.0183574490339 8.76498378967 0.00179744840678 -1191.55 2393.1 -5.8608e-06
1634.50275772 5.08637087219 -0.018007939074 9.09337898969 0.0017328346813 -1033.87 2077.74 -0.000852255
1598.90327894 5.07839753816 -0.0165632012361 8.33469795998 0.00184320387842 -1000.86 2011.72 -6.07479e-05
1681.41949087 5.08652423491 -0.017699954641 8.56552188898 0.00195682967608 -1056.04 2122.08 -6.3206e-06
1525.2214456 5.09330359474 -0.0180369361045 9.15150092987 0.00177911307908 -1002.48 2014.96 -0.0024407
1601.51088841 5.09122996544 -0.0182999461663 9.10166651202 0.00183727195124 -1057.4 2124.8 -0.00032317
1635.02383857 5.09381647405 -0.0180550871012 8.45565174027 0.00204012177152 -1007.05 2024.1 -0.000360541
1767.57574464 5.10262287947 -0.0197990083344 9.62037426551 0.00189600288247 -1132.85 2275.7 -7.42026e-05
1757.53967144 5.0868948789 -0.0176836050374 9.186417482 0.00182212075983 -1148.67 2307.34 -0.00030048
1535.96089989 5.09918109004 -0.0180456995613 9.24936460382 0.00188390528733 -1099.43 2208.86 -2.01382e-05
1774.78328907 5.09680451591 -0.0180766822923 8.71239380543 0.00191241629199 -1131.14 2272.28 -7.32198e-05
1651.73364651 5.08804108447 -0.0182618085035 8.64344894215 0.00192130227838 -1021.7 2053.4 -0.000312748
1598.7002803 5.09248840053 -0.0179478743622 9.14224974302 0.00194874217319 -1017.12 2044.24 -0.000475279
1772.93145115 5.08975572907 -0.0180823267366 8.44257611946 0.00192698946244 -1083.27 2176.54 -2.90811e-06
1504.1441666 5.08787039105 -0.017016587027 9.02091003852 0.00173747118914 -1021.51 2053.02 -0.000133702
1704.00567075 5.09196407827 -0.0188577733364 8.51169428987 0.00182810727667 -1019.29 2048.58 -6.70648e-05
1675.81616367 5.0908726875 -0.0185968238913 8.95109958131 0.00178395339612 -1021.08 2052.16 -0.00124921
1482.105041 5.08724007802 -0.0171915168125 8.59801755094 0.00166017092851 -941.454 1892.908 -1.27538e-05
1669.87824325 5.09611547802 -0.0184616940509 8.83317845407 0.00172518065389 -1073.93 2157.86 -5.28869e-05
1769.93974914 5.09775317989 -0.0185348719699 9.14235618368 0.00182556013084 -1109.8 2229.6 -0.00145683
1503.43684832 5.09257250706 -0.0177799425891 9.17794012502 0.00188117458833 -1015.57 2041.14 -9.24426e-05
1561.8008548 5.09038484974 -0.0178329875431 8.72117309267 0.00187533513163 -1014.28 2038.56 -7.65755e-05
1646.63657421 5.09900217709 -0.0180597409826 8.94803017784 0.00198414691899 -1102.46 2214.92 -3.38711e-05
1717.3401758 5.08209770521 -0.0175152386449 8.69525296929 0.00193190161646 -1078.12 2166.24 -0.00269545
1795.51142939 5.08184845798 -0.0180162484694 9.12366449604 0.00188948472424 -1140.28 2290.56 -7.84906e-05
1740.39975108 5.08353970994 -0.0176872855824 9.18015742428 0.00168007387447 -1112.27 2234.54 -0.000586226
1722.61473289 5.09671503901 -0.0190395035454 8.663733134 0.0018987406758 -1030.89 2071.78 -0.00065568
1595.63149688 5.07044448279 -0.0160349935082 8.7210679098 0.00186641882505 -1067.71 2145.42 -1.27708e-05
1588.40832161 5.0791527581 -0.0174415398823 9.24900339156 0.0017977815181 -1066.6 2143.2 -0.000608117
1634.47968202 5.0907135464 -0.0171592985005 8.47201242029 0.00171834224627 -1054.92 2119.84 -0.00110166
1907.80351032 5.08907689901 -0.0183613119557 8.62417373946 0.00188339224771 -1144.07 2298.14 -3.80823e-05
1784.97817706 5.09459840378 -0.0188187288647 8.96469721533 0.0016018443072 -1095.91 2201.82 -0.000736631
1726.38137174 5.0667126778 -0.0165113526357 8.84585319745 0.00215644233026 -1160.35 2330.7 -5.17303e-05
1676.9333285 5.07509169355 -0.0165213800818 8.59182046912 0.00190097161901 -1082.92 2175.84 -0.00212869
1898.91879699 5.0897694949 -0.0183164501458 9.60000051922 0.00182338014132 -1267.52 2545.04 -8.48763e-05
1730.70752416 5.08959641488 -0.0179946610642 9.03926906255 0.00201587460058 -1143.85 2297.7 -2.62784e-05
1791.12383123 5.08409731827 -0.0179031968513 9.57180651886 0.00171840671692 -1217.39 2444.78 -0.00110177
1942.56067631 5.09713011077 -0.0188972804583 8.89046076624 0.00188384974287 -1182.55 2375.1 -0.000112991
1594.72214251 5.07827892102 -0.016721244673 8.77949568912 0.00198080475911 -1050.39 2110.78 -3.39645e-05
1552.96331299 5.07670540774 -0.016897159318 8.37308511371 0.00159755829676 -915.643 1841.286 -1.29368e-05
1784.76276628 5.08072426933 -0.0175076892597 9.16801786516 0.00170905967711 -1184.4 2378.8 -5.35473e-05
1504.66096831 5.07718569078 -0.0167897282406 9.07607206365 0.00156852580924 -997.783 2005.566 -3.1286e-05
1840.58470006 5.09194994669 -0.0185994505291 9.493126204 0.00181711523051 -1214.28 2438.56 -5.77794e-05
1629.04181018 5.1011300473 -0.0199326622927 9.02697381157 0.00215853672159 -1010.81 2031.62 -7.23739e-05
1603.65537421 5.08516683755 -0.0174017853427 9.42334975514 0.00180930878613 -1097.71 2205.42 -2.01e-05
1631.01564089 5.07791624791 -0.0165812870473 8.48937412182 0.00180188677867 -1070.55 2151.1 -0.000852684
1689.35617072 5.09097528972 -0.0176797514136 8.88026811754 0.00171783676728 -1122.77 2255.54 -0.000453222
1749.31666371 5.09320967964 -0.0188619394198 8.9894058503 0.00187355697623 -1124.91 2259.82 -1.53848e-05
1526.9810562 5.09640235532 -0.0176603441742 9.14933586444 0.00189803443518 -1059.24 2128.48 -3.91394e-05
1706.60078591 5.07814247466 -0.0202931105541 3.87752170339 0.00180674967765 -1660.01 3330.02 -412410
1763.18439577 5.08959859804 -0.0181085073197 9.66276627865 0.00183093479267 -1201.91 2413.82 -1.81167e-05
1854.66223815 5.08458284701 -0.0176737643226 9.22669561239 0.00184851894347 -1250.55 2511.1 -0.000413878
1906.6287523 5.09889784473 -0.0191567360385 8.60114838905 0.00195223691657 -1158.09 2326.18 -0.000493751
1760.83677567 5.0832414691 -0.0182459839029 9.15311304242 0.00186410537562 -1132.82 2275.64 -0.000496844
1562.51521154 5.0917153779 -0.0175707288739 8.76304949438 0.00184064565811 -1027.36 2064.72 -9.68868e-05
1519.19887073 5.091068383 -0.0175947967135 8.69182611346 0.00191477665945 -967.469 1944.938 -0.00353502
1396.03365954 5.07819238117 -0.0157735813242 8.4154480716 0.00184051608954 -933.265 1876.53 -0.0004448
1714.87273774 5.0805696381 -0.0177523921506 8.33828548829 0.00191595009302 -1042.55 2095.1 -0.000544646
1980.4218186 5.09287754687 -0.0204049069349 9.06522923399 0.00201081585272 -1168.43 2346.86 -1.61204e-05
1700.93558442 5.08594103646 -0.0175886992768 8.19796357375 0.00200639381776 -1041.08 2092.16 -0.00058796
1721.16745034 5.0877407253 -0.0180207462134 8.95026313192 0.00179484233587 -1101.79 2213.58 -0.000167012
1613.83074637 5.09370386653 -0.0181731566588 9.1061791625 0.00187119987283 -1071.93 2153.86 -5.3016e-06
1448.09353227 5.07236411575 -0.0163303333977 8.95647386597 0.00174123565011 -955.982 1921.964 -1.27342e-05
1702.37890365 5.09264297023 -0.0175229039872 8.39512821529 0.00182940914639 -1116.09 2242.18 -0.00191815
1556.84998242 5.08292165551 -0.017155811 8.5855177108 0.00192841540514 -1020.68 2051.36 -0.000351621
1558.67569548 5.07510718881 -0.0161705554141 8.93821093673 0.00184052542096 -1078.05 2166.1 -0.000384419
1678.21056379 5.08932129081 -0.0177124781716 8.579988097 0.00195919790946 -1056.5 2123 -0.000122945
1798.0670599 5.09211555288 -0.0180923997095 8.97069181596 0.00179943090428 -1146.91 2303.82 -3.49189e-05
1567.00892226 5.09278421946 -0.0183424100543 8.66842095439 0.00180025914176 -980.611 1971.222 -0.000111418
1521.92098802 5.09002604537 -0.0174533426587 8.71411283085 0.00177952300673 -968.463 1946.926 -7.98162e-06
1821.69625212 5.08212047492 -0.0176758628856 9.52840035352 0.00162675418691 -1222.34 2454.68 -8.49319e-06
1886.75034157 5.09479911036 -0.018755325127 9.07759233536 0.00162738926779 -1169.66 2349.32 -5.05026e-06
1685.09871794 5.07396230978 -0.0166364844237 9.18543765868 0.00187673088181 -1133.24 2276.48 -3.29503e-05
1754.50792692 5.09210278423 -0.0182070553682 9.12348885291 0.0017560143728 -1136.32 2282.64 -2.32968e-05
1449.56326993 5.08711595302 -0.0177277078995 9.0345489647 0.00193883132327 -910.542 1831.084 -8.17467e-05
1704.87428424 5.0952653358 -0.0183667026744 8.39730735255 0.00180220908197 -1037.75 2085.5 -1.18447e-05
1662.88917174 5.08899917955 -0.0190161820077 9.34516166118 0.00173465245501 -1052.53 2115.06 -0.000400941
1620.99770093 5.09709996712 -0.0183758382553 9.31560182058 0.00202018622941 -1088.39 2186.78 -6.98407e-05
1719.31726582 5.0925160669 -0.0189452826934 8.08271609691 0.00186084028742 -1033.09 2076.18 -1.11635e-05
1548.11508256 5.09015159738 -0.0180186219292 9.40583303191 0.00183264476927 -1062.36 2134.72 -0.000530335
1669.22745577 5.09095995398 -0.0181066340666 8.9174670386 0.0018591133355 -1076.64 2163.28 -5.05177e-05
1720.67147225 5.09418646562 -0.0183864565575 8.71658504687 0.00173220539579 -1050.18 2110.36 -0.000154485
1453.38597827 5.10136004012 -0.0189978942332 9.07021121116 0.00211705523667 -921.036 1852.072 -5.20599e-06
1535.05517772 5.08857953665 -0.0171513338112 8.70989273569 0.00175189451279 -1039.52 2089.04 -0.000972722
1538.55028393 5.07839947453 -0.0167929682833 8.47746799918 0.00195058417196 -983.39 1976.78 -4.23277e-05
1699.54782985 5.08639485554 -0.0179484236309 8.86160155419 0.00194443270929 -1065.23 2140.46 -4.02441e-05
1654.12348891 5.08142031326 -0.0172948379813 8.81984865919 0.00174504297679 -1052.11 2114.22 -0.00016977
1782.33494305 5.07804372567 -0.0173944159592 9.32547194683 0.00169097489899 -1197.67 2405.34 -9.96661e-05
1453.98349967 5.10476205291 -0.0187582693391 8.56951944128 0.00173092195022 -915.037 1840.074 -0.000172664
1713.47544816 5.09268143041 -0.0178031025521 8.41347822625 0.00176749921921 -1076.66 2163.32 -0.00193694
1638.20065411 5.0899475172 -0.0181008525625 9.43042426511 0.00185072567827 -1102.39 2214.78 -6.52354e-06
1764.82297317 5.09108813462 -0.0178500846614 8.85403452551 0.00180039622655 -1126.65 2263.3 -0.00254977
1695.65204126 5.0986195433 -0.0184178751933 8.77889769299 0.00175657390855 -1071.79 2153.58 -6.49385e-06
1724.29719974 5.07993132553 -0.0173318096521 8.38057514805 0.00197168204541 -1040.2 2090.4 -1.14635e-05
1590.3809867 5.08418385054 -0.0167972279432 8.72760643774 0.0019680283736 -1112.01 2234.02 -7.33321e-05
1578.87237753 5.08132047315 -0.0174753968191 8.70288430226 0.00174655325202 -1008.7 2027.4 -8.374e-05
1694.54088675 5.10049100287 -0.0186412217044 8.40932667178 0.00188851725369 -1044.42 2098.84 -2.16546e-05
1818.62695928 5.08961594835 -0.0186940382129 8.66906181628 0.00203873303239 -1081.83 2173.66 -0.00108742
1656.23731951 5.0933294578 -0.0181065248655 8.78170981843 0.00172710443169 -1068.33 2146.66 -0.000101942
1828.85970243 5.08794945152 -0.0177021380386 8.66212499068 0.00191830803464 -1155.27 2320.54 -0.00035378
1739.21404938 5.08436766124 -0.0188590224613 8.84345029974 0.00202006060768 -1065.82 2141.64 -0.000209935
1805.62634273 5.09259838987 -0.018522596796 9.42195774909 0.00185568353461 -1173.03 2356.06 -1.99551e-05
1705.90010697 5.09139998482 -0.0184216200333 9.32267925619 0.00175482652853 -1115.77 2241.54 -4.78862e-05
1668.47068058 5.08459575126 -0.0178048476014 9.16967629081 0.00203059751791 -1102.13 2214.26 -0.000457315
1626.4081443 5.08455280566 -0.0185499807927 8.81345485444 0.00188429725712 -1009.03 2028.06 -4.89225e-05
1706.79282645 5.07846307563 -0.017387668409 3.40547680047 0.00179636048259 -1883.39 3776.78 -572236
1604.95525288 5.08603316451 -0.0180246063882 8.81351801069 0.00172488029415 -984.219 1978.438 -0.000105569
1631.78785064 5.08911017757 -0.0182452510149 9.38777675355 0.00203192221382 -1052.48 2114.96 -8.56331e-05
1508.05700684 5.08847361508 -0.0177220935271 8.9332229321 0.00182716624053 -965.877 1941.754 -2.78041e-05
1743.27311501 5.0908939453 -0.0179702187657 8.71135254412 0.00185464632541 -1080.95 2171.9 -0.000877336
1624.59297764 5.0843455853 -0.0176746614619 8.56187721476 0.00180246595427 -972.613 1955.226 -1.7634e-05
1525.24750391 5.08934801699 -0.0177123580637 8.98185973086 0.0019722159017 -1029.46 2068.92 -6.15216e-05
1618.83632997 5.09216736407 -0.0182571178782 8.16905092327 0.00181654855047 -962.386 1934.772 -1.19418e-05
1642.79174459 5.09107154781 -0.0183321118538 9.36005883591 0.00179474426432 -1104.97 2219.94 -4.59071e-05
1724.87315456 5.10724892532 -0.0196043794846 8.95548005166 0.00194694992905 -1071.51 2153.02 -1.62588e-05
1948.68702394 5.09018090587 -0.0185745068778 9.32026106271 0.00191245762005 -1208.87 2427.74 -5.33456e-06
1556.4445612 5.09313361839 -0.0181016417673 9.27234441028 0.00188578281324 -1048.07 2106.14 -0.00117329
1796.91828866 5.08581665688 -0.0176159512147 8.82238361455 0.00187488106151 -1154.16 2318.32 -0.00344823
1741.52951454 5.10515880344 -0.0194036411159 9.17193672398 0.0019231626236 -1110.86 2231.72 -0.000210751
1492.38957855 5.08741624302 -0.0173093073818 8.53972932201 0.0019279124519 -969.428 1948.856 -4.55179e-05
1605.02405577 5.09098859527 -0.0186728125959 9.14632768594 0.00208734019513 -1031.16 2072.32 -4.33914e-05
1655.15985358 5.08600472941 -0.0171333182386 9.28741913715 0.00179372298681 -1208.45 2426.9 -9.9845e-05
1706.46129921 5.07808907398 -0.0195273704036 3.96726249857 0.00180995714527 -1618.2 3246.4 -423861
1586.00540949 5.07596064663 -0.016816355072 9.12429571864 0.00184601060549 -1055.88 2121.76 -1.31117e-05
1651.84653968 5.08893345742 -0.0180806703977 8.84164549063 0.00176239733918 -1023.93 2057.86 -6.94827e-05
1646.01988387 5.08096088044 -0.0175783538106 8.37741262778 0.0017915731787 -982.269 1974.538 -4.07695e-05
1776.74593621 5.09151571196 -0.0183389521969 8.82313090335 0.00191028471375 -1118.65 2247.3 -0.000151691
1692.12706681 5.09747457707 -0.018741235422 8.5100672597 0.00190593748561 -1024.97 2059.94 -8.51946e-05
1623.21338305 5.08213164138 -0.0172139914785 9.23017502137 0.00187356984371 -1105.68 2221.36 -8.52771e-06
1608.67901286 5.09518828701 -0.0178189187521 8.76076190143 0.00197236750266 -1087.92 2185.84 -4.4174e-05
1622.43482213 5.07710846817 -0.0167790209236 8.64973230737 0.00184779144763 -1047.61 2105.22 -0.00247153
1556.74097054 5.08775952629 -0.0169450971668 8.89006092569 0.00181339723793 -1093.53 2197.06 -0.000321852
1581.01073407 5.09064344135 -0.0179376480011 8.33110678228 0.00195909065082 -939.554 1889.108 -3.11166e-05
1523.60295539 5.09953356629 -0.0187190138128 9.04629907774 0.00173224772859 -987.289 1984.578 -1.24037e-05
1708.16254437 5.07929012036 -0.0172970498877 8.96548909055 0.00172512343855 -1118.6 2247.2 -1.6394e-05
1655.65982677 5.09505887572 -0.0187140241719 8.66896826218 0.00197854189699 -1057.6 2125.2 -4.98814e-05
1701.81256343 5.08996112238 -0.0183028097829 9.55417464389 0.0019088174763 -1142.83 2295.66 -0.000341938
1566.60505129 5.08690270252 -0.0175772142353 8.31235760728 0.00199287600311 -946.283 1902.566 -0.000113167
1560.19941519 5.07439303748 -0.0164002687146 9.11882480184 0.00185426516919 -1073.63 2157.26 -2.59874e-05
1727.62436431 5.09581137354 -0.0193488678204 9.40870757313 0.0019171770782 -1085.79 2181.58 -0.000255269
1542.09867825 5.08940546005 -0.0173798884115 9.22851011501 0.00183731740933 -1045.5 2101 -6.87572e-06
1764.82142144 5.07859033149 -0.0167746114136 8.81486968696 0.00196680922659 -1183.8 2377.6 -1.1695e-06
1421.9042935 5.09460647067 -0.0178511746031 8.60930037705 0.00183069386872 -901.704 1813.408 -6.66812e-05
1572.463319 5.09299856177 -0.0177000998735 8.825849094 0.00178662755146 -988.968 1987.936 -0.00057371
1642.83257833 5.07836825179 -0.0169180398981 8.79736309167 0.00191761161394 -1088.28 2186.56 -0.00211069
1909.51415491 5.100807806 -0.0195696504599 9.08391716582 0.00190084005758 -1180.84 2371.68 -8.12309e-05
1736.79730115 5.10452055016 -0.0192361857638 8.83664585564 0.00190811300094 -1057.24 2124.48 -9.84817e-05
1604.98342135 5.09335142323 -0.0181738296232 9.06576116964 0.00210620099694 -1058.61 2127.22 -4.53138e-05
1710.5661656 5.09770345307 -0.0190045176774 8.76736291551 0.00180899812907 -1047.97 2105.94 -0.000139311
1680.79545282 5.09210165749 -0.0175913183001 8.53337962827 0.00193286378014 -1091.98 2193.96 -8.19662e-05
1575.47222983 5.08829159398 -0.017337408921 8.61849398028 0.00176674274099 -1038.67 2087.34 -9.16716e-06
1566.82944351 5.09084642815 -0.0179884666721 8.79715098384 0.00196326641055 -992.065 1994.13 -0.000305649
1973.12378726 5.09115870194 -0.0186801178728 8.63703636236 0.0018848534622 -1172.3 2354.6 -1.05092e-05
1503.95958165 5.07779761557 -0.0166398244286 8.31643392942 0.00187818734454 -910.524 1831.048 -0.000162756
1579.9174801 5.07968558591 -0.0172660154595 9.26051493916 0.00188387538347 -1047.2 2104.4 -1.71745e-05
1653.65036198 5.07951712948 -0.01787550118 9.12771134985 0.00171753952727 -1055.93 2121.86 -3.82029e-05
1712.59886549 5.08735694362 -0.0173159610402 8.64202693931 0.00197953043402 -1106.95 2223.9 -0.000150511
1760.58145947 5.08779536094 -0.0178554932949 9.18698418111 0.00194110424401 -1145.12 2300.24 -0.000195199
1895.56831148 5.09421190803 -0.0187374358749 8.76818897776 0.00193571030871 -1114.84 2239.68 -0.000103824
1560.09158048 5.09454843481 -0.0184812652718 9.23596564402 0.00189701248043 -1026.27 2062.54 -9.03679e-05
1781.58690893 5.08597726511 -0.0175719309894 8.38439571708 0.00182389050529 -1079.75 2169.5 -3.6505e-05
1811.23808528 5.078265166 -0.0174900488296 8.58281296546 0.00181729654103 -1083.49 2176.98 -1.65925e-05
1672.93295617 5.10024284097 -0.0186383668797 8.69181555825 0.00197393571488 -1092.33 2194.66 -0.000154286
1816.81666445 5.08712524111 -0.0178618785846 9.21071296193 0.00179230054687 -1198.75 2407.5 -7.21868e-05
1647.37873221 5.08123800722 -0.0182800873541 8.88673241435 0.00174153235721 -1002.77 2015.54 -0.00012109
1720.75971032 5.08544526388 -0.0184706316896 9.58151490118 0.00192174378633 -1142.15 2294.3 -9.02604e-06
1605.06782946 5.08791797991 -0.0179706602915 8.660204663 0.00192793596088 -972.667 1955.334 -8.01893e-05
1615.86821279 5.0834286795 -0.0179012773801 8.61552879092 0.00169639571279 -1027.56 2065.12 -9.73232e-05
1653.1702622 5.08396532708 -0.018302661831 9.18697030983 0.00196221172089 -1056.76 2123.52 -0.000373895
1774.64140499 5.09017316698 -0.0180213910293 9.53798412192 0.00187050581135 -1199.63 2409.26 -2.93193e-05
1629.92861692 5.0967779498 -0.0180969536632 8.56733146278 0.00183464339831 -981.905 1973.81 -2.89093e-05
1852.52701575 5.08283516856 -0.0180389394576 9.28751888244 0.00193322733377 -1199.27 2408.54 -0.000130717
1533.97348766 5.09063462713 -0.0186483048034 9.06068441329 0.00180507967462 -968.846 1947.692 -2.62929e-05
1626.63295598 5.08520444716 -0.0177740110086 9.21570061004 0.00179490126095 -1070.88 2151.76 -0.000103943
1751.46441359 5.08777119172 -0.0181969801255 9.43135129866 0.00206144677994 -1192.85 2395.7 -6.9586e-06
1673.64439169 5.0801653188 -0.0171059985027 8.60517376309 0.00164939878977 -1065.86 2141.72 -0.000165952
1664.08694241 5.0918098778 -0.0176237251288 9.14021218153 0.00195303243022 -1142.52 2295.04 -0.000313331
1646.87716148 5.09747284666 -0.0179256245095 8.85416341489 0.00201509007813 -1109.87 2229.74 -5.54235e-05
1658.74229297 5.08452661747 -0.0177757411106 9.15318188257 0.00210394583977 -1114.91 2239.82 -3.6936e-05
1726.33506449 5.08154188169 -0.0185348920288 9.13758950416 0.00198490184289 -1081.81 2173.62 -2.70821e-05
1642.94830279 5.09895805099 -0.0188841708546 8.4124101855 0.00192818571665 -998.025 2006.05 -0.000300677
1640.95643382 5.07106994681 -0.0167900846039 8.60222579113 0.00187641219229 -1045.9 2101.8 -0.000107579
1609.32014105 5.07600021869 -0.0170073088312 8.63760318524 0.00187935391138 -1017.61 2045.22 -0.000592258
1581.96034211 5.0916649429 -0.0174140510147 9.33939874261 0.00199381984811 -1131.48 2272.96 -0.000497227
1740.87960263 5.09227994011 -0.01820488156 8.37552231919 0.00184434716943 -1061.86 2133.72 -2.80018e-05
1720.55294617 5.08794678305 -0.0185979200732 8.65972886017 0.00177168536508 -1057.42 2124.84 -6.79117e-06
1640.1005616 5.08039154121 -0.0174896182504 8.59701003622 0.00183763517181 -1034.42 2078.84 -4.97435e-05
1554.6016982 5.09627734619 -0.0179647727101 8.90800374973 0.0018621013842 -1023.69 2057.38 -3.85984e-05
1664.17444967 5.08776920541 -0.0178298508944 8.95369180586 0.00179963244862 -1062.37 2134.74 -0.00345496
1854.05275704 5.0911735704 -0.0189242506245 9.78409922507 0.00185796459884 -1250.51 2511.02 -2.53532e-05
1735.12978392 5.09116222325 -0.018648371482 9.28196604673 0.00190737640127 -1140.37 2290.74 -6.02711e-05
1473.8263106 5.08149091446 -0.0168757402945 8.95361503263 0.00195219582166 -1000.17 2010.34 -0.000167198
1486.96746967 5.08548942118 -0.0172017213496 8.78914863714 0.00196259834495 -988.296 1986.592 -6.78629e-05
1825.95078152 5.08884137563 -0.0177399647447 9.47423164422 0.0020218565322 -1249.52 2509.04 -0.000187137
1650.9457846 5.08090184052 -0.0165687088129 8.87448658674 0.00174040830636 -1129.47 2268.94 -3.12996e-05
1542.20386111 5.07350473549 -0.0164007384233 8.56533802558 0.0020581946647 -1023.29 2056.58 -0.000418507
1797.84359321 5.08118831438 -0.0172305243595 9.20718966798 0.00190878047812 -1202.09 2414.18 -8.44897e-05
1612.74117293 5.08820888839 -0.018093034976 9.01243727292 0.00184960549654 -1022.46 2054.92 -0.00227921
1819.8634817 5.09183678971 -0.017895169998 8.66507918634 0.00182193107268 -1153.55 2317.1 -0.00085301
1711.44411793 5.08378282324 -0.0185631924578 9.3427283321 0.0018242820421 -1108.11 2226.22 -0.000631172
1849.9337966 5.09233808 -0.0182932743978 8.83541325802 0.00175870717434 -1154.56 2319.12 -4.22599e-05
1568.99025224 5.08262885512 -0.0175656781458 9.45848140541 0.00185740892111 -1039.79 2089.58 -4.383e-05
1492.90182333 5.09276324603 -0.0178913522132 9.34258528191 0.00176486622538 -998.892 2007.784 -6.38571e-06
1713.84317264 5.08986400337 -0.0174946256829 8.78015656832 0.00188529943879 -1111.7 2233.4 -0.000169686
1618.63649242 5.09570903691 -0.0179533599231 9.29377758651 0.00179136530609 -1133.73 2277.46 -1.04825e-05
1617.00197942 5.1020473595 -0.0191175963656 8.81415716213 0.00188319385086 -1008.38 2026.76 -0.000209556
1930.89642411 5.07642833614 -0.0175441349221 9.16862472755 0.00167471605472 -1258.93 2527.86 -3.53215e-05
1515.29927453 5.08582467379 -0.0176142079736 8.82029043828 0.00202260380666 -964.942 1939.884 -0.000226755
1479.49267926 5.08917878104 -0.017486105223 8.92144978626 0.00182217281264 -991.315 1992.63 -8.43523e-06
1674.57803657 5.09679969723 -0.018599430305 8.71684067875 0.00170337116634 -1023.07 2056.14 -8.06292e-06
1549.05798795 5.09056279293 -0.0173321866442 8.60524557528 0.00194883384985 -989.694 1989.388 -2.03658e-05
1560.04967252 5.07486979939 -0.0160591283345 8.69733750177 0.00173236098799 -1047.28 2104.56 -0.00116307
1601.17819044 5.09319105297 -0.0179132543434 8.9209672871 0.00193623316269 -1033.68 2077.36 -0.000250979
1602.22384522 5.08743173085 -0.0178225384697 8.56700434119 0.00182800623527 -1001.21 2012.42 -0.00018435
1611.09704958 5.09320055937 -0.0182193875417 8.96526536048 0.00176449468925 -1033.09 2076.18 -4.83519e-05
1580.74929556 5.08701868888 -0.0174764374493 9.36906888352 0.00208572769611 -1097.87 2205.74 -5.80388e-05
1685.38207307 5.09484098077 -0.0185918766682 9.64834774609 0.00190478994244 -1151.99 2313.98 -3.4336e-05
1830.39778312 5.09229520474 -0.0180211693332 9.05010171402 0.00177354357311 -1184.64 2379.28 -0.0063843
1551.13721107 5.09119650508 -0.0182051773861 8.47617888011 0.00208359773324 -953.18 1916.36 -0.000169048
1586.57104229 5.08672111433 -0.0181548279115 9.18468547514 0.00194927310959 -1033.87 2077.74 -6.85922e-05
1702.49632759 5.08957868131 -0.0178488076117 8.92651251728 0.00191442615649 -1090.67 2191.34 -7.49312e-05
1471.45942028 5.08935284895 -0.0174377818505 9.74958189109 0.00194836117795 -1070.69 2151.38 -3.43301e-05
1870.60175923 5.09924427139 -0.0189951737964 9.31400708888 0.00186814378411 -1221.79 2453.58 -0.000600809
1822.83587009 5.09297026633 -0.0186169842522 9.32132977016 0.00204167280304 -1176.6 2363.2 -0.00015918
1734.58280058 5.08318513432 -0.0173744621349 8.93803471314 0.00178816575436 -1133.09 2276.18 -0.000399884
1890.37098016 5.08773178679 -0.0181046918294 8.93014390987 0.00192031099355 -1190.35 2390.7 -3.06655e-05
1860.18588772 5.09353069276 -0.0187996837787 8.74031450244 0.00212290514612 -1180.33 2370.66 -0.00116176
1719.1318305 5.09688543141 -0.0195854587818 8.58026235205 0.00203392536147 -1040.32 2090.64 -0.00115534
1744.46898171 5.09288531327 -0.0185549429181 8.41750088647 0.00180810951766 -1028.44 2066.88 -3.21464e-05
1595.35459892 5.08101016824 -0.0168877650232 8.76240389088 0.00187749630287 -1078.84 2167.68 -2.46482e-05
1677.0517279 5.09232305044 -0.0174427385788 8.66167325998 0.00188656171796 -1072.56 2155.12 -3.822e-05
1632.33555662 5.09010690033 -0.0179763546828 8.50676111066 0.00206823305149 -1004.91 2019.82 -2.83972e-05
1794.26118434 5.08141263324 -0.0169605240128 8.41730731989 0.00186109169742 -1138.36 2286.72 -0.000198023
1692.43280741 5.08876598408 -0.0173994334001 8.83430717918 0.00204746142263 -1127.01 2264.02 -0.000557175
1692.44250856 5.08510037102 -0.0172020676446 8.36320205895 0.00202895570345 -1113.66 2237.32 -6.73115e-05
1811.39025407 5.08745316355 -0.0180599013397 8.83239156216 0.00185525616536 -1139.22 2288.44 -8.99741e-05
1694.62436583 5.09331853024 -0.0181846187072 9.0425249928 0.00184621284371 -1085.25 2180.5 -1.97426e-05
1694.03186787 5.08569351188 -0.0177247698863 8.88999318449 0.00186081258735 -1107.95 2225.9 -0.000101675
1622.70452936 5.08520599632 -0.0177577528487 8.28081003534 0.00193729082776 -990.366 1990.732 -2.10606e-05
1893.18354835 5.08913960783 -0.018030192909 9.03811191758 0.00194481237781 -1216.36 2442.72 -3.57372e-05
1746.67726266 5.07919895683 -0.0165815225616 8.34497873793 0.00182647550417 -1138.29 2286.58 -1.31642e-05
1490.59823297 5.09088690298 -0.0179755680624 8.56115895073 0.00188528356815 -949.756 1909.512 -9.70799e-06
1489.94939559 5.09876551298 -0.0185872036564 8.80388062542 0.00185957576559 -973.254 1956.508 -0.000129945
1715.37418619 5.07955886968 -0.016804066689 8.44552040251 0.00190361307828 -1072.61 2155.22 -6.32417e-05
1668.80900613 5.08358619299 -0.0173876174643 8.82414559822 0.00187567500975 -1096.52 2203.04 -0.00110985
1462.21494937 5.08707199475 -0.0183689414932 9.43732717485 0.00202891946022 -985.512 1981.024 -6.67753e-05
1532.96213494 5.09527124797 -0.0179634386332 8.81178153145 0.00176975875066 -999.741 2009.482 -0.000249792
1697.88703842 5.10093774362 -0.0188086690788 8.93108045539 0.00207271196873 -1071.83 2153.66 -0.000693742
1542.27691482 5.09182697616 -0.0174271130266 8.87859423564 0.00166713916006 -1048.97 2107.94 -0.000410911
1754.55650228 5.10891855558 -0.0196909183551 9.29374873417 0.00183761584838 -1132.45 2274.9 -8.92634e-05
1486.66315673 5.082784814 -0.0175841449541 8.54534694866 0.0015735817982 -866.456 1742.912 -1.32775e-05
1621.24871246 5.09875465114 -0.018349132737 8.63674956884 0.00188238187815 -1010.9 2031.8 -4.64237e-05
1822.07454811 5.08019531306 -0.0169038092851 8.27043539625 0.0020194964756 -1161.82 2333.64 -5.56705e-05
1693.10348277 5.09206591281 -0.0186960860533 9.20718970071 0.00167495958769 -1031.29 2072.58 -8.94339e-05
1719.36138732 5.08891165559 -0.0186303081316 9.68749716378 0.00200574232223 -1160.57 2331.14 -1.78247e-05
1588.11675156 5.09038179527 -0.017754768301 9.06377993727 0.00187065942181 -1044.7 2099.4 -6.14809e-05
1899.81331686 5.09159095059 -0.0184333014452 9.38592735014 0.00179348894069 -1209.34 2428.68 -0.000705364
1542.05726124 5.07987640871 -0.0170449729018 9.12137433718 0.00175574449979 -999.592 2009.184 -5.99105e-05
1574.69076825 5.085329586 -0.0175701888509 9.00226217364 0.00166536042179 -1047.78 2105.56 -0.000131414
1774.88954055 5.08208495839 -0.0170319839201 8.45632409596 0.00199612972263 -1099.05 2208.1 -0.000195544
1675.29999003 5.09164223875 -0.0180697156554 8.75239233581 0.00163055075553 -1052.59 2115.18 -0.000523225
1787.36399057 5.0954375652 -0.0189028113153 9.10990404991 0.00175004518654 -1123.75 2257.5 -4.47113e-06
1711.71305187 5.0887931111 -0.0180365866359 8.86510397009 0.00189054353283 -1131.36 2272.72 -0.000154472
1556.54609517 5.09442076335 -0.0185806298611 9.40940216733 0.00204472715981 -1055.63 2121.26 -2.79955e-05
1676.37363862 5.08441709852 -0.016936433917 8.94765968445 0.00182213614197 -1104.65 2219.3 -3.33002e-05
1946.82187552 5.08280904831 -0.017677563557 8.63100063168 0.00194370923245 -1141.5 2293 -3.5073e-05
1477.41611702 5.08344255337 -0.0174973309883 8.93133899434 0.00206283718995 -949.508 1909.016 -8.24788e-05
1754.1018575 5.0861302536 -0.0182156322248 8.8828607666 0.00176117526118 -1062.64 2135.28 -3.91334e-05
1787.18111349 5.08370624264 -0.018267941365 9.52200239177 0.00203603440219 -1189.04 2388.08 -4.49048e-05
1787.74112635 5.0798947628 -0.0173342676448 8.65216192265 0.00175920907286 -1100 2210 -0.00118618
1679.01550945 5.08569041727 -0.0174062722053 9.27360553743 0.00162558873584 -1113.69 2237.38 -1.03474e-05
1763.0193095 5.08519623814 -0.0175458307073 9.14177130212 0.00182796843773 -1161.61 2333.22 -4.4253e-05
1730.97751734 5.08045438483 -0.0172787094901 8.41558455554 0.00177150545344 -1068.08 2146.16 -1.30888e-05
1710.40765302 5.09713892445 -0.0184438857884 9.05328685631 0.00201109323084 -1073.42 2156.84 -1.83744e-05
1549.16315366 5.09354599337 -0.017973895938 9.17218431837 0.00182233859669 -1032.88 2075.76 -0.000200437
1418.7620162 5.08863963453 -0.0172629992834 9.07906920611 0.00209145713526 -962.644 1935.288 -0.000760074
1630.53624277 5.06595791788 -0.0153922720848 8.6268260704 0.00197664942192 -1119.48 2248.96 -2.09458e-05
1665.00337734 5.08652193616 -0.0178761284779 9.10826316278 0.00161365567575 -1051.69 2113.38 -0.000188678
1514.284431 5.08548456254 -0.0167157955977 8.48776472626 0.00179234569964 -1032.23 2074.46 -2.79813e-05
1659.45630824 5.09344161858 -0.0178451622258 8.46212369189 0.00191524559545 -1031.93 2073.86 -1.36406e-05
1594.59658141 5.08711425024 -0.0179554693363 9.39715928422 0.00172414074129 -1075.27 2160.54 -4.13791e-05
1728.53975415 5.08465187398 -0.0176008112089 9.21895743705 0.00193073592669 -1128.14 2266.28 -7.33239e-05
1799.37771117 5.09228091644 -0.0185024622776 8.95942915866 0.0017802162855 -1126.49 2262.98 -0.000110049
1529.5611337 5.08031014922 -0.0167571874 8.83961764258 0.00198578182786 -1034.14 2078.28 -5.95354e-05
1558.50674077 5.07874992234 -0.0162527811303 8.52320768413 0.00173835634221 -1015 2040 -9.54991e-05
1661.60835272 5.08670653345 -0.0177594953592 8.75836253575 0.00190467665528 -1049.84 2109.68 -2.53996e-05
1569.90763956 5.09514177097 -0.0184287538126 9.48812538807 0.0018589811801 -1081.92 2173.84 -0.000307729
1548.0507538 5.09287254612 -0.0179289194649 8.5611376642 0.00195020167792 -977.553 1965.106 -0.000159717
1576.85539771 5.08297689698 -0.0176292018106 8.71873868597 0.00185621928384 -1005.56 2021.12 -3.40577e-05
1848.74865117 5.09540164563 -0.0189649323187 8.64768716949 0.00190804253508 -1115.38 2240.76 -0.00136557
1669.26982879 5.07838202236 -0.0170933858385 9.10799807754 0.00184942109405 -1103.29 2216.58 -0.000513535
1691.4196008 5.09738067837 -0.0184417168555 9.08761013008 0.00206997514129 -1117.44 2244.88 -0.000206971
1789.83315859 5.08226683986 -0.0174699010692 9.20362640959 0.00197060014417 -1184.28 2378.56 -4.97246e-05
1543.37644256 5.08797804653 -0.018020045431 9.06225044343 0.00207496679838 -987.067 1984.134 -8.67494e-06
1271.93863617 5.08818793193 -0.0176045501186 9.14983667918 0.00205903074035 -855.405 1720.81 -6.26745e-05
1777.54436579 5.10032170112 -0.0195887562693 9.45964029958 0.00209600562462 -1145.27 2300.54 -0.000221489
1597.22450539 5.07734260002 -0.0169810662981 8.6881961923 0.00184280938842 -1035.29 2080.58 -2.13123e-05
1832.60116139 5.07961652566 -0.0170023906161 8.7330679233 0.0017560805754 -1215.19 2440.38 -0.000264199
1789.94581247 5.08860192658 -0.0172301592723 8.87000253942 0.00188008120738 -1187.27 2384.54 -1.94939e-05
1748.83192316 5.08789334849 -0.0174586206195 8.66334164841 0.00184971350459 -1126.03 2262.06 -3.39835e-05
1609.21686003 5.09512021426 -0.0186325638998 8.75999715158 0.0017698672139 -969.805 1949.61 -6.31461e-05
1506.15965379 5.09264870794 -0.0171443802975 8.84050501359 0.00180246204629 -1034.67 2079.34 -0.000314166
1834.25414592 5.08455312539 -0.0177858251815 9.05644097495 0.00170888274087 -1187.98 2385.96 -5.87892e-06
1489.87116481 5.08901435657 -0.0169185479215 9.10157119026 0.00179371351106 -1045.52 2101.04 -1.4145e-05
1592.22083699 5.09097290236 -0.0184790995354 9.68440919008 0.00167676898477 -1079.7 2169.4 -0.000117696
1706.96356578 5.0782826123 -0.0198349956945 3.85466695433 0.00182281365002 -1671.31 3352.62 -391413
1603.89225876 5.0828428045 -0.0168743937445 8.77355929154 0.00193220168754 -1083.4 2176.8 -3.46375e-06
1941.38601843 5.08314710278 -0.0184842807263 9.19248058157 0.00163651568963 -1186.81 2383.62 -0.000228344
1669.00813387 5.08478940133 -0.0171740863017 9.02928408611 0.00167849567578 -1107.94 2225.88 -2.32127e-05
1721.89700529 5.0946025315 -0.0182488686343 9.02661572805 0.00192848662595 -1139.78 2289.56 -0.000468213
1656.00181876 5.08608897905 -0.0173581015563 9.03637201345 0.00177660030021 -1109.57 2229.14 -0.000262203
1564.16062801 5.08771305859 -0.0172245953506 8.6304847347 0.00208516051647 -1070.34 2150.68 -0.000361543
1715.34004739 5.08560581319 -0.017662246403 8.88053511317 0.00189502165071 -1156.71 2323.42 -4.60023e-05
1592.87795709 5.08699993455 -0.0173162010875 8.81583165845 0.00207804607966 -1063.91 2137.82 -9.85118e-05
1746.41150816 5.09482188782 -0.0181846785701 8.80134920067 0.00186477038255 -1124.58 2259.16 -0.000314681
1560.55009453 5.09158816313 -0.0172588300896 8.90338205985 0.00175564444094 -1052.72 2115.44 -0.000114046
1666.10827962 5.09212466022 -0.0179136228321 8.82689307901 0.00193017463124 -1055.27 2120.54 -0.000151032
1647.00395624 5.08609948415 -0.0174765821679 8.89417113115 0.00169382655679 -1087.95 2185.9 -6.27847e-05
1477.48001078 5.09041107594 -0.0178288384381 8.39953378355 0.0016974667838 -942.087 1894.174 -5.4929e-05
1465.99221177 5.08011339804 -0.0164729753053 8.35553035072 0.00187852086664 -972.675 1955.35 -6.11262e-05
1733.00062226 5.09496186388 -0.0183383328003 8.76714147156 0.00194518373076 -1122.07 2254.14 -5.60542e-05
1530.63160259 5.08652112114 -0.0168374176105 8.912911285 0.00191442011688 -1041.06 2092.12 -0.000159012
1447.24967743 5.08040216173 -0.0168007567525 8.80112290865 0.00176504281746 -942.991 1895.982 -0.00076979
1672.96621804 5.08451286326 -0.017423723315 9.35529920658 0.00163936725306 -1127.57 2265.14 -0.0228319
1783.25784034 5.09269672482 -0.0184304138566 9.20970961101 0.00186654830481 -1170.28 2350.56 -4.46305e-05
1759.9381785 5.09303981136 -0.0179332029909 9.26467674948 0.00186882923581 -1173.12 2356.24 -0.000158659
1592.6730413 5.08910997881 -0.0178521743159 9.2703800684 0.00188631216758 -1062.17 2134.34 -1.27708e-05
1610.42086372 5.09075027651 -0.0177858454864 9.51379194609 0.00199577203097 -1102.08 2214.16 -0.000129155
1664.84150168 5.08954407229 -0.0174047980958 8.61861225474 0.00192538967547 -1101.92 2213.84 -0.000456889
1678.9879758 5.09244596227 -0.0180091321046 9.0212284115 0.00197690235848 -1091.27 2192.54 -0.00033204
1667.66381822 5.07553083132 -0.0166090350182 9.54015854186 0.00175080562825 -1194.56 2399.12 -0.000120216
1816.83941648 5.09130542634 -0.0183469521249 8.82808022059 0.00177747445096 -1156.69 2323.38 -3.52402e-05
1667.17819477 5.092420373 -0.0181635130107 8.86575159029 0.00198456833189 -1068.82 2147.64 -2.64895e-05
1690.59082514 5.08764054331 -0.0171831348424 8.94872359136 0.00190218755747 -1143.53 2297.06 -3.06497e-05
1900.62774945 5.0966475188 -0.0188203501789 9.07677130667 0.00168081136787 -1184.12 2378.24 -7.81862e-05
1568.18832604 5.08687175396 -0.0175175765645 8.64918413802 0.0020109711063 -1027.1 2064.2 -0.000634105
1743.8996214 5.09711725074 -0.0194667985752 9.33509410106 0.00209075755597 -1101.93 2213.86 -0.00502573
1648.11061509 5.08758155933 -0.017631634886 8.90266840393 0.00188858225725 -1080.04 2170.08 -1.27865e-05
1814.3621873 5.08332873517 -0.0177774838378 8.65158980418 0.00184141085158 -1105.92 2221.84 -5.4135e-06
1532.95423482 5.09197638852 -0.0183816166018 9.21876854582 0.00168479961649 -975.671 1961.342 -9.15135e-06
