"D" "shape" "scale" "logLik" "AIC" "maxgrad"
1736.64519607 -2.54184464064 -0.199986781685 -2065.56 4137.12 -7.27439e-07
1701.01739157 -2.18159882626 -0.179659213647 -2017.98 4041.96 -1.00717e-07
1471.32315924 -2.38247826966 -0.186880530226 -1836.67 3679.34 -0.000226562
1727.42609618 -2.43671208525 -0.194605184928 -2056.08 4118.16 -2.8762e-06
1691.82025122 -2.214484346 -0.174636254364 -2159.2 4324.4 -2.77238e-05
1608.17379466 -2.39367955733 -0.187688129839 -2003.64 4013.28 -0.00048529
1572.44902756 -2.2260000496 -0.180224509352 -1898.65 3803.3 -4.54839e-05
1571.30248697 -2.17501263419 -0.175212920954 -1969.11 3944.22 -3.96848e-05
1541.29833 -2.23014364564 -0.17757644402 -1924 3854 -0.00197211
1863.37187837 -2.41094180661 -0.192101684738 -2234.5 4475 -1.25545e-05
1798.52513932 -2.54081030494 -0.200728930939 -2149.97 4305.94 -3.23813e-05
1742.78491922 -2.40760738779 -0.194389363087 -2039.26 4084.52 -0.000161866
1586.91657961 -2.45715960594 -0.197165910299 -1860.02 3726.04 -1.30791e-05
1675.72314208 -2.25737780629 -0.183365059068 -1999.51 4005.02 -2.1229e-05
1654.63970905 -2.35894638296 -0.187344118163 -2028.53 4063.06 -1.62323e-05
1879.03604379 -2.15035247035 -0.174295411341 -2325.97 4657.94 -5.80643e-05
1512.8832845 -2.51890492125 -0.199994742192 -1787.66 3581.32 -3.80719e-05
1848.46611109 -2.28852687624 -0.183602005985 -2250.33 4506.66 -6.80508e-06
1558.48721815 -2.24089143134 -0.183557141629 -1856.48 3718.96 -1.02331e-05
1725.82333837 -2.37294949386 -0.18867980876 -2085.15 4176.3 -4.70589e-05
1691.55043466 -2.40070230388 -0.186402596404 -2128.57 4263.14 -0.000201603
1691.39130478 -2.36465037187 -0.18992677252 -2025.08 4056.16 -1.18523e-05
1796.71438358 -2.27640537337 -0.186838956894 -2104.19 4214.38 -4.22288e-05
1692.55373558 -2.31053611169 -0.182770295805 -2098.76 4203.52 -6.75228e-05
1728.33842268 -2.55419389314 -0.203029729208 -2037.77 4081.54 -5.18728e-05
1594.56753552 -2.56431323727 -0.203681536459 -1883.47 3772.94 -9.34386e-05
1599.51354529 -2.2822908277 -0.183155822016 -1940.46 3886.92 -8.82113e-06
1818.11077182 -2.29432145045 -0.185892870546 -2171.97 4349.94 -6.59429e-05
1635.17161134 -2.40389602722 -0.192735592539 -1955.29 3916.58 -6.386e-05
1658.94061944 -2.29308148174 -0.1878064157 -1948.88 3903.76 -2.09221e-06
1859.51367071 -2.51879612753 -0.202136352127 -2155.85 4317.7 -2.80179e-06
1916.35547744 -2.32015654817 -0.187225059924 -2296.75 4599.5 -8.19114e-05
1780.82805566 -2.41360887557 -0.191095596865 -2170.71 4347.42 -1.03691e-05
1627.41011601 -2.52299746972 -0.19997248012 -1922.92 3851.84 -4.54785e-07
1773.42238417 -2.38749472483 -0.192021388174 -2102.66 4211.32 -7.63515e-05
1600.0674652 -2.20795158343 -0.179465546001 -1933.99 3873.98 -2.83542e-05
1759.09417688 -2.22348381193 -0.180762503657 -2123.33 4252.66 -9.21066e-06
1652.40299702 -2.387962657 -0.189057142563 -2015.11 4036.22 -8.10332e-05
1526.56126105 -2.43809512252 -0.192092684669 -1851.76 3709.52 -7.5006e-08
1844.01957575 -2.32616244331 -0.188744744099 -2178.71 4363.42 -0.00114105
1828.076379 -2.5188091309 -0.200374348241 -2149.24 4304.48 -0.00293048
1709.56401686 -2.16906706985 -0.181023840486 -1992.48 3990.96 -0.00107637
1608.74071535 -2.21753055409 -0.181290730351 -1928.25 3862.5 -0.000245774
1682.53663564 -2.24644978935 -0.179988333505 -2066.86 4139.72 -1.67828e-06
1769.01441774 -2.41433248506 -0.190816145107 -2144.66 4295.32 -1.17897e-05
1814.31905609 -2.35980353631 -0.190459946558 -2154.05 4314.1 -0.000224188
1790.69768395 -2.2395569881 -0.182451001706 -2135.19 4276.38 -2.22424e-06
1598.27184231 -2.39330799816 -0.195083652247 -1834.71 3675.42 -0.0004937
1523.52623234 -2.35979871975 -0.187955508216 -1840.22 3686.44 -1.42542e-06
1748.7922665 -2.25869494375 -0.182862081025 -2115.13 4236.26 -3.17291e-05
1680.67167474 -2.33067038976 -0.190242801299 -1961.5 3929 -0.000151466
1744.12253378 -2.40031093772 -0.190203774705 -2106.64 4219.28 -9.97403e-07
1888.96823235 -2.15777858659 -0.175381336992 -2301.55 4609.1 -6.85093e-05
1579.98128949 -2.41301202433 -0.19010742974 -1921.99 3849.98 -1.96645e-07
1830.55229286 -2.26126573701 -0.18209650531 -2229.96 4465.92 -0.000159723
1916.02618895 -2.49513406847 -0.199262105591 -2266.16 4538.32 -1.06759e-07
1930.38686334 -2.16888122911 -0.174214387696 -2404.23 4814.46 -0.00116832
1598.71935917 -2.56894546186 -0.19999496736 -1948.59 3903.18 -2.85379e-07
1764.36930759 -2.2674220379 -0.190477471469 -1978 3962 -0.00132706
1782.02958028 -2.5049979919 -0.195549853168 -2192.71 4391.42 -0.000111618
1959.04095631 -2.40385491987 -0.194096145039 -2303.51 4613.02 -0.00147194
1857.15895465 -2.22712801338 -0.181608955647 -2217.16 4440.32 -3.75919e-05
1619.14893275 -2.67092181849 -0.212320217266 -1862.08 3730.16 -8.02269e-06
1835.40953958 -2.4529122525 -0.194953995739 -2212.77 4431.54 -1.31303e-07
1644.55404969 -2.33195864685 -0.184308381397 -2054.64 4115.28 -0.000153344
1668.02531117 -2.37678877547 -0.192343909211 -1958.96 3923.92 -1.18108e-05
1644.26127622 -2.22993378611 -0.181979109871 -1955.58 3917.16 -4.61645e-05
1407.45127699 -2.13237239464 -0.170968946464 -1783.56 3573.12 -3.68855e-05
1782.77789485 -2.39940529135 -0.193488727822 -2105.58 4217.16 -9.67491e-07
1619.12908143 -2.51218755782 -0.196792613169 -1971.46 3948.92 -1.86447e-05
1647.16661399 -2.43445915148 -0.191113579561 -2025.03 4056.06 -0.000207143
1748.877009 -2.56439357348 -0.200725187477 -2096.99 4199.98 -1.76195e-07
1826.11366123 -2.61434163103 -0.203804581364 -2205.14 4416.28 -8.52618e-05
1762.70252332 -2.55896734237 -0.203135889041 -2075.72 4157.44 -6.2103e-05
1641.87315557 -2.56033981914 -0.203651728094 -1925.07 3856.14 -0.000303633
1774.5533682 -2.07105948055 -0.169964560527 -2190.4 4386.8 -5.9226e-05
1637.29791269 -2.40863623045 -0.196205606213 -1899.63 3805.26 -5.58121e-07
1761.28581836 -2.259245504 -0.186395289529 -2065.64 4137.28 -0.000129515
1758.35714089 -2.38109084004 -0.188932534103 -2124.84 4255.68 -5.80078e-05
1688.66856851 -2.44674174994 -0.194555600105 -2027.47 4060.94 -0.000158069
1800.96161881 -2.43474154741 -0.193395726965 -2154.91 4315.82 -1.29319e-05
1699.14430407 -2.31731154617 -0.185771787811 -2058.33 4122.66 -1.34258e-05
1600.96815293 -2.3084870593 -0.183307858474 -1957.27 3920.54 -3.86934e-05
1900.39678342 -2.38686646837 -0.193558122997 -2225.91 4457.82 -2.18881e-05
1825.01734868 -2.3033117031 -0.183487918567 -2246.23 4498.46 -2.69863e-06
1738.90082447 -2.43043604296 -0.193398261548 -2080.41 4166.82 -0.000170321
1611.54356583 -2.29816319201 -0.188566334963 -1879.65 3765.3 -3.09054e-07
1714.74470515 -2.42144489612 -0.193756265754 -2046.5 4099 -1.44019e-06
1817.46661285 -2.45433945379 -0.198040975612 -2123.62 4253.24 -3.95474e-05
1444.20497453 -2.274912326 -0.182515215002 -1757.13 3520.26 -5.61731e-06
1756.95153803 -2.25333874377 -0.182565954762 -2142.79 4291.58 -0.00104514
1424.26336743 -2.6892327278 -0.214322653625 -1629.4 3264.8 -0.000400453
1509.33967703 -2.2725137981 -0.185304691196 -1787.48 3580.96 -4.55716e-06
1639.71101054 -2.463760233 -0.195869190549 -1956.46 3918.92 -5.90392e-05
1639.27535741 -2.39272901098 -0.186738216779 -2035.75 4077.5 -0.000451658
1622.73107903 -2.42326320667 -0.191867389325 -1961.72 3929.44 -2.67925e-05
1741.65719092 -2.37197520861 -0.191388914125 -2071.06 4148.12 -0.000140574
1694.96195137 -2.41069769565 -0.192667651974 -2009.23 4024.46 -3.93137e-05
1692.0692658 -2.4250543657 -0.189565274195 -2085.64 4177.28 -1.14873e-05
1593.64431913 -2.32458097304 -0.18433594311 -1957.52 3921.04 -1.37109e-07
1768.67442364 -2.40808456344 -0.193035354694 -2116.87 4239.74 -4.34395e-05
1641.06466538 -2.50357914205 -0.207499641726 -1799.73 3605.46 -0.000136447
1523.13918005 -2.45869004904 -0.19562798061 -1819.28 3644.56 -7.23958e-05
1876.18225286 -2.15856507209 -0.176457851141 -2274.59 4555.18 -7.41644e-07
1643.25107566 -2.33074697813 -0.186851850365 -1995.81 3997.62 -2.05821e-06
1637.49783887 -2.2752354748 -0.183897775693 -1968.01 3942.02 -3.23564e-06
1703.87305549 -2.50990541416 -0.197612198742 -2048.49 4102.98 -0.000122864
1789.97158739 -2.4093199846 -0.191992562874 -2143.91 4293.82 -0.000466816
1522.5309245 -2.54381801133 -0.199895730014 -1839.72 3685.44 -4.9194e-05
1821.12176721 -2.32620522348 -0.186179697729 -2204.52 4415.04 -0.000516082
1493.41538095 -2.25546838332 -0.180524917126 -1840.51 3687.02 -0.000123545
1504.30335626 -2.23800304799 -0.176335200714 -1908.89 3823.78 -5.10124e-08
1459.23808607 -2.28661967932 -0.182107209309 -1800.06 3606.12 -2.5802e-05
1664.03317722 -2.38023893081 -0.191689649566 -1975.11 3956.22 -3.88871e-05
1698.01405995 -2.38822642087 -0.192541427362 -1997.48 4000.96 -3.48869e-05
1630.19296731 -2.36808994229 -0.185550491525 -2016.11 4038.22 -9.37376e-05
1487.18401441 -2.58182668237 -0.205207512418 -1734.96 3475.92 -3.27684e-07
1665.29912464 -2.20094562672 -0.178407223072 -2030.77 4067.54 -1.29775e-07
1750.34305028 -2.20443484519 -0.177940617234 -2142.12 4290.24 -1.2918e-06
1670.1330026 -2.30996805208 -0.182668398615 -2070.29 4146.58 -0.00660756
1564.70009364 -2.43909162077 -0.197881005259 -1823.95 3653.9 -4.92042e-06
1732.63629197 -2.38122061858 -0.194123663469 -2009.31 4024.62 -0.000277308
1518.82507289 -2.32398422594 -0.184080055004 -1877.28 3760.56 -5.94016e-06
1631.47196887 -2.40487757747 -0.189657411875 -2004.28 4014.56 -0.00250385
1679.57535839 -2.36937095785 -0.19390913713 -1942.02 3890.04 -5.68962e-07
1834.60704077 -2.48847348254 -0.199382586981 -2159.49 4324.98 -5.14633e-07
1715.74859535 -2.35658565029 -0.187412635394 -2084.5 4175 -6.14718e-05
1917.08315327 -2.39680363009 -0.19036055916 -2314.29 4634.58 -4.76838e-05
1852.90043694 -2.41426631528 -0.193124198204 -2208.58 4423.16 -7.63103e-07
1739.60189984 -2.25277379882 -0.182349241181 -2101.6 4209.2 -5.07771e-05
1725.08291408 -2.36835453433 -0.184725798482 -2164.15 4334.3 -4.09222e-05
1782.83625915 -2.31454159578 -0.191097363359 -2047.46 4100.92 -2.10306e-05
1611.40587203 -2.6432559959 -0.209120205505 -1869.19 3744.38 -4.17357e-06
1708.27717574 -2.27973992135 -0.18190560563 -2108.95 4223.9 -1.55792e-07
1648.24069689 -2.13611189164 -0.174043961469 -2006.3 4018.6 -1.41118e-06
1747.91325738 -2.39764738611 -0.193552563875 -2056.43 4118.86 -2.45689e-05
1565.81875373 -2.21325171742 -0.175141502049 -1979.36 3964.72 -0.000301823
1530.38476786 -2.23096791254 -0.179002194793 -1887.51 3781.02 -4.55686e-05
1667.28442514 -2.40772693203 -0.188735836845 -2044.61 4095.22 -3.54211e-05
1688.93706299 -2.6797621623 -0.213115094851 -1942.8 3891.6 -5.913e-06
1454.06238169 -2.43239853513 -0.193643683666 -1731.1 3468.2 -0.00150835
1611.99649319 -2.28344938809 -0.187620008424 -1887 3780 -0.000215874
1771.95686355 -2.34494128926 -0.190712438263 -2079.76 4165.52 -2.10565e-05
1588.44385529 -2.41747748613 -0.193441523424 -1903.04 3812.08 -2.78516e-06
1792.77426262 -2.30499645427 -0.184861175406 -2172.96 4351.92 -1.99258e-06
1752.24785579 -2.41982663305 -0.192068550968 -2118.84 4243.68 -0.000232225
1839.74612114 -2.29192403909 -0.186697695884 -2179.77 4365.54 -2.36104e-07
1666.42071592 -2.54225876026 -0.199066184956 -2003.17 4012.34 -0.000218194
1694.67402298 -2.46307782749 -0.196095058754 -2024.71 4055.42 -0.000249585
1644.43902252 -2.18461023832 -0.177955558622 -1995.57 3997.14 -1.08673e-06
1607.6312668 -2.53787946065 -0.20053307334 -1915.17 3836.34 -0.000106583
1741.65864154 -2.39398032309 -0.194520951382 -2028.95 4063.9 -3.73365e-05
1851.58673961 -2.39158610117 -0.19413806844 -2158.25 4322.5 -6.84114e-07
1792.89960147 -2.33626913808 -0.185401972454 -2188.66 4383.32 -0.000598079
1543.97121201 -2.57451640337 -0.203818751236 -1816.05 3638.1 -0.000248818
1848.68193176 -2.3863090563 -0.193056015728 -2175.39 4356.78 -3.00977e-05
1687.40960727 -2.36856629454 -0.187708258719 -2058.9 4123.8 -3.65277e-05
1722.36446006 -2.20605512503 -0.178627338765 -2098.08 4202.16 -4.24584e-07
1769.43143548 -2.32494699784 -0.186576257742 -2112.76 4231.52 -1.34366e-05
1784.76664683 -2.34718975339 -0.188593180408 -2129.68 4265.36 -7.53896e-07
1920.73629606 -2.40447458089 -0.194583247695 -2254.85 4515.7 -8.92791e-05
1635.12302198 -2.32146302803 -0.186743351178 -1962.55 3931.1 -0.000642592
1641.36246659 -2.50152070432 -0.194996374463 -2022.9 4051.8 -1.20381e-05
1639.93451109 -2.3603342293 -0.185250789054 -2056.02 4118.04 -1.61035e-06
1537.60990389 -2.48736649064 -0.193794994147 -1903.71 3813.42 -4.97874e-05
1630.45572706 -2.34974468324 -0.190535603723 -1924.87 3855.74 -0.000256889
1654.06066452 -2.45178351335 -0.195052858473 -2004.97 4015.94 -3.26076e-05
1785.64559071 -2.37899337685 -0.196793747243 -2014.49 4034.98 -1.89229e-06
1837.17165517 -2.36839786216 -0.191065771438 -2185.48 4376.96 -8.6202e-05
1647.7993373 -2.38179368087 -0.190540355375 -1974.04 3954.08 -3.32398e-06
1787.08534628 -2.55947955165 -0.198394352813 -2188.21 4382.42 -6.12632e-06
1628.59529861 -2.56752146168 -0.20489575587 -1891.24 3788.48 -3.70472e-05
1646.9066609 -2.46453760754 -0.194746102117 -2008.9 4023.8 -1.80535e-07
1722.69592348 -2.53217424765 -0.198277545364 -2091.57 4189.14 -7.05631e-05
1612.64986753 -2.29754361484 -0.182398299675 -1998.03 4002.06 -0.00212247
1656.35947968 -2.5116258793 -0.203466656039 -1884.76 3775.52 -0.00103453
1653.16316732 -2.42921616834 -0.195838172658 -1945.55 3897.1 -4.66565e-05
1492.26681538 -2.40585978781 -0.185990567691 -1887.69 3781.38 -3.05738e-05
1668.78902808 -2.24684186678 -0.181111192938 -2025.96 4057.92 -0.00114883
1778.19117818 -2.45419425167 -0.19354891867 -2147.9 4301.8 -1.64789e-07
1561.28859039 -2.33613756839 -0.185372275047 -1909.55 3825.1 -1.50657e-05
1611.6487463 -2.35258157879 -0.189833028653 -1914.49 3834.98 -3.50739e-05
1727.7523493 -2.29519176128 -0.183765926745 -2105.12 4216.24 -0.000183469
1658.40958643 -2.3045548138 -0.180962743076 -2073.66 4153.32 -0.000172999
1734.19814374 -2.15557113933 -0.174685778883 -2125.36 4256.72 -4.07598e-07
1775.46770566 -2.35944958924 -0.18978686579 -2107.42 4220.84 -6.22401e-05
1706.03592141 -2.59223763439 -0.209268743704 -1940.84 3887.68 -0.000849895
1671.0454627 -2.35767718516 -0.18579748222 -2064.53 4135.06 -7.98213e-06
1630.01794793 -2.22233168043 -0.181527186337 -1946.95 3899.9 -6.19191e-07
1744.94559586 -2.56240226668 -0.201415321902 -2086.69 4179.38 -5.58867e-07
1877.6801317 -2.35522582181 -0.190927235079 -2214.73 4435.46 -1.84223e-05
1728.35889861 -2.40876994429 -0.191739916749 -2096.24 4198.48 -2.58104e-06
1708.78213361 -2.21812503713 -0.17747854208 -2129.68 4265.36 -6.17854e-07
1740.88511042 -2.45104194525 -0.193807785953 -2115.64 4237.28 -6.43651e-05
1956.47957973 -2.25824824684 -0.184759233359 -2308.49 4622.98 -1.85765e-05
1764.453117 -2.54604623903 -0.201842119569 -2063.4 4132.8 -0.00205113
1896.40461772 -2.33624739191 -0.193001474817 -2172.01 4350.02 -7.49215e-06
1939.06394897 -2.49740139608 -0.201023406963 -2263.29 4532.58 -3.92449e-05
1664.93596592 -2.3206334238 -0.185085807864 -2034.71 4075.42 -8.63398e-05
1543.03728794 -2.50010663814 -0.195683423985 -1890.25 3786.5 -7.26892e-05
1825.3502663 -2.20439771593 -0.179982636964 -2181.5 4369 -2.16654e-05
1555.26181276 -2.28409959207 -0.181550488063 -1936.49 3878.98 -2.78364e-05
1839.73540933 -2.17820140408 -0.177766749438 -2221.86 4449.72 -6.3988e-05
1548.54425869 -2.33008456319 -0.190494757069 -1792.8 3591.6 -1.59933e-05
1699.14942644 -2.26748070057 -0.183052455755 -2058.34 4122.68 -3.43969e-07
1749.00128125 -2.38882233219 -0.193047019965 -2078.68 4163.36 -9.60393e-06
1726.89542164 -2.4961038774 -0.195150824677 -2097.78 4201.56 -1.44064e-05
1755.79239982 -2.38848819154 -0.196356637613 -1988.82 3983.64 -0.00180251
1671.95838701 -2.4507317891 -0.195811833157 -1989.93 3985.86 -0.000201351
1670.19629811 -2.44211731362 -0.191171602048 -2061.04 4128.08 -2.32332e-06
1857.79592806 -2.19479200084 -0.180975448056 -2191.55 4389.1 -0.000719861
1864.8444877 -2.3100262869 -0.183685015244 -2292.72 4591.44 -5.43768e-08
1902.85691744 -2.33827242042 -0.193054832883 -2175.55 4357.1 -0.000488807
1721.00678946 -2.16702907118 -0.17801679974 -2054.46 4114.92 -0.000954904
1658.04500422 -2.32949936544 -0.187888507821 -1981.81 3969.62 -4.3268e-06
1603.10441192 -2.33493417184 -0.188581427621 -1914.47 3834.94 -2.69903e-06
1499.72250517 -2.30141167326 -0.178336659951 -1942.3 3890.6 -2.90019e-07
1608.57566516 -2.49695478869 -0.194947803853 -1962.91 3931.82 -8.8497e-05
1730.74844609 -2.17606618599 -0.179278334674 -2049.41 4104.82 -2.50034e-06
1674.37315703 -2.27874341582 -0.182006026164 -2062.68 4131.36 -0.000321629
1701.34879643 -2.33894024502 -0.186277486623 -2071.23 4148.46 -1.71454e-07
1639.1199383 -2.30288031443 -0.184178979343 -1994.17 3994.34 -9.99215e-06
1470.25728006 -2.33011425691 -0.181123609251 -1864.97 3735.94 -0.000106867
1753.87859872 -2.31748365807 -0.183989280539 -2167.05 4340.1 -1.59334e-06
1597.91593932 -2.33864694092 -0.186695702299 -1937.09 3880.18 -7.83756e-06
1691.75683999 -2.28863845962 -0.182851540618 -2079.47 4164.94 -1.32286e-06
1652.26850956 -2.45153234023 -0.190407910417 -2053.02 4112.04 -8.30504e-05
1853.31487966 -2.39373327001 -0.192829940651 -2194.52 4395.04 -3.88906e-06
1562.50910942 -2.36760513493 -0.190452067093 -1850.11 3706.22 -0.000166779
1583.66833822 -2.37150857132 -0.188285727112 -1942.9 3891.8 -1.68794e-07
1814.35323997 -2.18079367016 -0.174470546759 -2264.25 4534.5 -4.45558e-06
1886.46211066 -2.3552991352 -0.19102026028 -2223.49 4452.98 -9.02402e-07
1785.30182306 -2.25691912585 -0.182719905023 -2149.25 4304.5 -0.000117787
1790.9402293 -2.49875155627 -0.199034982111 -2110.61 4227.22 -4.38778e-06
1496.09589555 -2.33374428845 -0.188242655373 -1791.01 3588.02 -4.5384e-05
1702.5351464 -2.57040479955 -0.203822366988 -2004.16 4014.32 -2.0637e-07
1617.43284397 -2.22125044862 -0.183890377311 -1885.4 3776.8 -5.1646e-05
1669.54240245 -2.44212124409 -0.193907200718 -2006.73 4019.46 -3.9862e-05
1621.13462756 -2.37515929585 -0.192671312962 -1881.21 3768.42 -4.1976e-06
1640.2269954 -2.18753585661 -0.181089035955 -1936.69 3879.38 -0.000405909
1699.64603308 -2.45087494205 -0.19624682366 -2013.38 4032.76 -0.000734976
1705.38146958 -2.23354841459 -0.180248426888 -2071.24 4148.48 -0.000107949
1461.05375806 -2.33374205725 -0.188413696492 -1753.9 3513.8 -1.87275e-07
1598.02245298 -2.47924473776 -0.19295325352 -1968.05 3942.1 -5.3026e-05
1595.76317518 -2.42194543653 -0.193132926927 -1912.21 3830.42 -0.000376276
1636.30072242 -2.18267986932 -0.173678077977 -2052.13 4110.26 -8.06542e-05
1673.16467087 -2.34773610581 -0.186915074858 -2026.62 4059.24 -2.14546e-06
1767.09254603 -2.15555201677 -0.17305311384 -2222.64 4451.28 -8.44371e-08
1518.02279679 -2.57893719135 -0.207178770659 -1745.84 3497.68 -7.07739e-05
1770.26687325 -2.45144165737 -0.196017181076 -2101.94 4209.88 -0.000306014
1678.36483249 -2.48522313011 -0.197431787756 -2003.92 4013.84 -1.28431e-05
1829.54230949 -2.42768930302 -0.19444802168 -2154.42 4314.84 -6.11975e-07
1709.1097625 -2.41330149862 -0.191147801626 -2071.74 4149.48 -1.17523e-06
1703.15079362 -2.43347422655 -0.193112897415 -2048.49 4102.98 -0.000281201
1678.86778121 -2.45824730298 -0.192327293357 -2068.47 4142.94 -8.6603e-05
1546.52959881 -2.30727462479 -0.182920067635 -1922.85 3851.7 -6.6262e-07
1691.64913525 -2.41290754449 -0.192561042309 -2015.93 4037.86 -6.85255e-05
1785.80080268 -2.51996054369 -0.204641392639 -2030.77 4067.54 -2.27869e-05
1604.12957761 -2.26425561547 -0.17704014392 -2048.17 4102.34 -3.05436e-06
1898.25327697 -2.4063253173 -0.194708388402 -2221.97 4449.94 -9.96596e-05
1639.58567496 -2.48830531049 -0.201759094926 -1860.84 3727.68 -2.62182e-05
1815.77699276 -2.21044695027 -0.179751060291 -2186.03 4378.06 -0.001562
1673.94898773 -2.1123810175 -0.170804264291 -2082.48 4170.96 -4.63918e-07
1720.91408005 -2.32354503812 -0.189401751906 -2030.94 4067.88 -0.000105639
1535.15765376 -2.29677576831 -0.185976778201 -1822.99 3651.98 -2.09348e-06
1785.05617519 -2.43728222017 -0.189859378099 -2221.38 4448.76 -6.57601e-05
1574.17889572 -2.28841351668 -0.183854205242 -1907.28 3820.56 -4.2754e-08
1666.62485521 -2.20772237198 -0.181061664322 -1981.13 3968.26 -1.33425e-06
1505.32273567 -2.38446046111 -0.186866801618 -1883.1 3772.2 -7.3156e-07
1757.32566467 -2.37617659068 -0.189584371449 -2114.21 4234.42 -0.00112757
1654.0910003 -2.45352015715 -0.198135174313 -1933.19 3872.38 -0.000126434
1587.4789423 -2.27833427144 -0.184224883668 -1915.39 3836.78 -5.35435e-06
1615.24782408 -2.40852331925 -0.195025772922 -1888.5 3783 -1.04033e-06
1673.85820082 -2.18395529784 -0.178952605718 -2002.84 4011.68 -1.03535e-06
1679.03165028 -2.40274935328 -0.191493367619 -2020.58 4047.16 -6.58441e-05
1927.4539041 -2.3456792079 -0.189144960453 -2300.27 4606.54 -5.7394e-05
1565.0880646 -2.33822631119 -0.184115683324 -1934.3 3874.6 -0.00109973
1772.21362839 -2.38509440286 -0.186613717017 -2209.37 4424.74 -0.000214155
1741.62779225 -2.14636696257 -0.176548379453 -2094.99 4195.98 -7.41031e-05
1505.57010827 -2.42946087442 -0.189180639822 -1875.95 3757.9 -8.49616e-06
1620.81317412 -2.20941812238 -0.183933435092 -1877.31 3760.62 -1.74291e-05
1790.87412015 -2.26837431369 -0.182846716728 -2161.92 4329.84 -3.4424e-05
1432.53687706 -2.37817541281 -0.188208747159 -1753.71 3513.42 -2.40628e-05
1647.15513618 -2.36807397405 -0.188471758023 -2007.86 4021.72 -2.02304e-05
1634.4300564 -2.20653570947 -0.178132203747 -2002.32 4010.64 -0.000190737
1628.63359671 -2.44459341009 -0.196089810839 -1912.02 3830.04 -0.00281541
1781.79294597 -2.34707987721 -0.189951107946 -2106.23 4218.46 -7.72367e-06
1653.70773 -2.56657332871 -0.202594438202 -1958.61 3923.22 -2.78197e-05
1729.63151431 -2.31217833136 -0.187646027771 -2039.49 4084.98 -9.21863e-05
1687.8379581 -2.31618827158 -0.185943385801 -2036.19 4078.38 -8.58213e-05
1664.81991447 -2.3977213565 -0.19008371508 -2007.51 4021.02 -3.40978e-06
1668.00609272 -2.40423138202 -0.189104808735 -2047.44 4100.88 -2.65633e-07
1544.90305355 -2.48976737319 -0.194562870452 -1889.96 3785.92 -7.43286e-05
1526.47020952 -2.19282994784 -0.17736116337 -1869.71 3745.42 -4.87132e-06
1732.74288008 -2.21546493454 -0.179446493653 -2101.95 4209.9 -4.01812e-06
1624.8879314 -2.34738001198 -0.189364251217 -1925.74 3857.48 -0.000660099
1761.17028121 -2.39871107605 -0.194606908657 -2054.31 4114.62 -8.06238e-06
1548.70193621 -2.59721838607 -0.201871033897 -1879.18 3764.36 -8.84619e-06
1616.84376184 -2.25358418604 -0.17728654782 -2051.64 4109.28 -0.00140853
1723.30114401 -2.32578353646 -0.192555905642 -1954.27 3914.54 -8.91773e-06
1643.89799491 -2.27327919467 -0.182076522239 -2023.28 4052.56 -1.0859e-06
1746.53037033 -2.28622724466 -0.176718325378 -2263.58 4533.16 -0.00328025
1450.08389907 -2.73396685471 -0.211029232126 -1753.82 3513.64 -6.4425e-05
1657.99984955 -2.47403221769 -0.196830722904 -1980.57 3967.14 -0.00144777
1642.86207836 -2.15080493894 -0.17113930911 -2091.8 4189.6 -8.0143e-08
1835.46302464 -2.21777240028 -0.181034292022 -2188.18 4382.36 -6.00704e-05
1720.36291664 -2.61630290846 -0.206521771057 -2014.65 4035.3 -1.60131e-07
1648.16532259 -2.35437766735 -0.189335099734 -1964.03 3934.06 -0.00171936
1634.95026394 -2.37440662041 -0.188506964167 -1984.84 3975.68 -1.1281e-07
1734.03367607 -2.61847594872 -0.204243718294 -2089.88 4185.76 -2.19381e-05
1618.37749993 -2.39853754083 -0.188791562276 -1990.65 3987.3 -0.000493762
1620.67265175 -2.38036249233 -0.192980935242 -1907.64 3821.28 -4.01658e-06
1841.7384901 -2.31204958255 -0.183246002717 -2281.21 4568.42 -0.000221813
1551.45036712 -2.43518180048 -0.192767978912 -1886.19 3778.38 -1.40986e-05
1657.02294199 -2.39031349717 -0.192967782417 -1941.16 3888.32 -5.40918e-06
1605.11088727 -2.48731443876 -0.196994071165 -1926.51 3859.02 -0.00218254
1776.43451961 -2.53196046533 -0.199038039672 -2152.45 4310.9 -3.54725e-05
1808.31721311 -2.33909211427 -0.188160814851 -2166.16 4338.32 -1.52462e-08
1855.7712847 -2.54047170112 -0.202214658268 -2178.52 4363.04 -1.5873e-05
1607.3738845 -2.27195637728 -0.18591373169 -1900.43 3806.86 -0.00376859
1754.74597509 -2.32188331563 -0.18383245626 -2170.55 4347.1 -2.84596e-05
1748.06235203 -2.3724853448 -0.188156614308 -2136.42 4278.84 -7.92752e-05
1700.37757553 -2.20620870593 -0.180183296046 -2047.63 4101.26 -4.40347e-06
1851.09694048 -2.32112619254 -0.186387198128 -2245.21 4496.42 -4.64451e-05
1594.38296365 -2.46800841872 -0.199777351027 -1842.86 3691.72 -9.65709e-05
1657.34117209 -2.1869161973 -0.176424930616 -2035.18 4076.36 -9.26374e-07
1636.89882939 -2.63139535737 -0.210553510754 -1880.82 3767.64 -0.00026339
1543.9636208 -2.19346037586 -0.17597522321 -1894.46 3794.92 -0.000172047
1572.40200918 -2.28435908851 -0.1823305728 -1916.94 3839.88 -0.00254862
1799.38093603 -2.28350070795 -0.181465977902 -2229.75 4465.5 -4.09265e-06
1653.53581101 -2.62328718052 -0.204502135641 -1984.94 3975.88 -8.91608e-05
1861.41614986 -2.34212596051 -0.190481384887 -2184.22 4374.44 -2.84121e-07
1501.44230844 -2.44906598713 -0.196319209099 -1769.05 3544.1 -3.86268e-05
1630.76633335 -2.27783454374 -0.181938759177 -2003.29 4012.58 -1.65822e-05
1789.51189044 -2.12098348137 -0.175582725409 -2126.01 4258.02 -4.08611e-06
1672.2186872 -2.43918584169 -0.191136343119 -2048.61 4103.22 -1.38149e-07
1774.80814668 -2.41802324613 -0.193061076797 -2119.91 4245.82 -1.00251e-05
1725.2181589 -2.48644916277 -0.196039097227 -2080.08 4166.16 -2.61771e-05
1650.6483583 -2.204150413 -0.177061429487 -2048.53 4103.06 -9.76561e-07
1608.22085203 -2.33060635917 -0.18697029742 -1930.33 3866.66 -0.000170439
1625.38027949 -2.65814212082 -0.211347745524 -1872.82 3751.64 -2.94001e-05
1654.4480164 -2.19454976671 -0.179321266794 -1978.32 3962.64 -7.97318e-06
1581.60232143 -2.35836725656 -0.185579012133 -1953.79 3913.58 -0.000497685
1698.78799025 -2.23425242723 -0.178819932907 -2085.68 4177.36 -1.23845e-05
1711.60779018 -2.37414083955 -0.189319813904 -2054.4 4114.8 -8.8626e-07
1639.03116091 -2.43074564903 -0.194815064298 -1935.46 3876.92 -0.000562034
1645.12124164 -2.37135932089 -0.191365499094 -1944.52 3895.04 -0.00251113
1617.89397518 -2.54496098692 -0.200025459533 -1955.43 3916.86 -7.82502e-05
1658.73771011 -2.34415924954 -0.185612528777 -2055.38 4116.76 -0.00038556
1852.28671449 -2.11851908378 -0.176073350161 -2204.31 4414.62 -9.92988e-05
1750.91186352 -2.19988969423 -0.182245401481 -2055.45 4116.9 -6.82901e-05
1495.16809684 -2.28875144079 -0.178276313978 -1920.71 3847.42 -0.000602667
1607.01303967 -2.45410381525 -0.198636383525 -1869.32 3744.64 -7.05603e-05
1940.00107117 -2.27940279483 -0.185112869738 -2314.83 4635.66 -1.85527e-06
1762.58464529 -2.23775342042 -0.178477941268 -2208.22 4422.44 -4.78172e-07
1608.89201027 -2.39549808184 -0.190690375398 -1946.4 3898.8 -5.20574e-06
1851.67065462 -2.28666422934 -0.182735484904 -2266.58 4539.16 -2.75722e-07
1669.80306399 -2.32671877033 -0.191463403523 -1927.68 3861.36 -2.65884e-06
1828.3150515 -2.46059732651 -0.193406029938 -2231.73 4469.46 -5.12307e-06
1680.98079736 -2.23285837293 -0.184869783775 -1940.22 3886.44 -1.05548e-07
1878.50417642 -2.33996201112 -0.189970522988 -2228.44 4462.88 -9.24041e-05
1630.50745863 -2.32382786564 -0.187674597459 -1951.29 3908.58 -5.58366e-06
1552.61913421 -2.21228910617 -0.17783569305 -1930.09 3866.18 -1.82454e-05
1800.30469001 -2.48719664581 -0.197326753148 -2161.17 4328.34 -8.79986e-05
1702.9232821 -2.23807744637 -0.179859661581 -2086.13 4178.26 -0.000195256
1645.44223236 -2.38031665186 -0.194953005126 -1894.53 3795.06 -1.0701e-05
1925.66136458 -2.2008838524 -0.179991331138 -2308.65 4623.3 -0.000952455
1551.45233039 -2.47567777413 -0.197279308168 -1851.32 3708.64 -1.02166e-05
1509.05436935 -2.35771195212 -0.184877224469 -1888.94 3783.88 -0.000804878
1690.2304342 -2.4438457554 -0.196786476371 -1983.17 3972.34 -9.37547e-05
1613.06076184 -2.43457158289 -0.191267592225 -1980.61 3967.22 -0.000569715
1676.67598531 -2.30760998954 -0.182989979196 -2095.68 4197.36 -2.85746e-07
1659.36585128 -2.38507566792 -0.19051471601 -1990.52 3987.04 -0.00190898
1578.5114643 -2.34938689184 -0.186445346047 -1940.38 3886.76 -7.93379e-05
1619.37097464 -2.40675813724 -0.191100092878 -1953.36 3912.72 -0.00119044
1650.23539084 -2.3807763202 -0.18842637972 -2027.2 4060.4 -1.06284e-05
1754.34967565 -2.1476507592 -0.177989531865 -2068.98 4143.96 -1.19783e-06
1921.77077001 -2.5774667115 -0.206235860572 -2217.89 4441.78 -2.91843e-06
1506.70298427 -2.39274198585 -0.189304375909 -1832.04 3670.08 -6.0711e-05
1580.90738318 -2.15364754233 -0.176151813446 -1905.95 3817.9 -0.000351304
1746.60966748 -2.35147485675 -0.188782030565 -2073.1 4152.2 -8.25051e-06
1588.46240716 -2.20714330277 -0.177472670948 -1966.82 3939.64 -6.58785e-05
1903.87684286 -2.38283587767 -0.19352674922 -2216.42 4438.84 -2.6938e-05
1833.74923866 -2.53083089327 -0.202143145683 -2152.29 4310.58 -0.000673531
1780.01012447 -2.4546449328 -0.194774544446 -2131.41 4268.82 -2.58672e-07
1884.74179574 -2.34640998244 -0.188815942615 -2254.81 4515.62 -7.19671e-05
1810.53349245 -2.22799536174 -0.182024831232 -2145.44 4296.88 -1.48667e-05
1649.07614846 -2.4037976929 -0.198066140449 -1867.87 3741.74 -0.000122622
1692.71365995 -2.40243360172 -0.192513685148 -2019.22 4044.44 -9.4013e-06
1680.96388675 -2.28275239974 -0.183796690179 -2043.15 4092.3 -0.00053848
1736.85517476 -2.49266828563 -0.194062601449 -2136.39 4278.78 -7.57897e-06
1621.08445879 -2.34395813517 -0.187139508893 -1970.24 3946.48 -2.40018e-06
1821.35039594 -2.32384816996 -0.184084687019 -2261.24 4528.48 -7.47852e-05
1728.67572685 -2.31872350579 -0.182314973695 -2175.93 4357.86 -2.43558e-07
1778.29760417 -2.43024277991 -0.195756425385 -2081.49 4168.98 -1.14003e-07
1776.8167221 -2.28760160463 -0.183139286517 -2178.02 4362.04 -0.00122655
1721.29960803 -2.36427637095 -0.188849644115 -2072.9 4151.8 -0.000939585
1735.5851449 -2.40168709113 -0.193458213468 -2047 4100 -0.00227582
1614.66358383 -2.50823301667 -0.200393140889 -1894.54 3795.08 -0.000355752
1932.08141198 -2.34120076419 -0.189152481796 -2286.33 4578.66 -7.97665e-07
1817.09226902 -2.38845567649 -0.188950755515 -2223.21 4452.42 -0.00163025
1507.06175272 -2.51608067119 -0.199946795234 -1796.15 3598.3 -2.50184e-05
1488.77304518 -2.23490308259 -0.179988428914 -1824.19 3654.38 -1.5732e-05
1751.68304026 -2.31027331777 -0.183372412336 -2175.12 4356.24 -1.16037e-07
1657.74597432 -2.1754787295 -0.173229256293 -2092.38 4190.76 -0.00119544
1447.37241972 -2.27027889402 -0.18371319258 -1728.59 3463.18 -2.04631e-05
1582.51871533 -2.37511039148 -0.189006100249 -1905.51 3817.02 -5.85812e-06
1728.78334239 -2.4084318258 -0.193954024369 -2029.9 4065.8 -3.23097e-06
1620.1436361 -2.22083759781 -0.177499439542 -2011.27 4028.54 -0.00245423
1740.56343956 -2.33790071311 -0.187987216445 -2078.54 4163.08 -0.00054704
1456.14425321 -2.46265440608 -0.193860488472 -1768.47 3542.94 -4.39248e-07
1610.71986902 -2.35928347609 -0.185675346553 -2012.17 4030.34 -2.64722e-05
1817.88802431 -2.41374148222 -0.188652928573 -2261.42 4528.84 -1.75244e-05
1652.29585172 -2.27834228092 -0.183560483148 -2008.7 4023.4 -1.23277e-06
1721.48859487 -2.08424124271 -0.173133921471 -2060.77 4127.54 -0.000905803
1649.47978494 -2.20382586339 -0.178511976627 -2011.82 4029.64 -2.05987e-07
1869.44722635 -2.30290452686 -0.183055509162 -2322.12 4650.24 -1.34558e-07
1611.44379494 -2.53834202577 -0.200269255313 -1927.27 3860.54 -0.00104989
1605.96010087 -2.33476748162 -0.186501064351 -1955.04 3916.08 -6.11554e-05
1782.69545016 -2.51307872058 -0.195074280716 -2182.05 4370.1 -0.0066996
1690.92114417 -2.14761570055 -0.175200499964 -2067.13 4140.26 -0.000216176
1795.11685079 -2.41238151115 -0.196357034526 -2067.09 4140.18 -6.36665e-06
1683.40805817 -2.46763415263 -0.193834339875 -2033.68 4073.36 -1.67543e-07
1555.00459736 -2.16934439603 -0.175794009133 -1898.6 3803.2 -6.09612e-05
1776.67493264 -2.43654639891 -0.191768628537 -2176.42 4358.84 -2.19202e-05
1856.95289515 -2.31413837864 -0.181578357198 -2346.52 4699.04 -3.89466e-07
1491.57130032 -2.40953689213 -0.190957732094 -1825.22 3656.44 -0.000871174
1735.60911719 -2.49655611934 -0.200341656947 -2025.44 4056.88 -0.000239775
1810.19546178 -2.244215812 -0.185622157023 -2087.24 4180.48 -0.000662178
1779.43846407 -2.47948137572 -0.195823850428 -2141.68 4289.36 -8.60839e-05
1735.64680554 -2.17413718063 -0.174532806004 -2177.51 4361.02 -5.36871e-06
1781.8607507 -2.42686655374 -0.190482624722 -2191.17 4388.34 -5.33805e-07
1700.95194076 -2.39451004891 -0.188786478743 -2082.99 4171.98 -8.67364e-05
1720.73625981 -2.35104329323 -0.186888060254 -2113.6 4233.2 -8.75161e-05
1578.54052418 -2.2820099215 -0.180998053782 -1968.34 3942.68 -9.11153e-05
1482.01507 -2.45145919574 -0.191005629762 -1845.09 3696.18 -4.05378e-07
1691.87760763 -2.24925475502 -0.173993790566 -2223.82 4453.64 -4.06417e-05
1713.26068616 -2.38138302219 -0.192675883474 -2019.27 4044.54 -1.32634e-05
1619.3520981 -2.26926079178 -0.181077580349 -2003.87 4013.74 -9.23416e-07
1742.48933058 -2.58809142137 -0.207021171176 -2008.88 4023.76 -0.00325191
1623.37502533 -2.22325769243 -0.180008821701 -1976.2 3958.4 -0.000476824
1795.46630303 -2.205290301 -0.180027517398 -2165.43 4336.86 -1.53425e-05
1772.8391175 -2.27470692286 -0.183533004706 -2149.78 4305.56 -1.5619e-06
1628.21347858 -2.32882200468 -0.186698262269 -1978.69 3963.38 -1.039e-06
1711.76624272 -2.45897162557 -0.196005145532 -2048.99 4103.98 -2.58338e-06
1636.24832525 -2.3596152719 -0.18600213683 -2036.48 4078.96 -4.01167e-05
1602.39236319 -2.28347572742 -0.183451439535 -1944.22 3894.44 -0.00124617
1590.4528581 -2.34085254945 -0.188558034475 -1913.44 3832.88 -0.00045975
1534.90035121 -2.44218142689 -0.19125039641 -1878.4 3762.8 -0.000139924
1820.5237154 -2.4023482354 -0.195877488429 -2101.9 4209.8 -1.29355e-05
1700.17770804 -2.25717177586 -0.180391008896 -2105.56 4217.12 -7.41322e-06
1793.03289046 -2.40074401437 -0.196540226234 -2060.12 4126.24 -6.47551e-05
1826.9761935 -2.37472972219 -0.189243405884 -2202.99 4411.98 -9.02321e-05
1527.28323516 -2.23912537952 -0.179287271063 -1885.39 3776.78 -2.81669e-08
1281.50545525 -2.6066966596 -0.200165368861 -1567.57 3141.14 -2.64899e-06
1695.33898616 -2.3367236965 -0.186758836679 -2035.37 4076.74 -0.000201833
1629.00113052 -2.3029616605 -0.185070642231 -1977 3960 -4.83046e-06
1880.33551652 -2.48516162232 -0.196111910359 -2262.56 4531.12 -6.79945e-06
1896.12623935 -2.32522969775 -0.185288803628 -2306.33 4618.66 -7.42929e-05
1736.58189719 -2.33896069186 -0.182185243485 -2206.48 4418.96 -0.000160414
1552.08522155 -2.36056982783 -0.186793495132 -1908.16 3822.32 -2.48119e-06
1631.50749967 -2.29108526871 -0.182313084893 -2010.51 4027.02 -1.34555e-06
1850.45872869 -2.36615916354 -0.189791671217 -2209.77 4425.54 -0.000246691
1663.14066706 -2.29151336541 -0.184677601216 -2012.9 4031.8 -3.07618e-05
1615.96134801 -2.11954400853 -0.174328110415 -1937.59 3881.18 -0.000108966
1724.32750918 -2.44842177593 -0.194034903813 -2076.8 4159.6 -1.88464e-06
1713.58028467 -2.35010201001 -0.188431845123 -2064.87 4135.74 -2.17436e-06
1849.34285444 -2.14167060877 -0.175529190455 -2247.04 4500.08 -1.4794e-05
1743.92848318 -2.20790556902 -0.177246616651 -2162.93 4331.86 -2.47587e-05
1710.0494847 -2.28795016801 -0.181041721759 -2118.4 4242.8 -8.87121e-07
1771.09622229 -2.28178149705 -0.185933265305 -2100.69 4207.38 -1.09137e-07
1627.20876712 -2.3160517122 -0.184140570755 -2003.66 4013.32 -5.7477e-07
1723.23855748 -2.21571049982 -0.178312096977 -2115.8 4237.6 -0.000193848
1635.22673259 -2.39765156462 -0.188372614673 -2027.19 4060.38 -1.08615e-07
1764.955928 -2.46551853675 -0.194917617694 -2128.19 4262.38 -8.29026e-06
1686.55770466 -2.35275215473 -0.187693998839 -2049.87 4105.74 -0.00161537
1674.02295689 -2.34237130365 -0.185032128118 -2083.05 4172.1 -5.28326e-07
1755.50598124 -2.44534669076 -0.198440596195 -2026.98 4059.96 -1.34887e-07
1489.81691458 -2.43047171682 -0.193433467809 -1782.73 3571.46 -1.57361e-05
1553.89757372 -2.21405217979 -0.178045856334 -1910.09 3826.18 -0.000177057
1789.77689169 -2.44314561863 -0.198027298689 -2063.24 4132.48 -1.40548e-05
1657.73602496 -2.2422869307 -0.179502365063 -2065.19 4136.38 -1.23331e-08
1513.74265041 -2.31142166231 -0.184022785792 -1861.08 3728.16 -4.17836e-07
1834.22665688 -2.45820150259 -0.201216063661 -2090.73 4187.46 -6.56167e-05
1840.25008456 -2.24799381387 -0.185338791592 -2154.84 4315.68 -0.00164449
1797.73521635 -2.17798576309 -0.174146963993 -2248.19 4502.38 -2.11134e-08
1639.48963465 -2.41611337276 -0.192143526491 -1968.73 3943.46 -1.05347e-06
1696.55436284 -2.16639426222 -0.175797830555 -2085.4 4176.8 -1.08465e-05
1711.46636346 -2.44911680234 -0.192029042162 -2103.06 4212.12 -9.57877e-08
1728.43966937 -2.46720945058 -0.196133752855 -2067.2 4140.4 -6.77937e-06
1786.77433441 -2.12902521571 -0.17261567542 -2199.63 4405.26 -1.84745e-07
1787.91183691 -2.26240223638 -0.182257725321 -2169.93 4345.86 -9.06631e-05
1649.24726359 -2.41725125099 -0.190161036217 -2030.7 4067.4 -6.07375e-05
1773.75232974 -2.29499094926 -0.181930353837 -2211.29 4428.58 -6.41945e-06
1894.91108255 -2.33918997618 -0.189018837609 -2234.35 4474.7 -1.64206e-06
1608.3830455 -2.52566927623 -0.199790547651 -1914.46 3834.92 -3.44438e-08
1676.72092419 -2.39772659978 -0.193251806042 -1971.34 3948.68 -4.89153e-05
1675.61861154 -2.33488009576 -0.185725814355 -2059.51 4125.02 -0.00162843
1802.55608376 -2.33396671177 -0.188452381259 -2142.9 4291.8 -8.00676e-06
1575.38269427 -2.3179678164 -0.189414481907 -1848.93 3703.86 -1.64225e-06
