"D" "ssb0" "ssb1" "sigmass" "logLik" "AIC" "maxgrad"
1743.12505329 160.638401205 -2.43562832864 8.92492459222 -3831.16 7670.32 -0.00326733
1678.97497422 158.693938372 -2.33072983573 9.06361407161 -3616.49 7240.98 -1.25715e-05
1477.48657743 159.321255186 -2.30039276719 8.57861978737 -3381.46 6770.92 -5.66333e-05
1724.20927566 160.162893855 -2.39891444456 8.60612455054 -3807.89 7623.78 -0.000329329
1700.90917455 158.866264828 -2.28405035204 9.20948539134 -3858.12 7724.24 -4.71534e-06
1609.4144277 157.894503069 -2.20682480312 8.62098162215 -3776.99 7561.98 -4.82098e-05
1577.57497058 159.980840622 -2.41537709348 9.17781405468 -3436.36 6880.72 -6.63245e-07
1569.38719612 159.155062556 -2.32233795971 8.98869913938 -3638.02 7284.04 -2.14511e-06
1549.74149393 160.63758515 -2.43204192703 9.38466004369 -3513.28 7034.56 -0.000502113
1857.62635279 159.957763951 -2.39437088686 9.03960997041 -4084.55 8177.1 -0.000316407
1807.238608 160.782170784 -2.47888820536 9.3807788308 -4124.96 8257.92 -2.73464e-05
1733.90137523 160.609950488 -2.48617685925 9.46302062023 -3686.15 7380.3 -0.00118797
1597.50918521 159.950444315 -2.43098725712 8.96883514309 -3426.18 6860.36 -0.00152332
1664.7222272 160.018390381 -2.40730055815 8.98873337342 -3533.7 7075.4 -0.000414357
1646.13783547 160.450371282 -2.40277534372 8.97677665201 -3702.22 7412.44 -2.29917e-05
1889.6826799 158.095854472 -2.28207383386 9.16595703534 -4157.02 8322.04 -7.25905e-07
1518.17880621 163.216817839 -2.64235722258 9.29965415573 -3254.84 6517.68 -0.000414374
1839.41262372 159.068689894 -2.32040734553 8.8981142856 -4164.79 8337.58 -0.000324067
1545.09630922 160.119792801 -2.42807595278 8.99904537748 -3406.87 6821.74 -3.36257e-05
1717.90719914 160.492468829 -2.42485520051 9.24507291991 -3836.65 7681.3 -2.70499e-07
1699.89560909 158.978804921 -2.26901709835 8.77655236444 -3941.04 7890.08 -2.58387e-05
1685.14573626 161.597971208 -2.52860647544 9.38584348998 -3708.5 7425 -1.99319e-05
1795.79031968 160.636388979 -2.50508929727 9.34416955409 -3864.75 7737.5 -5.77017e-06
1706.07653099 159.517436826 -2.33136312103 8.70636562925 -3778.09 7564.18 -0.000545659
1714.58573972 160.667532296 -2.43985241522 8.81213662816 -3889.9 7787.8 -0.00777452
1578.54692094 159.773549409 -2.36277738422 8.50566018222 -3443.9 6895.8 -0.0113496
1587.94783865 160.658455108 -2.43450808443 9.21185479695 -3408.89 6825.78 -0.00232315
1813.7008297 160.554582406 -2.47025194289 9.38912056088 -3957.7 7923.4 -3.6595e-05
1618.26202644 159.826581282 -2.37981802081 8.876533543 -3586.13 7180.26 -2.3053e-05
1669.93713023 160.767808435 -2.51781121952 9.21969251876 -3609.42 7226.84 -0.00318953
1870.13485484 160.267811227 -2.44813282003 8.70178415986 -3893.71 7795.42 -8.58328e-05
1921.74627783 160.98049298 -2.49535721441 9.25213763517 -4237.15 8482.3 -3.28857e-06
1771.05166111 160.592453983 -2.42451396631 9.19555561992 -4113.66 8235.32 -9.46917e-05
1625.56729469 160.488106 -2.4259190923 8.78268502806 -3665.8 7339.6 -0.00101997
1778.41934766 160.283067766 -2.42912280405 8.73950021745 -3849.66 7707.32 -3.23252e-06
1605.22632295 160.780318563 -2.49152206947 9.54428005923 -3505.84 7019.68 -0.00111357
1768.48508784 159.24979296 -2.36545066936 8.88256099836 -3827.89 7663.78 -1.57716e-07
1664.80523374 160.149643233 -2.40229010888 8.99789779131 -3677.34 7362.68 -7.17527e-05
1521.31292621 159.974173599 -2.36014180409 8.7759003774 -3353.07 6714.14 -6.19614e-05
1841.51027027 161.058165138 -2.51851696401 9.4562462089 -4079.22 8166.44 -7.44092e-06
1824.59213096 159.060352859 -2.32582377541 8.51473743919 -3925.76 7859.52 -8.75637e-07
1701.10895288 159.784419758 -2.472117038 9.60372942057 -3635.51 7279.02 -0.000819242
1611.46266949 159.594569898 -2.41758277406 9.34568320159 -3528.01 7064.02 -0.00339475
1665.5650497 159.06422369 -2.30073652041 8.89708989978 -3739.15 7486.3 -0.000537017
1786.40020989 160.717055653 -2.44805255057 9.08866937027 -3905.38 7818.76 -2.48265e-05
1817.2593335 158.885197737 -2.340963951 8.80018562106 -3904.23 7816.46 -2.11664e-05
1799.97793793 160.882752997 -2.49880437452 9.23043592365 -3807.99 7623.98 -2.77211e-05
1584.25482241 159.295094683 -2.38774295252 8.93901531342 -3303.84 6615.68 -0.000311252
1519.83158094 158.841803173 -2.29692792107 8.71250800289 -3311.61 6631.22 -0.000285539
1737.60419989 159.771803272 -2.41283011391 9.57514304493 -3882.75 7773.5 -0.00643186
1682.64954564 160.482758168 -2.48256772103 9.09423196654 -3688.6 7385.2 -0.00112949
1754.90020184 159.72147022 -2.38774033028 9.22363265127 -3849.78 7707.56 -0.000260667
1876.6974361 158.37264297 -2.28514789677 9.07871378637 -4125.72 8259.44 -0.00733317
1603.99601453 160.351125662 -2.42363831242 9.0653118597 -3526.65 7061.3 -0.00332153
1829.15068366 158.950267627 -2.31532793417 8.75250138306 -4172.31 8352.62 -1.83882e-06
1913.33498372 159.783802214 -2.38664634518 8.6573685433 -4302.19 8612.38 -0.00240243
1932.14386614 157.751963191 -2.21634551687 8.76564234729 -4309.85 8627.7 -0.00026274
1604.05606346 160.348500318 -2.3926588603 8.8778326347 -3613.43 7234.86 -0.00169436
1761.68077117 162.789294536 -2.73661045776 9.92488483621 -3653.33 7314.66 -0.000219667
1761.66700615 160.394073754 -2.36554628943 8.81249041838 -4161.9 8331.8 -3.43e-05
1958.80515435 160.914096369 -2.48080310036 8.77875657257 -4196.16 8400.32 -3.02127e-06
1863.89010536 159.574043895 -2.40365307959 9.11499946148 -4030.83 8069.66 -1.796e-05
1623.69408862 161.56107207 -2.54403908051 9.00506778818 -3506 7020 -2.90274e-05
1831.9139382 159.537892264 -2.3501246372 8.6295728468 -4113.51 8235.02 -0.000223816
1639.17439021 159.592500288 -2.35301750508 9.36373685335 -3845.09 7698.18 -0.00021456
1656.63348375 160.629333069 -2.46900085832 9.14589835728 -3662.43 7332.86 -1.85539e-07
1628.91630286 158.316043341 -2.3083584868 9.21439246649 -3604.1 7216.2 -1.23332e-05
1421.00021649 160.521085641 -2.43862965979 9.64646743731 -3321.87 6651.74 -0.000672925
1782.6258611 160.406405524 -2.44750871875 8.87120099762 -4000.26 8008.52 -0.000351207
1628.9006776 159.28864981 -2.31609289816 8.50771813223 -3837.21 7682.42 -0.00133475
1640.14440318 160.707118816 -2.40974198536 9.04399477248 -3808.82 7625.64 -6.08725e-05
1737.85412637 159.393021274 -2.30228417222 8.34665054889 -3825.59 7659.18 -0.000189151
1832.26763392 160.463793257 -2.40844466484 8.841518513 -4143.19 8294.38 -4.22659e-06
1750.2112263 160.497848343 -2.42834257391 8.82774491809 -3845.06 7698.12 -5.64128e-05
1637.67228396 161.006295872 -2.48836199998 9.11736517307 -3635.2 7278.4 -0.000470589
1783.22189487 160.309538668 -2.46324608282 9.72115744049 -3938.67 7885.34 -8.29059e-06
1634.37723018 160.997387018 -2.53669383329 9.40004640583 -3556.95 7121.9 -4.96586e-05
1764.83439919 161.204063494 -2.56433752467 9.49462505654 -3867.79 7743.58 -0.00717597
1777.35529676 159.925194001 -2.40327821247 9.12722012316 -3860.13 7728.26 -3.543e-05
1689.02301733 159.697295333 -2.35591067893 8.45989860352 -3771.29 7550.58 -2.98761e-06
1790.06954344 160.037064362 -2.37859437701 8.77244292372 -3891.29 7790.58 -6.04544e-06
1701.05608618 160.048682673 -2.4026556447 9.00440871127 -3747.65 7503.3 -1.98304e-07
1615.76280492 159.729548096 -2.37772892743 9.15889922911 -3558.98 7125.96 -1.63783e-05
1892.78512683 160.812919886 -2.50677851648 9.42944277868 -4125.24 8258.48 -0.00108493
1829.07221102 159.81914139 -2.36208770026 8.80765190853 -4179.36 8366.72 -0.00225581
1740.15569454 161.682725811 -2.53389249786 9.45733301951 -3798.4 7604.8 -0.00164221
1604.23190736 160.259639502 -2.46016798797 9.00350273272 -3493.43 6994.86 -7.79014e-05
1699.36244542 160.141582909 -2.40982999658 9.05984905769 -3856.66 7721.32 -2.71959e-05
1822.08545653 162.1169857 -2.60639809728 9.46924248363 -4094.28 8196.56 -0.000294066
1447.32888213 158.849198469 -2.33110475894 9.2320859191 -3132.84 6273.68 -6.99698e-05
1752.93291938 159.170117657 -2.36673810798 9.29258905558 -4009.34 8026.68 -1.80972e-06
1421.52580777 161.290442636 -2.5117833376 8.68749281435 -3041.29 6090.58 -6.65583e-05
1516.15237403 159.83179259 -2.42445562023 8.97154674129 -3154.08 6316.16 -0.000291302
1634.57883152 160.454781415 -2.42785019401 8.98604455291 -3638.88 7285.76 -4.94349e-05
1636.47762824 160.692527735 -2.37781223399 8.75762155683 -3721.66 7451.32 -0.000127023
1627.94755906 160.533520221 -2.41947451575 8.84136660018 -3596.54 7201.08 -0.00395279
1734.82286468 159.730039146 -2.40051088607 9.02550065802 -3935.77 7879.54 -2.49244e-05
1708.14552813 159.990452934 -2.42906622075 9.2000283394 -3658.89 7325.78 -0.00361591
1687.02669665 158.296263532 -2.23218743815 8.7604480453 -3793.79 7595.58 -0.0039013
1576.63964407 159.852141472 -2.34778554395 9.02517960595 -3656.52 7321.04 -2.28555e-05
1766.18149784 160.264353323 -2.43402322459 9.09837360916 -3949.72 7907.44 -8.32496e-07
1638.61859575 161.737831125 -2.63014070734 9.01272711008 -3318.59 6645.18 -2.79732e-05
1526.38417808 162.116523734 -2.55989549932 9.25474270415 -3371.23 6750.46 -3.35999e-05
1885.73928058 158.671399923 -2.34711305487 9.30208579953 -4196.19 8400.38 -1.03903e-05
1645.62011417 160.40802105 -2.45454141103 9.51753170871 -3826.41 7660.82 -0.000405601
1639.7240825 160.837182936 -2.48005063978 9.28681931811 -3742.62 7493.24 -0.0001222
1708.29420798 160.4425779 -2.41632157362 8.89879160677 -3764.64 7537.28 -2.25521e-05
1783.46921877 160.349816526 -2.41176606243 8.88932333334 -3856.27 7720.54 -1.58155e-05
1526.61732798 161.034731965 -2.45166876286 8.80844967179 -3414.47 6836.94 -9.74146e-06
1809.3082467 160.049472803 -2.40750425019 9.39490084161 -4002.96 8013.92 -0.000108749
1503.16648281 160.452375599 -2.4590279545 9.76964195333 -3411.94 6831.88 -0.000829893
1504.41594809 159.40622076 -2.3121479249 9.19133643193 -3410.94 6829.88 -0.0019413
1457.83570478 158.807069394 -2.30488647856 9.15295179252 -3404.84 6817.68 -0.00176783
1661.80863866 160.05212333 -2.42314105354 9.03213329968 -3677 7362 -0.000281496
1695.34442325 160.825605007 -2.47473320323 8.96455535135 -3635.63 7279.26 -2.65647e-06
1653.78201766 159.987336787 -2.37475467034 9.00813542641 -3593.65 7195.3 -4.90809e-06
1489.55677955 159.623141929 -2.38601539073 8.72320404469 -3231.26 6470.52 -1.89685e-05
1668.15263083 159.341630146 -2.3531936825 8.86513821378 -3734.34 7476.68 -4.59249e-05
1754.21962743 159.130372139 -2.34937914577 9.23555326111 -3837.61 7683.22 -0.00270551
1669.50979266 158.56542022 -2.25597436275 8.69560894516 -3741.54 7491.08 -7.9261e-06
1561.69139282 160.964330823 -2.50858213834 8.9711252984 -3465.44 6938.88 -0.000383043
1732.57753269 160.639507275 -2.50530025714 9.25207937172 -3591.98 7191.96 -2.23138e-05
1506.91716941 159.538036984 -2.34843338568 9.41168754942 -3406.64 6821.28 -6.96932e-06
1640.90718798 161.494755325 -2.48841541399 9.15761457849 -3768.86 7545.72 -9.815e-06
1690.58350101 161.043639633 -2.53854690754 8.99280736013 -3666.9 7341.8 -5.33681e-06
1835.82833568 162.169831155 -2.59093368245 9.39693543744 -4080.22 8168.44 -0.00241613
1712.91894497 160.102024024 -2.37665886825 8.72825642084 -3757.79 7523.58 -0.00419297
1901.31967255 162.218428914 -2.54057052381 9.41608649474 -4287.42 8582.84 -1.68068e-05
1851.04686886 159.981429767 -2.4067243347 8.98796997919 -4012.6 8033.2 -2.77768e-05
1736.08154576 160.825355018 -2.47242295251 9.28347272088 -3903 7814 -0.0072174
1712.4914347 159.392101208 -2.28471758107 8.8434966497 -3970.04 7948.08 -1.65734e-05
1773.43201189 159.777319796 -2.44162977132 8.93139770317 -3847.4 7702.8 -0.000859235
1601.65177087 160.156109201 -2.40653570309 8.71824978972 -3425.21 6858.42 -0.000647152
1720.87269882 159.309790774 -2.35236936189 9.13679543917 -3879.71 7767.42 -2.50609e-07
1657.41160186 160.045134342 -2.40944120234 8.99555585212 -3602.97 7213.94 -1.84239e-05
1740.60950864 160.059210266 -2.41562071583 8.77925268898 -3822.07 7652.14 -5.67722e-07
1581.70930536 159.366566995 -2.33021182708 9.19858017226 -3606.95 7221.9 -6.10508e-05
1526.63450515 159.726057386 -2.35407792095 8.86981938329 -3396.69 6801.38 -0.000621125
1666.89247518 158.897312035 -2.26620755188 8.51524828552 -3710.55 7429.1 -2.01694e-05
1687.21732994 161.693133407 -2.56419573394 9.32775874503 -3645.52 7299.04 -1.24021e-05
1466.21682294 158.741973815 -2.31734154761 8.69323958673 -3070.04 6148.08 -9.48111e-05
1612.13569663 159.666276559 -2.42884354133 9.00892246445 -3493.34 6994.68 -0.000123879
1763.68125701 160.10008592 -2.43328604111 8.93175161477 -3770.83 7549.66 -6.78769e-05
1601.10939774 160.688399763 -2.4660223036 8.92037975804 -3528.77 7065.54 -0.000408736
1795.43001388 158.678151634 -2.28664802462 8.4779046116 -3892.88 7793.76 -0.000208938
1748.15206708 159.989638488 -2.38672129884 8.97202191968 -3961.25 7930.5 -4.34114e-05
1839.83615157 159.532189858 -2.41557308843 9.30812465123 -3989.05 7986.1 -0.00212301
1670.7717607 160.033364681 -2.36498300237 8.54874355093 -3731.08 7470.16 -3.14224e-05
1699.42025476 159.809766368 -2.37366598485 8.47258392382 -3786.47 7580.94 -0.00165753
1626.22054707 158.334192654 -2.30126699657 9.37037847637 -3655.11 7318.22 -0.00567862
1615.10809986 159.755328322 -2.37783749962 8.6975912121 -3657.65 7323.3 -1.68915e-05
1723.35651141 160.96457623 -2.50611633605 9.30742661733 -3820.61 7649.22 -8.07098e-06
1841.40447602 161.102284828 -2.51135948055 9.11206087358 -4080.1 8168.2 -2.95633e-05
1780.97309394 159.928581564 -2.36595086305 9.08625055946 -3990 7988 -0.000190947
1544.29522853 160.162799842 -2.40179064743 8.5723422605 -3367.38 6742.76 -0.0020844
1862.84540623 160.613682365 -2.49120182367 9.10826116301 -4118.94 8245.88 -1.6161e-05
1685.74984643 158.489190814 -2.28460943505 9.08022818407 -3777.56 7563.12 -0.000432337
1712.22054453 160.837221933 -2.45938758415 9.323027465 -3891.05 7790.1 -1.4811e-06
1761.13832947 159.981565825 -2.40964985926 9.3444403291 -3862.94 7733.88 -1.0688e-05
1783.53658162 160.273742409 -2.41117800312 8.70294727028 -3718.99 7445.98 -0.00407361
1908.46159658 160.055547548 -2.42399104853 8.88335563545 -4179.36 8366.72 -3.66443e-05
1643.54454293 159.567200963 -2.38546836324 8.98304611318 -3617.55 7243.1 -0.00181276
1647.65074814 159.103349744 -2.27777963611 8.29766607408 -3788.72 7585.44 -7.82114e-05
1639.62970723 160.233159721 -2.36505690595 8.90133940341 -3748.14 7504.28 -7.36112e-05
1537.3051086 160.94658487 -2.42135745839 9.02069402643 -3564.06 7136.12 -2.33569e-06
1622.51037776 160.586190189 -2.47889939458 9.34289311342 -3515.63 7039.26 -2.00271e-05
1652.65365974 160.906972319 -2.43706258554 8.48158082145 -3828.52 7665.04 -1.00267e-05
1780.18239033 161.701404219 -2.62247702578 9.53432574968 -3746.56 7501.12 -2.52341e-05
1834.13522859 159.916659493 -2.42322664683 9.18487388304 -4114.45 8236.9 -3.5251e-06
1634.70926151 160.972304668 -2.47772365053 9.46413075978 -3567.31 7142.62 -2.4805e-05
1801.30728749 160.984409463 -2.430123973 8.89356879722 -4084.1 8176.2 -6.5293e-05
1610.61728556 160.204634012 -2.41197189261 8.73173333099 -3485.63 6979.26 -0.00131489
1660.29185307 160.837196132 -2.46864713158 9.23541578648 -3889.91 7787.82 -4.10292e-06
1733.42357798 160.670465373 -2.40885742283 8.50587545889 -3855.44 7718.88 -7.17027e-07
1623.82597393 159.866611713 -2.37997818662 9.15225323636 -3688.41 7384.82 -0.00421874
1646.06048957 160.841866072 -2.48426969049 8.60434879195 -3394.34 6796.68 -5.51966e-05
1656.01597537 160.765150956 -2.48277345497 8.94862886016 -3610.58 7229.16 -0.00404074
1490.07701669 159.836497972 -2.31093505556 8.90716052949 -3491.8 6991.6 -0.0111986
1669.50042453 160.281035693 -2.42309833436 9.15628178699 -3679.94 7367.88 -2.95262e-05
1796.47090277 161.803463393 -2.51827359786 9.01387059554 -4066.08 8140.16 -4.18807e-06
1551.89397215 160.097973596 -2.38525153425 9.24349367432 -3562.8 7133.6 -0.000151686
1608.2353956 160.313753787 -2.43611155817 8.97816462967 -3514.97 7037.94 -1.06192e-05
1729.5147464 160.90361249 -2.4600842235 9.19553616306 -3879.21 7766.42 -0.00153664
1659.07678797 159.071845831 -2.28837647928 9.02087225417 -3770.56 7549.12 -1.72126e-07
1732.17587447 159.027809327 -2.3344036613 9.20120897065 -3849.45 7706.9 -0.00255489
1776.62782082 159.788052278 -2.40572941632 9.10299793608 -3897.83 7803.66 -0.00342244
1710.23858384 161.550148672 -2.56053128861 8.80317669116 -3620 7248 -0.000274144
1658.95909671 157.929949477 -2.20640557749 8.70314458423 -3745.35 7498.7 -2.06081e-05
1622.76297708 158.879935691 -2.34797080926 9.10820165246 -3526.22 7060.44 -0.000142126
1723.0621844 160.525398455 -2.37353770663 8.3010506407 -3882.67 7773.34 -0.000399163
1891.37755981 160.074964664 -2.4397393108 8.82048688485 -4079.24 8166.48 -9.84652e-05
1733.40055973 161.299847657 -2.49009834074 9.05818946152 -3856.91 7721.82 -2.66073e-05
1700.14621152 157.75535674 -2.20765633306 8.73290849129 -3792.67 7593.34 -1.03634e-05
1744.2494273 158.701805533 -2.29320579267 8.71026203934 -3927.49 7862.98 -4.15478e-05
1961.9614736 160.518276171 -2.49969266277 9.51943079978 -4172.88 8353.76 -3.05267e-05
1772.65018663 159.872675198 -2.40370583882 8.88459234162 -3762.19 7532.38 -0.000991204
1870.51113249 159.770419772 -2.4580072748 9.43512496707 -3961.3 7930.6 -2.52458e-06
1936.32611282 161.337866724 -2.52696820472 9.01724132166 -4303.42 8614.84 -3.3546e-05
1654.57083747 158.863579034 -2.28736777266 8.68870912463 -3763.07 7534.14 -0.00127408
1535.99511156 158.62841679 -2.26015677989 8.64592696303 -3562.3 7132.6 -4.66565e-05
1811.19788653 158.801483294 -2.33487471363 9.1474343909 -3896.1 7800.2 -3.66818e-06
1547.07746715 158.997836289 -2.29623656738 8.96449155331 -3534.03 7076.06 -0.000363577
1847.45909105 159.977470969 -2.44654529138 9.59819945228 -4036.25 8080.5 -0.00608665
1560.53077964 161.892992284 -2.59817830506 9.21345719492 -3216.09 6440.18 -1.06169e-05
1696.14456987 160.172922932 -2.4301147697 9.35152667682 -3787.27 7582.54 -0.000898729
1758.44570565 158.978181875 -2.3521554496 8.61636102317 -3788.06 7584.12 -3.07404e-06
1725.16199131 160.347236076 -2.3873633601 8.94069883078 -3828.68 7665.36 -7.59537e-07
1756.16574615 161.016299436 -2.5429142435 9.0327493556 -3522.04 7052.08 -0.000128081
1661.80304688 161.528099997 -2.50754946534 9.07024747733 -3701.49 7410.98 -8.36054e-06
1678.08884782 158.800607303 -2.27072848768 8.52910090854 -3759.77 7527.54 -3.26652e-05
1856.41124902 160.157028788 -2.47989676824 9.60691986088 -4031.98 8071.96 -4.5456e-05
1859.88808199 159.470161836 -2.35765056867 9.39293743868 -4180.74 8369.48 -0.000329107
1884.53959596 161.066781679 -2.52746933216 8.96652784296 -3991.98 7991.96 -0.00138752
1712.95018392 159.039689831 -2.36440592135 9.20411620681 -3672.89 7353.78 -7.62215e-05
1658.1445565 160.039663246 -2.41187142204 8.89083572476 -3652.96 7313.92 -0.00166493
1590.25599191 159.863712339 -2.39154350947 8.89013900487 -3628.12 7264.24 -0.00284356
1517.36637166 158.816982989 -2.23002361123 8.43365836886 -3578.63 7165.26 -3.27195e-05
1613.95066358 159.342616228 -2.30739556256 8.54963868845 -3543.9 7095.8 -0.000157197
1718.85873125 160.722987078 -2.48339597547 9.25872167366 -3653.76 7315.52 -0.000787785
1667.01997193 159.020682548 -2.29850274601 8.74660128405 -3794.86 7597.72 -5.05535e-06
1697.26279362 159.660757399 -2.35725663106 8.94217384088 -3813.23 7634.46 -6.51926e-06
1638.10749041 160.585531592 -2.43306390315 9.14400103463 -3644.24 7296.48 -0.00151339
1484.44449619 158.294976601 -2.22385942881 8.80100091363 -3385.76 6779.52 -0.0111641
1760.74541383 159.887956422 -2.35400171711 8.60118612784 -3907.77 7823.54 -4.90884e-06
1595.13715837 158.890220667 -2.30184324212 8.69795810436 -3483.59 6975.18 -1.11266e-05
1688.72461165 157.814515979 -2.24000672825 9.00259085247 -3845.47 7698.94 -3.30997e-06
1661.38310425 159.76024619 -2.32581863933 8.70805543046 -3777.52 7563.04 -6.11499e-05
1864.16511635 160.757564773 -2.47719396706 8.87401944603 -4085.1 8178.2 -2.36645e-06
1551.78832507 159.989016503 -2.40437057487 9.01986556765 -3397.09 6802.18 -2.80623e-05
1576.51271778 160.54576452 -2.40289388504 8.79511826423 -3656.76 7321.52 -0.00513079
1828.98421431 159.242830472 -2.34069767003 9.25818091303 -4012.85 8033.7 -0.000386315
1903.42787236 160.843413356 -2.50567146129 9.03757252352 -4115.8 8239.6 -1.79539e-05
1769.99854763 158.323301968 -2.28917944073 9.05740350923 -3972.17 7952.34 -3.84373e-06
1779.34740756 160.715594193 -2.46387325425 9.27205183401 -3921.3 7850.6 -0.000284929
1492.42768404 160.260293827 -2.43676304449 9.16705422608 -3404.03 6816.06 -0.00252173
1697.19037855 161.077625421 -2.45986383025 8.56543681577 -3698.24 7404.48 -5.51195e-08
1617.53575438 160.346084849 -2.50177232402 9.4501955269 -3366.34 6740.68 -9.24666e-05
1660.08492969 161.639599877 -2.51055856624 9.32488914241 -3738.67 7485.34 -0.000276889
1603.38119108 160.209882356 -2.4116938011 8.55847983779 -3311.65 6631.3 -0.000259844
1638.86742436 160.551917166 -2.50504886825 9.42521268557 -3495.44 6998.88 -0.0028739
1706.81597486 161.08589722 -2.49128519763 8.86670967069 -3700 7408 -0.00105806
1712.38242786 159.98174921 -2.39875832182 8.9375203052 -3801.9 7611.8 -0.00631565
1461.39308569 161.958096912 -2.55307404589 9.11549201635 -3351.94 6711.88 -0.000450719
1597.83446351 159.637662942 -2.31293799923 8.59026380697 -3563.33 7134.66 -3.315e-06
1597.69237684 159.139276792 -2.33440230929 8.69095506624 -3487.14 6982.28 -0.000437554
1662.8903538 159.239498905 -2.32660170658 8.97437501941 -3672.38 7352.76 -1.39584e-05
1688.93031811 159.49685367 -2.34735503749 8.55872741353 -3649.42 7306.84 -0.000310468
1754.43741303 159.014788338 -2.31711857023 9.49217540731 -3990.57 7989.14 -0.000301626
1512.74592768 162.171081149 -2.58028629379 8.86163621926 -3274.32 6556.64 -6.16717e-07
1757.55226911 160.583563747 -2.42516959726 8.642512636 -3882.88 7773.76 -1.36027e-05
1659.35267021 160.744493143 -2.45487230073 9.39121798116 -3754.51 7517.02 -0.000375794
1835.00734237 160.422063386 -2.44137864559 8.85724065002 -3969.2 7946.4 -0.00023102
1708.55460153 160.951614233 -2.45388277212 9.12844104631 -3840.78 7689.56 -5.93652e-08
1697.4603656 159.394467143 -2.32564098254 8.50352277108 -3804.03 7616.06 -5.17908e-05
1684.24768514 159.778253842 -2.34437177076 8.76722955804 -3686.95 7381.9 -0.000178124
1540.00668909 159.840749156 -2.33765020039 8.70024336673 -3464.92 6937.84 -4.42125e-05
1710.35824124 160.809348169 -2.46721236371 8.82722077863 -3660.35 7328.7 -0.000171907
1792.59746846 160.546155803 -2.49785424417 8.79836602813 -3738.54 7485.08 -0.000130902
1623.76892611 160.050828023 -2.35480634565 9.10412015289 -3696.24 7400.48 -1.37008e-05
1902.19970714 160.405584872 -2.45227061671 8.69732206079 -4093.01 8194.02 -1.07348e-05
1640.20774749 159.73019304 -2.44379084371 9.11628561499 -3306.37 6620.74 -7.31827e-05
1809.09808565 160.692854447 -2.47259244631 9.4732153066 -4037.6 8083.2 -5.70162e-06
1674.93338601 159.910731166 -2.38933370483 9.41507115396 -3772.45 7552.9 -2.01511e-05
1707.03627945 159.512964656 -2.40757797092 9.27979237787 -3772.25 7552.5 -0.000213417
1529.21609695 159.189987136 -2.35804840561 8.99762492476 -3248.88 6505.76 -0.00074255
1760.78245649 158.599592055 -2.22594946793 8.67815369136 -4124.96 8257.92 -5.52651e-05
1584.69516477 159.342433181 -2.36133668589 8.93449148168 -3482.47 6972.94 -0.00249149
1676.17324854 159.932553821 -2.45981488271 9.50054442447 -3675.34 7358.68 -5.52891e-05
1532.40436062 160.633961688 -2.41953752789 8.88021952817 -3472.19 6952.38 -4.86185e-05
1758.29820739 160.347607391 -2.40452701372 8.6627705711 -3899.48 7806.96 -5.90684e-06
1638.11820043 159.435981158 -2.37308063994 8.72007327266 -3639.24 7286.48 -2.3581e-05
1572.41325873 159.872148156 -2.39329784426 9.13125648287 -3501.75 7011.5 -0.00221033
1608.20360267 159.782316106 -2.39223602041 8.48821462389 -3465.21 6938.42 -5.03945e-05
1684.82621038 159.769129271 -2.43918414049 9.42768873025 -3580.47 7168.94 -0.00657747
1700.32505993 162.833078603 -2.61367410929 9.13431012254 -3681.92 7371.84 -2.48061e-05
1950.67649744 160.418716142 -2.48485280779 9.41862869208 -4341.49 8690.98 -2.66439e-06
1572.92146243 160.41528619 -2.40434977476 9.22813349189 -3518.67 7045.34 -0.00230304
1774.11315915 159.809791107 -2.34471220585 9.05866228478 -4068.03 8144.06 -0.000939283
1741.88782807 161.586311577 -2.56318152922 9.70778997379 -3867.37 7742.74 -1.4905e-05
1513.42493563 160.542320492 -2.37072077527 8.55386866904 -3431.67 6871.34 -1.19256e-05
1621.65957685 160.029791639 -2.48140503198 9.22519491268 -3437.23 6882.46 -4.92194e-06
1776.2998584 159.535429762 -2.3616391954 9.08018644989 -3823.72 7655.44 -5.35625e-06
1421.63213016 160.351418419 -2.40526452306 9.34122419376 -3204.23 6416.46 -1.85923e-05
1645.04011854 158.633553119 -2.30374931638 9.09354686223 -3718.65 7445.3 -0.000329886
1644.93122341 159.791245502 -2.38995217969 9.0384598154 -3698.42 7404.84 -3.62917e-05
1627.73194396 158.677647345 -2.31001082669 8.51304067726 -3504.88 7017.76 -8.63016e-06
1776.52761477 160.419349976 -2.442930006 8.87493820353 -3874.59 7757.18 -7.48448e-06
1649.91283826 161.344900301 -2.47304589903 8.69215349631 -3659.69 7327.38 -8.16336e-05
1723.74253535 159.018663735 -2.37147113564 9.3104731356 -3753.68 7515.36 -3.25106e-06
1685.29813398 160.70888328 -2.43534193796 8.80665421302 -3643.88 7295.76 -2.46952e-05
1665.61472155 158.388128451 -2.27222396567 8.80175006273 -3657.52 7323.04 -4.41759e-06
1682.54226958 159.039258798 -2.31556789966 8.91622353675 -3694.26 7396.52 -4.32945e-06
1553.54783303 160.207739662 -2.37112222933 8.61577750682 -3541.57 7091.14 -7.30216e-06
1519.04368861 160.471019662 -2.43112163339 9.31258111431 -3443.3 6894.6 -0.000188715
1726.49714709 158.655934971 -2.30851513577 9.00622217273 -3757.73 7523.46 -0.00221212
1622.44689058 160.899151864 -2.46172871532 8.71734302037 -3430.36 6868.72 -0.00178793
1761.8615278 161.112916934 -2.53923909288 9.4652095451 -3771.6 7551.2 -2.27193e-05
1552.10064841 159.288540196 -2.30694279838 8.55133277235 -3555.71 7119.42 -0.000173139
1606.58876305 158.352353909 -2.22576093967 8.98976481532 -3780.03 7568.06 -1.35848e-05
1727.8450744 160.62253269 -2.54893387834 9.49314675737 -3599.5 7207 -2.66621e-05
1633.42407496 160.182511227 -2.39352012626 9.10867885671 -3789.42 7586.84 -0.00499471
1753.6278507 159.072475731 -2.2470318956 8.86486793089 -4100.59 8209.18 -4.2898e-06
1457.27108229 161.594947861 -2.46510211687 8.57269260306 -3305.47 6618.94 -1.40875e-05
1676.90101613 160.450437887 -2.45047432732 8.89851571586 -3783.47 7574.94 -6.73892e-06
1669.51267573 158.404083759 -2.25803518026 8.81769046893 -3694.98 7397.96 -0.00136857
1841.24287125 161.100316222 -2.53011116438 9.63905700296 -3955.52 7919.04 -0.00268975
1723.42698024 162.142877868 -2.54710987317 8.83427663395 -3834.58 7677.16 -2.14281e-05
1635.48859525 160.945444385 -2.47108364028 9.19697148126 -3632.58 7273.16 -0.00929118
1656.0150139 160.957790484 -2.46732473237 8.9809419292 -3605.56 7219.12 -4.73027e-06
1729.35632864 160.920400775 -2.4199440523 8.61985906497 -3885.63 7779.26 -0.000177068
1621.86023561 160.439244926 -2.38354976984 8.642119459 -3546.85 7101.7 -0.000191669
1604.35486317 160.501912821 -2.4496797574 8.92715548114 -3593.87 7195.74 -6.44819e-05
1844.74495835 159.831375558 -2.36811533177 9.14832097942 -4242.05 8492.1 -0.00245966
1545.14529758 158.56042165 -2.26443048997 8.49561255554 -3582.65 7173.3 -6.01893e-05
1657.89400474 159.282397629 -2.38656122841 9.10484266229 -3580.12 7168.24 -1.78357e-05
1602.522991 159.732728761 -2.37715769686 8.96996974234 -3496.16 7000.32 -7.0014e-06
1769.00729218 159.664153391 -2.35175069996 8.83860765636 -4085.39 8178.78 -0.0114261
1796.90286776 160.36242938 -2.43389287415 9.21455887971 -4027.53 8063.06 -0.00778186
1863.61653369 160.720863382 -2.47033909865 8.93091326197 -4163.23 8334.46 -0.000387743
1598.22774266 160.506315801 -2.47547564328 9.26517604173 -3506.61 7021.22 -5.74815e-07
1754.18477436 159.090080734 -2.29586592867 8.71890017982 -4020.4 8048.8 -1.84483e-05
1775.78563709 159.022835718 -2.32225346507 8.57304974667 -3921.44 7850.88 -0.00168837
1701.11168851 160.671657105 -2.46260480072 8.95817554769 -3741.55 7491.1 -1.89133e-06
1848.41740983 160.019461147 -2.42010387553 9.38485254678 -4136.31 8280.62 -7.20389e-06
1602.06649392 159.71833788 -2.42235411637 8.69984623847 -3339.07 6686.14 -2.49218e-05
1661.68458029 159.774999574 -2.4012645743 9.52959847633 -3647.15 7302.3 -7.47461e-06
1637.32156599 160.330156772 -2.45895290359 8.81974381475 -3605.2 7218.4 -6.33248e-06
1550.51359424 158.66242269 -2.28237490337 8.76603365247 -3257.31 6522.62 -1.01283e-05
1570.5269969 159.530985264 -2.36944866888 9.42748163198 -3443.3 6894.6 -0.000426812
1822.19188231 160.464242293 -2.44346232926 9.47890775586 -4065.29 8138.58 -0.000679845
1644.81229404 160.948976758 -2.41366776699 8.54947952557 -3834.34 7676.68 -0.0117085
1869.71088306 159.675548233 -2.43413442212 9.23081270647 -4017.38 8042.76 -9.38282e-05
1490.56708073 160.444422457 -2.45028735964 9.23779617199 -3274.49 6556.98 -0.000468746
1633.18444098 159.668338415 -2.37310249699 9.23136677012 -3655.79 7319.58 -0.00985523
1791.10381929 159.980335115 -2.45035075211 9.34597025301 -3764.82 7537.64 -8.49016e-06
1666.29170316 158.951879754 -2.2738989168 8.61359539258 -3740.19 7488.38 -0.00789271
1753.72070475 160.405725191 -2.42179503476 9.16911026811 -3946.06 7900.12 -0.0042065
1721.01698184 161.142273687 -2.46404510194 9.12292247695 -3860.41 7728.82 -2.70761e-07
1657.68807209 159.391333205 -2.35818262722 9.23928682078 -3705.17 7418.34 -2.74016e-06
1612.36316883 159.869408997 -2.40314985581 9.1194269014 -3429.99 6867.98 -0.00367848
1625.02511544 161.301085329 -2.50683836067 8.72410531907 -3480.21 6968.42 -0.000464598
1643.61003849 157.306459316 -2.21849585736 8.73731119754 -3503.78 7015.56 -0.000166788
1586.38705506 159.0747335 -2.28965765124 8.65938400577 -3518 7044 -1.15118e-05
1693.77653536 160.305654206 -2.40966344323 9.36623316001 -3733.76 7475.52 -1.64436e-06
1727.52942511 160.175154148 -2.40657279274 8.68487805312 -3707.42 7422.84 -1.9589e-06
1646.70751666 160.136091785 -2.42552163571 8.82159026447 -3423.02 6854.04 -9.77019e-07
1623.00363801 159.444768188 -2.35072315739 8.69648385567 -3552.7 7113.4 -2.82279e-06
1618.78483176 161.394135779 -2.47570719893 8.87874877144 -3669.88 7347.76 -5.7929e-05
1664.46144376 160.398221914 -2.39628145451 8.83395046374 -3826.59 7661.18 -0.000923983
1852.93134874 160.626754891 -2.53374196274 9.98377356603 -3891.52 7791.04 -0.000170064
1739.50260935 160.331853233 -2.48301360952 9.37472746823 -3706.89 7421.78 -2.56648e-05
1496.22349114 159.351296247 -2.28660510745 9.05374458223 -3492.93 6993.86 -0.00156272
1592.5944113 159.894995183 -2.41194219341 8.75600711137 -3480.32 6968.64 -1.80238e-06
1930.19989005 160.280437456 -2.44258271242 9.22657359365 -4349.81 8707.62 -0.000612374
1764.53088481 158.720307423 -2.28253639229 8.87743111293 -4058.99 8125.98 -5.64502e-06
1588.50207234 158.314350213 -2.25287344526 8.72798749554 -3584.93 7177.86 -6.143e-06
1851.72958436 159.7566617 -2.36925804965 9.02345223948 -4152.12 8312.24 -2.87363e-06
1649.62776324 159.697135835 -2.43780186932 9.30386000922 -3610.03 7228.06 -5.28013e-05
1824.0997382 160.336016443 -2.39411919733 8.99660477041 -4165.42 8338.84 -2.0763e-05
1658.01482392 159.546451843 -2.428111948 9.43869593058 -3438.91 6885.82 -6.5888e-05
1893.13650433 160.608430993 -2.4885299437 9.05847158683 -4124.85 8257.7 -9.274e-06
1635.84068492 159.858386441 -2.43368332065 9.42796783945 -3604.58 7217.16 -3.76025e-05
1558.24360303 160.286971354 -2.43357297484 9.54309670479 -3600.66 7209.32 -1.69033e-05
1799.01652138 160.257020885 -2.40782760225 8.77999603219 -4045.06 8098.12 -5.48869e-06
1691.13773431 160.197625353 -2.41624252142 9.55211598146 -3811.37 7630.74 -0.001184
1639.1861912 161.417952234 -2.55596023627 9.11387079657 -3500.61 7009.22 -1.07799e-05
1913.5133332 159.043768331 -2.36150109152 9.25592128668 -4119.13 8246.26 -0.000465296
1539.69778394 160.055005698 -2.39546362022 8.84860232611 -3518.36 7044.72 -0.00058727
1512.62434814 159.736056232 -2.33870874531 8.98713489379 -3420.74 6849.48 -6.97808e-06
1657.09202946 161.063324015 -2.4676535702 8.97342246078 -3738.08 7484.16 -1.56683e-06
1618.85073808 160.165072159 -2.37206672219 8.68863046443 -3731.09 7470.18 -8.09462e-05
1665.56726104 158.602780234 -2.25302763379 8.65836912164 -3896.68 7801.36 -0.000360952
1662.1371088 160.728212403 -2.45151143956 8.99146704094 -3746.61 7501.22 -9.83671e-05
1582.25858235 159.751779617 -2.35078339617 8.6641846554 -3548.2 7104.4 -5.24111e-05
1631.75273079 160.941894957 -2.4543918716 8.77761059152 -3591.14 7190.28 -0.00089261
1653.98345989 160.537435857 -2.42645770788 9.19197386104 -3791.93 7591.86 -5.01672e-06
1750.79597665 160.902541644 -2.52171780995 9.46283806612 -3745.15 7498.3 -0.00213031
1911.03851727 161.266882374 -2.50359319761 8.81666836974 -4184.11 8376.22 -0.000616629
1505.98276607 159.614530675 -2.35307024029 8.97501385562 -3415.39 6838.78 -7.91218e-07
1560.21461915 159.457473117 -2.37228366082 9.3494077753 -3455.24 6918.48 -2.97219e-05
1736.78362764 159.950466679 -2.40105445182 9.12037314121 -3831.57 7671.14 -4.27982e-05
1595.29301659 160.358412404 -2.43300214164 9.42549071764 -3629.66 7267.32 -1.27665e-06
1893.2669878 161.249423829 -2.53488156473 9.40391883344 -4078.2 8164.4 -0.000157951
1826.28994328 160.762393815 -2.49203278002 9.4583416903 -4075.74 8159.48 -0.000103563
1762.39518733 159.843944097 -2.36844762817 8.93083319692 -3937.78 7883.56 -4.65046e-06
1893.78857838 160.032271538 -2.42288876534 9.01883589826 -4167.84 8343.68 -0.000410844
1814.52495524 160.293515141 -2.44230617411 8.88012314856 -3809.97 7627.94 -0.000209434
1636.43799009 161.404363833 -2.56649658932 9.07835912434 -3391.07 6790.14 -0.00141799
1694.07774867 160.332604968 -2.41874892781 8.65256597246 -3722.39 7452.78 -0.000495737
1684.43764875 159.235179165 -2.34576234577 8.82547787537 -3695.64 7399.28 -1.63292e-07
1748.07799071 160.560646761 -2.39818628803 8.85295873257 -4052.45 8112.9 -1.88238e-06
1620.50076329 159.570333346 -2.35937911549 8.90159655449 -3685.78 7379.56 -6.12015e-05
1821.10216109 159.030405888 -2.29285429197 8.69788558403 -4185.84 8379.68 -6.52794e-07
1744.04106018 159.86975103 -2.34933190267 8.84023880772 -3997.5 8003 -1.07111e-06
1762.39842077 159.478610636 -2.36348541723 8.64426590404 -3743.99 7495.98 -0.00969607
1783.29099833 159.509900736 -2.36471164854 9.05114022074 -3999.87 8007.74 -0.006724
1723.52083934 160.614218811 -2.43934401664 8.98861911459 -3842.39 7692.78 -7.83031e-07
1741.22873848 159.846829645 -2.41486000712 8.89922021615 -3729.57 7467.14 -8.3716e-05
1602.542731 159.499007749 -2.35501065575 8.52903736864 -3493.43 6994.86 -4.63574e-06
1931.4185766 159.994405067 -2.42133376676 9.02960995467 -4192.11 8392.22 -1.6184e-06
1826.86084276 158.934995815 -2.28950064771 8.40539650514 -3987.67 7983.34 -0.000115409
1501.76989285 160.365280188 -2.40718391144 8.52996485562 -3288.31 6584.62 -2.48329e-05
1487.33754007 160.811258777 -2.43864975039 8.90617704131 -3312.84 6633.68 -2.56102e-05
1757.82874436 158.635546854 -2.26785549757 8.55316991941 -4054.11 8116.22 -3.91733e-06
1653.41241551 159.277091656 -2.30497038872 9.06679633087 -3754 7516 -5.61994e-05
1452.08661654 160.284410091 -2.45231083933 9.35932698467 -3057.66 6123.32 -0.002189
1579.62399409 160.626960119 -2.43548458219 9.14342484044 -3536.28 7080.56 -1.5988e-07
1738.34810083 160.73900488 -2.49024349694 9.14044547439 -3791.06 7590.12 -0.0001224
1622.64012059 159.340534182 -2.33776251844 9.14786768084 -3631.16 7270.32 -0.000614459
1739.78601216 162.255331894 -2.58013438086 9.49477964119 -3833.17 7674.34 -0.000624295
1454.59411982 159.603940383 -2.33804791569 8.69457941511 -3322.83 6653.66 -0.00482254
1619.90164522 161.094742164 -2.4291313499 8.74769085104 -3771.54 7551.08 -1.7767e-05
1806.70023825 159.151686442 -2.2657132162 8.46835277686 -4116.11 8240.22 -5.75575e-05
1646.32655448 160.730254823 -2.45261792874 9.18486422455 -3810.52 7629.04 -3.3755e-05
1725.23630402 159.523884838 -2.4431222383 9.7673774235 -3724.31 7456.62 -0.000287885
1639.34138976 159.819226402 -2.38846725732 9.22465695417 -3748.14 7504.28 -3.7588e-05
1883.44801826 160.747238103 -2.4607270937 9.53312792935 -4385.35 8778.7 -0.0087837
1602.11759814 159.343764218 -2.33973690803 8.87655833463 -3658.83 7325.66 -4.40443e-07
1595.76273074 159.955959817 -2.38598666405 9.13809745408 -3528.23 7064.46 -8.15952e-05
1809.89069141 159.303116114 -2.31339041968 8.57517456644 -3990.81 7989.62 -1.29861e-06
1707.49796674 159.47726033 -2.38410957663 8.98613456028 -3706.71 7421.42 -7.1283e-06
1796.82100457 161.113124505 -2.54235183536 9.28917435984 -3775.56 7559.12 -0.00276122
1686.08574225 160.182454494 -2.3911188839 9.01916558118 -3584.99 7177.98 -4.61766e-05
1549.79615026 160.836323311 -2.47033315518 9.59244443455 -3455.02 6918.04 -0.0123702
1759.86719925 159.842740999 -2.341806352 8.82467443232 -4136.2 8280.4 -0.000325232
1878.79804227 159.016778785 -2.29586449705 8.89511402783 -4492.09 8992.18 -4.583e-07
1488.19339673 159.845360772 -2.37168948809 8.96517848402 -3465.29 6938.58 -6.31948e-07
1740.0684913 160.091327339 -2.44397555393 9.04159258676 -3792.24 7592.48 -2.04559e-05
1785.46762536 159.531432171 -2.42801055977 9.45781837344 -3770.64 7549.28 -5.74056e-06
1784.20321215 159.501274191 -2.34465058377 8.6339356123 -3970.61 7949.22 -0.00123575
1750.35809175 159.933116794 -2.38732284303 9.15355273835 -3989.79 7987.58 -0.00138928
1790.09140253 159.966601463 -2.36927750304 8.93918714674 -4068.98 8145.96 -3.85479e-05
1705.35188106 158.441321802 -2.24817120368 8.4395346273 -3792.58 7593.16 -0.00101111
1711.54581376 161.078543647 -2.46078165236 9.32814639111 -4092.98 8193.96 -2.90815e-05
1569.46999288 160.630508725 -2.40315040249 9.14035266889 -3631.23 7270.46 -7.65582e-05
1477.07866485 160.395248475 -2.37739368652 9.06861734338 -3504.21 7016.42 -0.000259633
1697.60214782 157.679563039 -2.13042012767 8.38285098583 -4008.77 8025.54 -0.000150941
1706.3364207 159.65716401 -2.40348838534 9.01945030295 -3761.58 7531.16 -9.39511e-05
1615.59199753 159.281708522 -2.3144539856 8.74582928659 -3616.44 7240.88 -0.000273718
1731.61613422 160.848176729 -2.46788535875 8.65780078648 -3795.41 7598.82 -0.00140102
1636.86354265 159.704073007 -2.41490549901 9.38079844426 -3573.2 7154.4 -4.5857e-06
1798.45969816 159.3404494 -2.39462681498 9.34418334322 -4008 8024 -8.21248e-06
1790.80957881 159.813406848 -2.42177975563 9.27025577013 -3938.73 7885.46 -3.76106e-06
1621.05060536 159.012237816 -2.32376253419 8.90482257764 -3650.85 7309.7 -1.79016e-06
1697.51725193 158.745413961 -2.2870817756 8.44492869664 -3847.97 7703.94 -0.00119461
1655.79448466 159.886481944 -2.37152694793 8.89438846615 -3750.69 7509.38 -0.00111434
1600.10852171 161.588551147 -2.51032188888 9.26828713774 -3491.32 6990.64 -0.00348658
1592.98028443 160.156847411 -2.41843081928 8.8359944182 -3556.21 7120.42 -3.98516e-06
1539.02345044 159.673250549 -2.33149351564 8.6668147142 -3379.19 6766.38 -3.10378e-05
1816.99901085 160.844461587 -2.49533132316 8.73969845301 -3902.44 7812.88 -5.77668e-06
1705.1839437 158.757073491 -2.30175480409 8.9895173883 -3855.43 7718.86 -3.26396e-06
1790.32745624 161.640032186 -2.57351703736 9.02718888772 -3814.71 7637.42 -5.98199e-06
1830.01088354 159.725140707 -2.37884585771 9.0031808814 -4081.12 8170.24 -4.61542e-06
1527.93047539 159.464398539 -2.36266569263 9.36053527397 -3510.28 7028.56 -0.00097718
1282.52169739 160.445299642 -2.37123891305 8.94572835874 -2869.75 5747.5 -9.72245e-05
1699.41723621 161.101419632 -2.49499415148 9.51923709636 -3715.37 7438.74 -9.72082e-06
1626.96969229 158.649278056 -2.29801467365 8.74797432852 -3650.32 7308.64 -2.30155e-05
1878.05827765 159.371522163 -2.34731677881 9.00778101777 -4061.42 8130.84 -2.42179e-05
1896.77639284 159.854912807 -2.3705092339 8.89291437358 -4294.06 8596.12 -0.00162354
1746.84518542 159.846095308 -2.3206238102 8.7485195202 -4050.99 8109.98 -7.6174e-05
1558.22302108 161.043543118 -2.44613434537 8.94927487478 -3569.83 7147.66 -0.000309543
1634.50405568 159.741670067 -2.3678504589 9.14435596606 -3682.93 7373.86 -0.000527218
1856.84869449 159.765467288 -2.39979618574 9.03375913953 -3986.84 7981.68 -0.000419464
1663.71752835 159.94829698 -2.40772499153 9.11105471995 -3729.75 7467.5 -3.3067e-06
1601.68212705 160.526378307 -2.46573712471 9.58462406898 -3449.45 6906.9 -7.55638e-06
1716.03145114 159.817149805 -2.35961908138 8.69997616023 -3738.39 7484.78 -2.01584e-06
1715.12441295 159.188120027 -2.33948294677 8.73642982715 -3755.27 7518.54 -0.000617112
1842.65174105 159.387481241 -2.38470162297 9.34556458135 -4098.27 8204.54 -0.000221058
1756.8724375 159.012446695 -2.33330277348 9.14865708321 -3932.47 7872.94 -2.42894e-06
1729.25477359 160.63698972 -2.42453764277 9.10626376914 -3796.67 7601.34 -5.41019e-06
1756.27039641 159.477640828 -2.38919019917 9.14661333756 -3894.14 7796.28 -1.53223e-05
1630.62374891 159.685987934 -2.34785789367 8.74115643726 -3597.99 7203.98 -0.000154671
1719.02518074 159.079934858 -2.31268777538 8.79965866006 -3732.67 7473.34 -0.00192184
1641.24972639 159.341555782 -2.32001450727 8.84248368827 -3783.36 7574.72 -3.00693e-07
1762.6120579 161.303404392 -2.47119449179 8.948784526 -3945.89 7899.78 -2.90657e-05
1670.11916453 160.405986464 -2.40545049098 9.04573352947 -3812.79 7633.58 -0.000174942
1671.7143717 159.988758266 -2.37205583005 9.16170294661 -3927.94 7863.88 -0.000205497
1732.40048078 160.214276385 -2.42454664844 8.61977262355 -3706.94 7421.88 -0.000508598
1497.56632555 160.303935142 -2.40858033303 8.57312930566 -3182.58 6373.16 -5.74298e-05
1539.45399546 158.094269012 -2.22730312797 8.6076592404 -3435.01 6878.02 -3.22414e-05
1794.67022198 160.746229672 -2.49440302506 8.85104272189 -3758.77 7525.54 -0.000146024
1659.81230492 159.954998238 -2.37747464558 8.98896063449 -3858.54 7725.08 -2.22012e-05
1514.71615256 159.538954018 -2.34866925688 8.95349254094 -3386.68 6781.36 -4.84259e-07
1821.55119967 160.096985131 -2.47748242392 9.17715166875 -3916.46 7840.92 -8.89049e-07
1827.45014421 160.505547872 -2.48949598893 9.31696902763 -3948.74 7905.48 -0.00578486
1800.6944687 160.446993453 -2.41396437644 9.42013486777 -4201.11 8410.22 -0.00533602
1641.91164905 160.177264143 -2.42020451061 9.20127750804 -3622.16 7252.32 -0.000109551
1713.70641196 160.14988851 -2.45016172747 9.58925422144 -3886.66 7781.32 -2.9264e-06
1714.6550702 160.406489555 -2.38142298172 8.66004642984 -3812.77 7633.54 -0.000263628
1728.41159646 160.696047108 -2.44579847069 8.91490450674 -3899.56 7807.12 -4.01415e-06
1790.58853786 158.72841832 -2.31557091587 9.20772029484 -3870.72 7749.44 -0.00116258
1782.07575636 160.252631315 -2.40416796674 8.8895100321 -3905.32 7818.64 -2.90318e-07
1659.11433566 160.711127684 -2.42835475037 9.04102392136 -3759.86 7527.72 -1.7065e-06
1765.00546902 159.989253432 -2.35892803631 9.02149820197 -4092.86 8193.72 -0.000342848
1886.62562469 161.091375001 -2.49379770716 9.16833952206 -4117.65 8243.3 -0.000185443
1616.9434564 160.006947225 -2.39619932303 8.69686641166 -3496.54 7001.08 -0.000372319
1674.27919998 161.399544469 -2.53284951887 9.35417089716 -3644.42 7296.84 -1.4951e-06
1684.26056099 160.277262987 -2.41148344565 9.06395595054 -3768.09 7544.18 -4.29607e-06
1801.74728454 159.628414364 -2.38950884379 8.9340604264 -3982.48 7972.96 -0.00228812
1572.76123291 160.213960503 -2.47452790063 9.38425538322 -3444.05 6896.1 -5.30813e-05
