"D" "ssb0" "ssb1" "sigmass" "se.D" "se.ssb0" "se.ssb1" "se.sigmass" "logLik" "AIC" "maxgrad"
1768.19139694 161.138594793 2.47898359299 8.64616589049 147.21 1.0185 0.1084 0.37135 -2648.77 5305.54 -0.000640909
1790.61400667 158.793068331 2.43914674953 9.04693560217 158.19 1.0912 0.11723 0.42222 -2474.23 4956.46 -3.15204e-05
1484.71607512 157.793338074 2.23809053041 9.15412586623 142.76 1.0847 0.11764 0.40707 -2374.49 4756.98 -8.76284e-06
1705.38812997 159.886617685 2.36665242975 8.67683812086 144.78 1.0055 0.10732 0.37462 -2670.89 5349.78 -1.23816e-05
1817.36339097 158.740676528 2.35452533937 8.74210421475 156.58 1.0336 0.11011 0.38848 -2598.4 5204.8 -2.01365e-06
1542.87029812 158.352817531 2.16452125134 8.40580835714 140.65 0.98663 0.10472 0.35122 -2642.66 5293.32 -1.15691e-06
1773.24134596 159.372146334 2.58959596281 9.55658280506 161.61 1.1295 0.13344 0.4465 -2378.37 4764.74 -1.03265e-05
1381.31729299 159.55491365 2.15493332223 8.88093149463 132.03 1.0895 0.10557 0.3855 -2529.17 5066.34 -7.16208e-05
1474.30944903 160.948394256 2.3808771671 9.55388482451 140.84 1.2178 0.11802 0.43111 -2432.73 4873.46 -1.07665e-05
1929.88312025 159.203556106 2.40399247911 9.00612799152 160.22 1.009 0.11179 0.38478 -2806.03 5620.06 -4.3337e-06
1858.73496988 159.963135404 2.47283407176 9.41533956627 155.99 1.0055 0.11179 0.38236 -2929.1 5866.2 -1.86045e-05
1753.82332549 159.598446893 2.45020190327 9.69995818373 158.05 1.2044 0.12393 0.43354 -2503.93 5015.86 -3.79149e-05
1542.66449821 160.300718965 2.38159094692 8.63149582442 139.31 1.156 0.11176 0.39502 -2358.47 4724.94 -2.4991e-05
1727.36090263 159.290277723 2.41735761705 8.96518167457 154.06 1.128 0.11939 0.4276 -2384.27 4776.54 -5.35235e-06
1675.18458687 160.058019165 2.41371929584 9.15042163609 147.78 1.0897 0.11656 0.41206 -2571 5150 -0.000918394
1960.77827964 156.635937045 2.25315714922 9.38014517213 168.49 1.0341 0.11073 0.39943 -2843.1 5694.2 -0.000336596
1542.36088783 163.38107397 2.66445926068 8.9300087802 136.22 1.2035 0.12722 0.43804 -2237.73 4483.46 -5.77502e-06
1727.97806959 158.987828776 2.22067953161 8.87512176209 146.05 0.97281 0.099923 0.363 -2897.81 5803.62 -1.65071e-07
1612.0292544 159.973313321 2.48413395866 8.9161720526 145.27 1.1026 0.11432 0.41203 -2383.74 4775.48 -1.4284e-05
1913.25404835 160.744840234 2.60706866438 8.89278018948 158.99 1.0369 0.11609 0.3894 -2642.26 5292.52 -2.08287e-05
1630.25865611 159.093204852 2.22001583927 8.89109098648 145.12 1.0395 0.10412 0.36924 -2736.31 5480.62 -1.12697e-05
1783.8101617 160.973201362 2.59736298934 9.64564821518 154.35 1.1363 0.12548 0.43315 -2574.68 5157.36 -0.00162092
1881.99669393 160.546385797 2.57744805048 9.31056887817 159.77 1.0692 0.11981 0.41183 -2687.4 5382.8 -7.41548e-05
1629.75890541 158.883113741 2.23104963124 8.89106642945 144.15 1.0718 0.10631 0.39344 -2600.49 5208.98 -0.00019168
1820.03169754 160.659794393 2.5305179552 8.62533274056 149.98 0.97638 0.1154 0.36676 -2762.06 5532.12 -2.0013e-05
1733.79182505 158.585373253 2.43414845615 8.5109193984 152.27 1.026 0.11608 0.39097 -2382.68 4773.36 -4.76147e-06
1737.1100518 160.350798342 2.54469421036 8.8144284524 153.55 1.1788 0.12608 0.4383 -2277.32 4562.64 -5.35947e-05
1808.66793705 160.858971039 2.46718107085 9.00968365402 151.39 1.0786 0.11283 0.39405 -2708.75 5425.5 -9.30675e-05
1572.97003082 160.139026043 2.35430171618 8.85463043028 143.99 1.1045 0.1139 0.39515 -2483.89 4975.78 -2.7128e-06
1581.21292028 161.629572417 2.47936261813 9.1366663018 140.62 1.1497 0.11388 0.40748 -2530.16 5068.32 -2.81861e-05
2056.93752606 159.629247934 2.57397882048 8.86165552753 170.02 1.0262 0.11711 0.3859 -2681.92 5371.84 -2.90866e-06
1905.32642185 160.53478919 2.45759716538 9.36778725694 156.45 1.0251 0.10807 0.38803 -2955.47 5918.94 -6.73362e-05
1789.70492395 160.952137327 2.45088230376 8.90346965358 147.29 0.97462 0.10678 0.36539 -2887.63 5783.26 -7.08898e-05
1663.31555167 161.569612083 2.5118384648 8.2569034085 139.24 0.94027 0.10988 0.35711 -2572.35 5152.7 -7.73377e-06
1904.36168407 160.176585095 2.53015433266 8.60448025012 154.08 0.99246 0.11435 0.38246 -2677.78 5363.56 -2.87809e-05
1743.52265244 160.156402929 2.59563023004 9.65181728314 156.06 1.1635 0.1297 0.44449 -2410.07 4828.14 -7.43951e-05
1981.70825647 158.650114952 2.51473313893 8.94568473442 163.38 0.99928 0.11738 0.39289 -2637.05 5282.1 -5.51441e-05
1642.4625042 160.167390053 2.38077746629 8.97362961222 148.05 1.0887 0.11305 0.39272 -2530.25 5068.5 -8.80917e-07
1661.1774793 160.782911932 2.53700666955 8.29429892092 142.74 1.0503 0.11547 0.39814 -2287.34 4582.68 -0.00020897
1931.14221731 161.246460485 2.60467922892 9.28765292426 157.44 1.013 0.11708 0.38577 -2848.79 5705.58 -0.00105348
1784.27479983 159.587652944 2.31363021938 8.26045388901 146.93 0.98582 0.10057 0.36094 -2701.89 5411.78 -0.000207097
1622.95322611 159.486342799 2.38074290192 9.6745394042 150.51 1.1754 0.12543 0.44035 -2503.32 5014.64 -3.62325e-06
1754.46150144 159.181224771 2.5137195967 9.01805767377 157.15 1.0688 0.11955 0.4065 -2432.26 4872.52 -0.000250645
1760.31909763 158.963067822 2.3706945708 8.70345449838 151.33 1.0382 0.10904 0.38846 -2556.77 5121.54 -8.96702e-05
1810.5612612 160.506870156 2.45879789734 9.14115350634 153.77 1.088 0.11512 0.39922 -2690.37 5388.74 -1.58938e-06
1875.22131612 159.120937575 2.37907147755 8.23334365073 155.49 0.98832 0.10292 0.36102 -2666.44 5340.88 -0.000660864
1905.27446413 160.018253876 2.55646013442 9.62181749962 164.51 1.1452 0.12441 0.43483 -2611.3 5230.6 -1.91607e-05
1754.07584999 158.69750908 2.51260081294 8.89153164741 158.52 1.1297 0.12563 0.4305 -2249.94 4507.88 -0.00286368
1484.91543419 159.079404121 2.26717679681 8.50826659496 136.61 1.0973 0.11222 0.4024 -2248.77 4505.54 -4.06932e-06
1797.61613674 159.638753187 2.45027396203 9.40449906527 155.67 1.1029 0.11901 0.41635 -2676.4 5360.8 -2.16737e-06
1554.71248025 161.539048223 2.41074579571 8.85281033741 137.16 1.0857 0.10731 0.38062 -2585.93 5179.86 -0.000143309
1854.78365133 159.847509481 2.47862109253 9.07340970865 157.55 1.0597 0.11799 0.39438 -2636.8 5281.6 -1.45478e-05
2089.14267987 159.306668216 2.49914157712 8.65627787437 166.2 0.97567 0.11311 0.37517 -2799.86 5607.72 -7.06839e-05
1542.89929099 161.192182179 2.4172139692 9.10262564021 140.84 1.1995 0.11357 0.40662 -2438.2 4884.4 -6.47487e-06
1764.16568354 159.393941528 2.28828003542 8.74453430471 147.53 0.92245 0.10111 0.35038 -2932.38 5872.76 -0.000336614
1929.10573621 159.772698345 2.3908150022 8.48478702769 153 0.88506 0.098425 0.3355 -3046.43 6100.86 -0.00035978
2116.79351922 158.030125836 2.36125799254 8.50285074012 169.53 0.92751 0.10243 0.35132 -2935.72 5879.44 -1.78358e-05
1545.08479108 159.322202966 2.27791368887 9.05336203342 144.92 1.1235 0.11572 0.39698 -2511.83 5031.66 -1.09062e-05
1734.08799295 163.003358634 2.71018517311 9.68096575935 151.6 1.1616 0.12851 0.44159 -2530.14 5068.28 -3.9126e-05
1811.63061534 160.820851292 2.42185920524 8.46938742938 147.02 0.92088 0.10113 0.34884 -2927.13 5862.26 -5.9768e-05
1952.17011528 160.700252984 2.4596412926 8.75200406707 158.02 0.97495 0.10553 0.36581 -2913.03 5834.06 -3.62276e-05
1949.65286106 160.417525737 2.52383225039 8.89017387036 157.81 1.0129 0.11398 0.38084 -2768.17 5544.34 -4.41357e-05
1618.24193089 160.847444703 2.49998744153 9.1970036899 145.41 1.1058 0.1202 0.41152 -2467.09 4942.18 -3.79285e-05
1773.93141679 160.283881007 2.3357327183 8.36379718416 145.68 0.9725 0.098707 0.34286 -2867.26 5742.52 -0.000164535
1633.7157087 160.474894673 2.38700631417 9.01134115947 144.26 1.0858 0.10931 0.38166 -2681.04 5370.08 -6.52929e-06
1556.35627028 161.196771477 2.40007841633 9.05168371402 137.21 1.0593 0.11599 0.40139 -2554.78 5117.56 -2.59197e-07
1548.12302807 159.176991987 2.27909757221 9.06567857918 144.14 1.1183 0.11677 0.4051 -2479.11 4966.22 -1.17221e-05
1337.54503292 162.109932199 2.42608234007 9.32134915241 126.5 1.2389 0.11539 0.42342 -2314.75 4637.5 -0.00062904
1616.32029074 160.052162902 2.28130506904 9.07400835478 142.93 0.98074 0.10835 0.36903 -2834.6 5677.2 -1.29616e-05
1597.11849869 159.465323149 2.28921239143 8.33713712965 137.24 0.88522 0.10354 0.332 -2741.7 5491.4 -2.94191e-05
1548.14998735 160.261812607 2.31398084924 9.49545645978 139.35 1.0654 0.11338 0.40564 -2691.04 5390.08 -9.84468e-06
1847.55840848 159.364924871 2.38059234034 7.99805154774 150.04 0.92573 0.10455 0.35101 -2624.97 5257.94 -1.8306e-05
1788.03325516 160.44531724 2.3578243354 8.61719277477 148.43 0.99924 0.10336 0.35395 -2891.88 5791.76 -1.35453e-05
1843.84109575 158.948620892 2.41382710789 8.91793759771 158.08 1.008 0.11225 0.38927 -2677.61 5363.22 -1.77999e-05
1560.94323551 161.218347604 2.41361546422 8.90521357056 140.49 1.0727 0.11393 0.38705 -2536.75 5081.5 -7.68034e-05
1863.4823266 160.068449029 2.51883342523 9.69421386439 157.75 1.1385 0.11961 0.43002 -2704.15 5416.3 -2.06772e-06
1664.65297791 160.96838986 2.56133164245 9.30219961139 147.06 1.1255 0.12179 0.42158 -2494.61 4997.22 -0.000239813
1744.98022329 161.908263931 2.56884002823 9.01612176935 145.82 1.0328 0.11462 0.38871 -2716.33 5440.66 -7.59858e-05
1730.76821794 160.224806196 2.38475705966 9.21454550705 154.25 1.1391 0.11552 0.39763 -2640.3 5288.6 -1.00362e-06
1608.49609513 160.993976602 2.34879541332 8.14855070184 135.88 1.0038 0.099081 0.35234 -2649.84 5307.68 -1.16763e-05
1741.70172567 160.034487024 2.33690932469 8.80210890754 146.83 1.0451 0.10823 0.38735 -2661.63 5331.26 -8.68368e-06
1666.88374786 160.38755257 2.39511549334 9.06296195071 145.84 1.1326 0.10869 0.40385 -2593.11 5194.22 -6.77839e-05
1672.06444162 159.656981546 2.43530824624 9.31038069726 150.76 1.1358 0.12367 0.41812 -2442.21 4892.42 -0.00169608
1817.85433846 160.51112458 2.42692267757 9.5493292064 155.34 1.078 0.10953 0.40053 -2873.81 5755.62 -3.97527e-05
1810.96475129 160.383090086 2.37813994726 8.70697885752 152.7 0.98437 0.10278 0.35074 -2928.01 5864.02 -0.000497189
1657.61437967 161.61164402 2.44435536946 9.35940647834 147.42 1.2066 0.11179 0.41506 -2611.72 5231.44 -0.00198428
1492.37984238 160.154048396 2.3362172189 8.96664414743 137.21 1.0681 0.11597 0.40351 -2435.02 4878.04 -0.000422012
1501.82604078 160.617774279 2.25778300906 9.21994084825 137.75 1.1094 0.10771 0.3942 -2719.41 5446.82 -3.87071e-05
1753.58128054 162.612781308 2.57682670264 9.5557016326 147.56 1.0347 0.11481 0.3842 -2924.21 5856.42 -1.88343e-07
1441.67979097 158.202485052 2.30583820745 9.66883697328 145.77 1.3598 0.12976 0.48141 -2128.45 4264.9 -8.85783e-05
1730.12369783 158.542815087 2.31386012785 9.44858621263 154.18 1.0625 0.11363 0.39036 -2818.81 5645.62 -1.17674e-05
1422.32114942 161.05614065 2.50122214301 8.77698655672 133.47 1.1409 0.12962 0.42866 -2127.89 4263.78 -8.62785e-07
1538.42895792 158.370602964 2.37873136902 9.52550432117 147.38 1.2578 0.13141 0.47314 -2151.21 4310.42 -1.50384e-05
1620.84760635 160.83432037 2.41823451147 8.54778848232 142.17 1.0625 0.11021 0.37915 -2514.28 5036.56 -5.8109e-05
1691.42111891 161.420967065 2.47361411216 8.64917514977 143.41 1.0383 0.10972 0.38243 -2566.55 5141.1 -2.88088e-07
1631.87472272 161.987584074 2.50094656969 8.45115154016 141.78 1.0764 0.11358 0.38204 -2482.99 4973.98 -3.21017e-05
1638.61235255 159.397449514 2.30244040068 9.26954705412 144.84 1.0056 0.11236 0.38547 -2794.16 5596.32 -0.0019941
1814.30755051 160.732505175 2.55269998859 8.62862180099 155.6 1.0658 0.11819 0.38899 -2486.56 4981.12 -1.81521e-05
1688.025677 158.067336775 2.22034560183 8.79821108919 149.42 1.0619 0.10763 0.38525 -2594.79 5197.58 -4.32251e-05
1454.82953492 160.963497553 2.29286356217 8.99533850448 131.32 1.085 0.11185 0.39152 -2549.81 5107.62 -8.90735e-07
1556.20747696 159.5353765 2.20897412688 9.36917442503 140 1.0988 0.11058 0.39757 -2771.46 5550.92 -1.35556e-06
1705.25757717 161.747346077 2.69773051144 8.8944774257 149.34 1.1316 0.13177 0.43034 -2310.76 4629.52 -7.60506e-05
1406.46280589 161.869286528 2.42616253191 9.6124271685 132.39 1.263 0.12134 0.44671 -2364.96 4737.92 -7.13501e-05
1715.3930392 158.349423985 2.19085247209 9.39334211828 152.21 1.0436 0.10762 0.38918 -2913.19 5834.38 -2.97121e-06
1611.67206937 161.432635407 2.47703557693 9.31729755388 141.81 1.0598 0.11395 0.38312 -2711 5430 -2.48761e-05
1557.35055915 161.159321939 2.42067299379 9.36152277031 138.21 1.0387 0.11436 0.39896 -2660.59 5329.18 -2.94612e-05
1717.00941236 159.737753705 2.37858482481 8.90303337092 149.58 1.0449 0.11355 0.38951 -2596.1 5200.2 -5.04417e-05
1916.86402332 160.364584743 2.52261067879 8.68168140343 158.43 1.0484 0.11408 0.39138 -2633.68 5275.36 -4.23229e-06
1654.47359136 161.197430722 2.59654357724 8.73801235224 143.77 1.086 0.12027 0.39692 -2390.28 4788.56 -0.000187473
1862.06872882 159.247696684 2.40534200794 9.47970633621 162.9 1.1129 0.11473 0.41196 -2739.37 5486.74 -0.000148807
1529.48008695 159.609950425 2.42891654633 9.70205352033 148.58 1.166 0.13331 0.43724 -2357.53 4723.06 -6.20886e-05
1543.43244754 158.836949953 2.32108948711 9.31519921312 147.17 1.2291 0.12359 0.4364 -2316.94 4641.88 -0.000303424
1343.59410443 159.794069803 2.23496218319 8.94664283561 127.47 1.1269 0.11011 0.39783 -2390.36 4788.72 -1.44552e-06
1704.4615486 160.415642934 2.48582355091 8.96589732721 147.44 1.0475 0.11614 0.39263 -2568.13 5144.26 -3.4198e-06
1769.87966184 160.919495991 2.54468344647 8.77260058011 152.16 1.0818 0.1174 0.40407 -2505.95 5019.9 -7.04985e-06
1689.30211996 160.663643996 2.44382064195 8.81632103245 149.37 1.137 0.11747 0.40572 -2424.31 4856.62 -7.6119e-06
1681.68777605 158.934071741 2.51792945012 8.26359527286 149.91 1.0103 0.11755 0.3894 -2240.99 4489.98 -4.68349e-05
1570.94468445 160.313349141 2.31617895415 8.73269419812 141.21 1.0627 0.10699 0.37984 -2598.18 5204.36 -4.76351e-06
1751.12328713 159.56418435 2.351910543 8.77025318204 154.12 1.0488 0.11174 0.39578 -2592.83 5193.66 -1.57494e-05
1563.27417963 160.058666568 2.23747545014 8.38123965899 138.5 1.1396 0.10274 0.37648 -2551.98 5111.96 -8.50869e-06
1580.77612543 162.447059257 2.59562598894 8.22674202544 135.35 1.0023 0.11333 0.3653 -2442.07 4892.14 -7.94224e-05
1849.29170447 159.284573317 2.51839497018 9.16178331969 163.5 1.1443 0.12501 0.42956 -2431.76 4871.52 -2.54113e-06
1673.95101101 158.265288605 2.43563914301 9.49757454209 154.77 1.1689 0.12536 0.44486 -2328.04 4664.08 -7.70795e-05
1545.17493122 162.185806981 2.43299732222 9.12950788332 135.21 1.0823 0.10722 0.38817 -2655.94 5319.88 -1.632e-07
1706.34904798 161.401247658 2.59127458537 9.24698568514 146.61 1.0447 0.11744 0.40105 -2615.63 5239.26 -6.34229e-06
1882.25091389 161.297418655 2.56908567552 9.25955851508 156.19 1.002 0.11615 0.38232 -2869.49 5746.98 -0.00013355
1874.81803487 160.151385691 2.53773473074 8.90176596958 157.66 1.0653 0.11947 0.39886 -2586.84 5181.68 -0.000329702
1865.56772408 162.534825461 2.5307673829 9.4541347039 152.88 1.0495 0.11269 0.39757 -2988.52 5985.04 -4.69561e-05
1749.63289511 158.99659183 2.27282273723 9.31656441569 153.05 1.1098 0.11163 0.40454 -2767.42 5542.84 -1.85268e-06
1650.33270801 160.591695509 2.39592598049 9.68914774812 145.93 1.0942 0.11423 0.41199 -2744.11 5496.22 -4.99289e-05
1580.27139055 158.98788048 2.15039310281 8.98445879272 143.89 1.0343 0.10904 0.38448 -2733.68 5475.36 -7.77689e-06
1641.51122908 160.031732535 2.34567851961 9.14710318957 145.57 1.0313 0.11241 0.39142 -2716.94 5441.88 -0.000278459
1805.7629999 159.144068463 2.54717380795 8.9069285151 157.12 1.0659 0.12619 0.41732 -2362.84 4733.68 -6.33007e-05
1559.55209931 158.58023706 2.16404525608 9.18879473318 143.99 1.0908 0.10988 0.38795 -2679.91 5367.82 -0.000451434
1663.18207976 160.846466038 2.47399366219 9.12334102428 147.43 1.1152 0.11692 0.41523 -2480.3 4968.6 -2.52936e-05
1742.77614597 160.672869202 2.44736803235 8.54647027174 149.77 1.024 0.10726 0.37341 -2671.44 5350.88 -1.4109e-05
1536.99031589 160.493284614 2.34748149414 8.99445123109 138.73 1.1234 0.11352 0.40606 -2481.94 4971.88 -3.86301e-05
1520.44247463 159.37449517 2.33685377165 9.1106518861 141.52 1.1332 0.1198 0.42708 -2340.43 4688.86 -1.19693e-06
1718.97088084 159.438522471 2.33888794615 8.30734708852 144.66 1.0062 0.10483 0.3704 -2543.28 5094.56 -1.32102e-05
1634.17769069 161.101676797 2.47100935953 9.31553204766 149.35 1.206 0.11963 0.41912 -2543.33 5094.66 -6.76248e-05
1463.01814517 160.126574322 2.38431652506 8.25130323432 137.49 1.2541 0.11749 0.4244 -2062.23 4132.46 -1.31131e-05
1580.77752135 160.025179123 2.41612072985 8.91255988869 139.78 1.0553 0.1156 0.4048 -2445.56 4899.12 -1.34087e-05
1948.70482305 159.615348542 2.5599551336 8.75788792916 163.72 1.0266 0.11714 0.39433 -2596.87 5201.74 -3.96e-05
1498.94755792 160.047730309 2.33529751949 9.24405348913 139.12 1.1772 0.11096 0.41115 -2492.28 4992.56 -1.99399e-05
1769.38596108 158.581702663 2.27246192687 8.76969182455 151.76 1.0273 0.10691 0.38892 -2683.8 5375.6 -2.00735e-06
1737.85076117 159.464775289 2.35627580049 9.23319281948 154.84 1.0366 0.11028 0.3829 -2784.61 5577.22 -2.19235e-08
1855.11729996 159.127940641 2.41836559338 9.62629734315 163.47 1.1002 0.11648 0.40858 -2764.16 5536.32 -3.66256e-05
1860.30834551 161.305796846 2.59403727597 7.68322871993 146.99 0.90266 0.10673 0.33114 -2573.51 5155.02 -2.3547e-05
1703.02068773 159.849840978 2.389594072 8.6799122593 145.64 0.98737 0.10745 0.36256 -2676.31 5360.62 -0.000194197
1642.55413877 158.087189576 2.30380029666 9.43519403178 151.59 1.0962 0.11808 0.42043 -2514.06 5036.12 -3.89667e-07
1376.84950044 160.33348052 2.17800266026 8.76842967453 127.73 1.0759 0.10388 0.3689 -2590.2 5188.4 -1.7198e-05
1485.4942438 161.869438869 2.3254221687 9.28414021423 135.43 1.1588 0.10742 0.40137 -2679.65 5367.3 -2.09459e-05
1784.04451303 161.829163331 2.50375415161 9.06268889966 148.63 1.0093 0.10843 0.37219 -2882.5 5773 -4.96363e-06
1814.90030413 159.613294849 2.38492821321 9.28207579033 158.23 1.0668 0.11549 0.4027 -2745.74 5499.48 -7.84117e-05
1718.30321084 161.07432357 2.6241991038 8.06514149045 145.92 1.0182 0.12177 0.37764 -2335.95 4679.9 -9.83561e-05
1878.29463542 160.404680547 2.49603548463 9.21030847532 155.51 0.99054 0.11121 0.36943 -2919.07 5846.14 -1.88499e-05
1671.34733614 158.08776585 2.24773144795 9.11216624536 150.34 1.0505 0.10914 0.39727 -2593.63 5195.26 -0.000112009
1654.84329003 162.012359716 2.47030205175 9.13673054942 139.85 1.0908 0.10997 0.3944 -2714.24 5436.48 -2.53729e-05
1685.76912991 160.103801077 2.35000549718 9.36916154671 154.96 1.1393 0.11501 0.40759 -2636.59 5281.18 -8.73735e-05
1950.96354725 159.238789264 2.49281309231 8.77593576551 163.89 1.1122 0.1158 0.41241 -2501.23 5010.46 -0.00019295
1948.70970729 160.559526054 2.48576757764 8.75056774609 156.82 0.96198 0.10714 0.3632 -2920.94 5849.88 -1.24517e-05
1758.37576405 160.82121776 2.55952692877 8.49203472045 152.24 1.0307 0.11565 0.38303 -2507.96 5023.92 -1.65201e-06
1575.67987531 159.346833596 2.22692747675 8.3068273896 139.11 1.0029 0.10112 0.34863 -2672.79 5353.58 -4.95106e-05
1700.26329086 160.011436533 2.39944076629 8.71682694731 145.7 1.0268 0.11151 0.38334 -2579.49 5166.98 -0.00170419
1626.69518281 160.771729642 2.50098602112 8.98157409963 146.09 1.0864 0.11711 0.40456 -2510.15 5028.3 -0.000190053
1632.7502501 159.990692212 2.44664172682 9.27743462806 149.06 1.1539 0.11794 0.42781 -2421.42 4850.84 -0.00114573
1614.00043544 160.250440211 2.36674299816 8.70799352976 136.56 0.97015 0.10224 0.36176 -2768.76 5545.52 -6.32304e-07
1793.31492818 162.38696449 2.68234557291 9.53441964312 153.3 1.14 0.12162 0.42294 -2620.6 5249.2 -0.000232534
1704.59355888 160.389623758 2.33436904345 9.10536901816 145.16 1.0434 0.10466 0.37343 -2894.33 5796.66 -7.60556e-06
1664.32637359 160.834032895 2.49626376125 9.42097739537 151.02 1.1964 0.12541 0.44059 -2429.48 4866.96 -3.87267e-06
1831.0311596 161.417140475 2.46489404037 8.45633641773 149.97 0.98458 0.10683 0.35098 -2835.7 5679.4 -6.01195e-06
1691.7345536 160.332008469 2.49749840953 8.64100984987 145.85 1.0757 0.11677 0.39398 -2411.12 4830.24 -7.51928e-05
1569.35226201 161.122977238 2.38999093957 9.10566057923 138.2 1.0336 0.10659 0.36946 -2781.28 5570.56 -1.45796e-05
1765.09827915 160.119525765 2.41265698234 8.73479094319 147.98 1.0065 0.10764 0.37101 -2704.98 5417.96 -2.55829e-05
1566.89481145 160.082419419 2.32713725742 8.92395828623 138.96 1.0816 0.10766 0.3923 -2555.03 5118.06 -1.40596e-06
1778.94267991 160.643515401 2.60205318841 8.54084859725 152.97 1.0602 0.12212 0.40545 -2323.83 4655.66 -0.000220412
1762.98899551 159.870574365 2.54021046063 9.19898182593 153.58 1.0667 0.1203 0.40434 -2538.71 5085.42 -5.01476e-06
1507.72595572 159.556864737 2.31179095233 8.91975967092 140.07 1.036 0.11988 0.39612 -2409.24 4826.48 -0.000150103
1663.33734333 161.258201614 2.47086502433 8.94770533098 145.81 1.1304 0.11128 0.40676 -2531.6 5071.2 -0.000926777
1758.46501283 162.231079787 2.50956708615 8.99980448415 145.14 0.99001 0.10908 0.36956 -2874.24 5756.48 -3.49396e-06
1442.55225761 160.489838928 2.30028607709 9.30376328633 134.94 1.1583 0.11472 0.41516 -2483.73 4975.46 -3.20843e-05
1505.72141994 160.861785978 2.356318442 8.76484078016 136.77 1.1002 0.11195 0.39866 -2431.59 4871.18 -1.58406e-06
1712.75432743 161.579270346 2.46762626471 8.76433480683 143.38 1.0412 0.11119 0.3831 -2679.33 5366.66 -4.35164e-06
1700.85412953 159.0337554 2.31371551066 8.81554635582 152.64 1.0438 0.11532 0.38462 -2565.77 5139.54 -7.85619e-05
1772.18720962 159.750642263 2.40600618822 8.96733270561 152.6 1.0465 0.11276 0.39564 -2633.28 5274.56 -3.93107e-05
1747.82872605 158.967666316 2.34568300551 9.48276812059 155.89 1.0278 0.11792 0.40733 -2716.02 5440.04 -4.86124e-07
1692.95879423 161.951678607 2.5699216702 8.79956863346 143.02 1.0854 0.11226 0.39187 -2545.12 5098.24 -0.000175192
1603.97503966 156.753382163 2.09887520299 8.97450593815 147.01 1.0156 0.11148 0.39307 -2556.85 5121.7 -3.11589e-05
1621.4487318 159.002286265 2.36522465158 9.3171366171 147.94 1.1242 0.11981 0.43063 -2434.96 4877.92 -5.92756e-05
1645.0124172 161.838026749 2.37458120865 8.08431005714 139.17 1.0065 0.099024 0.3492 -2717.19 5442.38 -9.62423e-05
1828.70710335 160.033214469 2.38459411882 8.86170532145 152.26 1.0118 0.10419 0.37292 -2849.39 5706.78 -0.000878707
1881.70816585 160.562028265 2.57989309651 9.04679387944 154.84 1.0275 0.11113 0.39191 -2697 5402 -3.77768e-05
1839.9371613 156.590448709 2.26200594209 9.00290624041 162.65 1.0342 0.11468 0.40077 -2591.38 5190.76 -0.00108295
1741.3910123 158.902896357 2.28448715506 8.30981467499 147.2 0.95614 0.10003 0.34934 -2723.31 5454.62 -0.000788063
1959.51733166 159.621049117 2.44853172873 9.72010650429 166.88 1.1168 0.12008 0.41487 -2857.82 5723.64 -1.21903e-05
1846.14118606 160.293036411 2.49940971086 8.8969461473 155.07 1.0385 0.11333 0.3931 -2577.86 5163.72 -1.84093e-05
1753.21193588 159.433278749 2.34140157763 9.59287160346 155.66 1.173 0.11171 0.42262 -2724.9 5457.8 -5.77471e-05
1990.07578307 161.447296625 2.58722160731 9.13453487587 159.11 0.95143 0.11036 0.36559 -3067.85 6143.7 -6.82074e-05
1676.35032617 158.764165075 2.30250228958 8.72246143271 145.94 0.98414 0.10847 0.37795 -2623.38 5254.76 -6.0278e-07
1626.33991947 158.580775722 2.32088984527 8.15557825287 140.75 0.9475 0.1032 0.35773 -2487.91 4983.82 -1.82473e-05
1747.42360182 158.687984306 2.28758377564 9.4362158441 156.75 1.1602 0.10934 0.42198 -2651.31 5310.62 -4.49779e-05
1627.62777222 158.023722024 2.31385813665 9.03405999509 153.4 1.0882 0.12085 0.41043 -2441.88 4891.76 -2.10045e-05
1984.22354105 160.077310866 2.57062768264 9.55139662063 167.45 1.0729 0.1189 0.41263 -2772.47 5552.94 -2.28761e-05
1654.53748634 162.302919546 2.72791106486 9.12036592144 146.03 1.1867 0.13511 0.44273 -2197.53 4403.06 -7.52222e-05
1602.24845704 159.744904106 2.32605627631 9.59985210243 144.08 1.136 0.11287 0.41895 -2631.79 5271.58 -6.86044e-06
1761.28038793 157.999495706 2.29440199961 8.71447355763 152.45 0.99705 0.10732 0.37996 -2635 5278 -3.57546e-05
1764.7172846 161.15272911 2.45589859173 8.49920576548 147.96 1.05 0.1073 0.37401 -2612.33 5232.66 -8.94741e-05
1897.97918471 160.79906603 2.66019780775 8.92832614089 160.68 1.151 0.12351 0.4323 -2385.77 4779.54 -1.32475e-05
1598.79241739 160.584721605 2.39653518904 9.33897509112 145.48 1.1153 0.11706 0.40926 -2593.68 5195.36 -6.89344e-05
1857.85341111 158.177993523 2.39079566349 8.58389905843 157.67 0.98744 0.11081 0.37006 -2597.43 5202.86 -9.10122e-05
1839.25075 160.060254254 2.46613685852 9.76172827572 157.83 1.0785 0.12058 0.41478 -2793.68 5595.36 -1.19831e-05
1970.31052867 159.132288471 2.41969083104 9.24939019559 164.31 1.0363 0.11289 0.39339 -2866.41 5740.82 -3.4507e-05
2036.18462056 162.208514785 2.71318563745 8.26713030354 157.82 0.9417 0.10916 0.35959 -2756 5520 -0.000398222
1730.79465904 159.134463579 2.38072766133 9.07903689743 153.6 1.1326 0.11264 0.41904 -2499.47 5006.94 -1.60913e-06
1660.3254819 160.697394834 2.45790075412 8.90010264135 146.35 1.0516 0.115 0.39141 -2543.45 5094.9 -3.8248e-06
1594.07813594 160.155847123 2.40978775952 8.79046743044 141.84 0.99051 0.11054 0.37864 -2564.91 5137.82 -7.35283e-07
1368.16926377 158.799597728 2.08013809611 8.37365772136 126.67 1.0576 0.095858 0.36387 -2491.8 4991.6 -1.34286e-05
1789.04683271 158.847437079 2.42225523383 8.21834677003 150.87 1.0218 0.10876 0.37772 -2421.55 4851.1 -4.54505e-05
2029.08578636 160.686573609 2.77652325644 9.23798831682 170.89 1.117 0.12854 0.44083 -2511.9 5031.8 -2.09869e-05
1790.27893628 159.869472238 2.43934282528 8.13206033357 147.66 0.93381 0.10273 0.35593 -2618.37 5244.74 -3.94643e-05
1701.61057625 160.991851208 2.4394564583 8.76409305678 145.49 1.0741 0.11197 0.38801 -2650.23 5308.46 -3.08184e-05
1549.91157807 160.760835065 2.36903914901 9.40389583907 140.85 1.1579 0.1234 0.42175 -2526.32 5060.64 -0.000149964
1405.25847677 158.606703731 2.16154852705 8.74059390318 136.09 1.1296 0.11383 0.40119 -2309.84 4627.68 -6.59339e-06
1611.08066933 160.337729811 2.25638304448 8.80023561128 140.93 1.1196 0.10221 0.38543 -2712.15 5432.3 -1.69828e-05
1656.32056379 158.846497345 2.35143156488 8.5743904055 147.1 1.0806 0.11279 0.3974 -2378.93 4765.86 -0.00272447
1585.4189618 157.589899953 2.13706321157 9.03183654387 150.85 1.0476 0.10784 0.37952 -2661.34 5330.68 -2.1394e-05
1687.11316798 158.954788368 2.31547413201 9.0739296831 153.85 1.082 0.11554 0.39608 -2628.94 5265.88 -1.33767e-06
1907.91612876 160.89938495 2.5261411059 8.8801127147 153.92 0.97138 0.10943 0.36576 -2877.92 5763.84 -4.13089e-05
1466.99262825 161.090314808 2.36662137346 8.60847592473 132.98 1.09 0.11185 0.40617 -2337.44 4682.88 -8.31311e-06
1476.1742174 160.458397776 2.30663938119 9.04078178721 133.18 1.0678 0.10654 0.39032 -2596.75 5201.5 -4.23768e-06
1839.99018934 158.45270674 2.32224741917 9.71088977907 164.82 1.1669 0.11872 0.42625 -2726.54 5461.08 -6.91069e-06
1873.3023084 161.044097847 2.49340917416 9.06091785687 152.93 1.0194 0.10856 0.37658 -2887.73 5783.46 -1.2015e-05
1778.81419812 157.68897027 2.26875141297 9.31516158734 158.27 1.0054 0.11416 0.39296 -2759.27 5526.54 -1.69737e-06
1780.48189777 159.807763299 2.4151085142 9.46292638744 155.38 1.0637 0.11465 0.40888 -2719.93 5447.86 -3.4776e-05
1446.09739524 160.953044077 2.40778044021 8.68315839317 131.66 1.0758 0.11666 0.3914 -2390.13 4788.26 -8.87202e-06
1703.79025031 161.376997574 2.47947812532 8.41945733505 145.91 1.031 0.10942 0.37792 -2575.75 5159.5 -1.8112e-05
1679.8237944 160.40901962 2.57225134417 9.48732414226 154.32 1.2648 0.13527 0.46273 -2297.88 4603.76 -1.60127e-05
1690.69480595 161.355867428 2.53152945245 9.50664580177 148.99 1.1206 0.12528 0.41776 -2612.11 5232.22 -0.000291155
1826.17640956 160.885465615 2.65726836498 7.96763388205 152.63 1.0483 0.12018 0.40297 -2226.18 4460.36 -2.52886e-05
1524.67554968 160.292414002 2.38727512335 9.74347209892 142.12 1.2642 0.12091 0.45821 -2419.08 4846.16 -5.39826e-05
1753.31795616 160.124377406 2.47857520757 9.00822940788 154.55 1.0681 0.11818 0.39463 -2579.19 5166.38 -8.06742e-06
1731.13729813 161.69049717 2.52339262733 8.80751958087 143.75 1.0405 0.11404 0.38332 -2638.69 5285.38 -2.6407e-06
1333.43590315 162.418557528 2.43683857444 9.24788737089 128.22 1.1404 0.12025 0.41541 -2407.97 4823.94 -2.69008e-06
1559.06683578 159.366720593 2.28033840602 9.04465582904 145.77 1.1722 0.11419 0.41149 -2460.66 4929.32 -1.419e-05
1513.80728995 159.021934945 2.23122212724 8.40200449675 138.22 1.0735 0.10584 0.38472 -2386.98 4781.96 -7.76791e-05
1697.5076835 160.159623677 2.40268817573 8.63469552572 145.06 1.0611 0.11768 0.39661 -2492.23 4992.46 -8.65944e-06
1759.94436541 158.619721556 2.37423403546 8.96767246096 153.51 1.0516 0.11582 0.40319 -2522.76 5053.52 -2.72326e-05
1854.31316149 158.056567061 2.34150238439 9.51833025946 162.2 1.1081 0.11526 0.41848 -2720.84 5449.68 -8.43882e-06
1428.43442464 162.827553181 2.51794520953 8.70389639943 129.95 1.1398 0.11426 0.40081 -2305.88 4619.76 -0.000282203
1662.34864855 160.363784642 2.3316874289 8.8301234168 142.17 1.0141 0.10642 0.37876 -2719.63 5447.26 -2.94157e-07
1818.91534443 160.018722423 2.55426891566 9.27189795126 154.72 1.0873 0.1211 0.4082 -2620.94 5249.88 -1.7706e-05
1769.94387436 160.466790252 2.38536241446 8.84117845271 151.14 1.0153 0.10846 0.37274 -2743.74 5495.48 -2.12976e-07
1761.80353438 161.544678726 2.5237286671 8.69529977431 145.97 1.0155 0.1134 0.37476 -2656.21 5320.42 -2.41847e-06
1684.01769498 158.319451517 2.25785057079 8.7926209149 146.75 0.97759 0.10671 0.36857 -2662.9 5333.8 -2.27303e-05
1747.73130218 159.302955917 2.35810004632 8.49189861855 151.38 1.087 0.10764 0.39252 -2495.04 4998.08 -0.000220623
1553.71351016 159.354571159 2.33280302835 8.96420339552 141.21 1.0933 0.11443 0.4183 -2399.33 4806.66 -3.1464e-06
1647.95509845 160.853271141 2.41638089387 8.97277283368 145.54 1.1407 0.1161 0.40376 -2526.57 5061.14 -1.98172e-06
1747.6863501 160.561076039 2.45920326429 8.85443469172 150.09 1.0747 0.11509 0.38746 -2595.77 5199.54 -4.28089e-05
1607.10505186 161.35901433 2.40053767941 8.65181928595 139.85 1.1093 0.10871 0.38654 -2519.97 5047.94 -8.90161e-07
1857.95838658 160.205150224 2.39632625638 8.60664803021 152.28 0.97783 0.10638 0.3628 -2857.01 5722.02 -0.000117915
1814.13001705 158.823114478 2.5443896277 8.9899494296 164.39 1.1602 0.1345 0.45012 -2221.15 4450.3 -1.78059e-06
1767.5837403 161.060763111 2.46037210772 9.51230004916 151.43 1.0682 0.11732 0.40405 -2806.39 5620.78 -3.21213e-05
1613.48058594 160.987747951 2.40515193304 9.54762115295 146.76 1.1501 0.1196 0.42438 -2597.1 5202.2 -7.06862e-05
1847.63886219 159.216879892 2.50827886458 9.08620376247 158.46 1.0265 0.11727 0.39241 -2620.86 5249.72 -1.01334e-05
1713.07770045 158.965579432 2.53254959559 9.0579704213 153.37 1.1717 0.1269 0.44207 -2211.13 4430.26 -1.12758e-06
1733.00738497 158.373311724 2.19484021068 8.80504363968 150.59 0.96936 0.10219 0.36354 -2864.55 5737.1 -2.92898e-05
1547.77161059 159.967358569 2.35137733597 8.65199908861 139.21 1.1007 0.11573 0.39862 -2401.36 4810.72 -5.53952e-05
1630.13305707 160.144143902 2.42862572811 9.50328985123 144.76 1.1013 0.12098 0.41879 -2553.01 5114.02 -1.52171e-06
1456.88239629 159.750498798 2.30761588623 9.35896551828 139.58 1.1691 0.1182 0.4198 -2439.5 4887 -2.30234e-05
1666.80196091 160.960682925 2.35998226937 8.67931381714 141.44 1.0044 0.10865 0.36464 -2710.89 5429.78 -1.00145e-05
1701.37751831 159.35959299 2.40958509825 8.31812648198 144.53 0.95926 0.11281 0.36527 -2546.31 5100.62 -7.75195e-05
1673.8556002 159.517760878 2.46663603272 9.03753197288 150.69 1.0892 0.12314 0.42015 -2420.88 4849.76 -6.58507e-05
1686.30671982 160.223114514 2.50075485709 8.48845832291 147.29 1.0839 0.11297 0.38792 -2420.71 4849.42 -2.44324e-05
1705.60350998 159.935621397 2.4575106863 9.1727479215 154.73 1.2095 0.11443 0.42927 -2437.42 4882.84 -0.0013214
1648.38521391 162.82331198 2.56746012012 9.3110282006 142.88 1.2204 0.11941 0.41229 -2557.86 5123.72 -1.50316e-06
1912.70973652 160.524517587 2.44718418888 9.16879711307 157.99 0.9697 0.107 0.36259 -3044.74 6097.48 -1.14238e-05
1618.51970522 160.386786977 2.46236120305 9.50683124608 146.6 1.2043 0.12252 0.43593 -2426.05 4860.1 -5.89603e-05
1735.06213664 159.923119364 2.31699185707 9.04467517164 149.02 1.0363 0.10963 0.3796 -2811.88 5631.76 -6.11589e-07
1778.01423311 163.390836814 2.68794882296 9.03603390923 146.51 1.0476 0.11554 0.39867 -2674.04 5356.08 -0.00021482
1496.33413572 159.836446664 2.31900818656 8.79163204486 134.94 1.0664 0.11313 0.39979 -2392.6 4793.2 -6.50283e-05
1594.80050718 160.256365797 2.46702979335 9.18766801593 145.65 1.11 0.12222 0.42522 -2387.18 4782.36 -9.75962e-07
1656.20467567 159.185622348 2.25417714544 9.49590118284 149.7 1.2067 0.11385 0.43963 -2594.76 5197.52 -0.000479039
1350.39283783 158.148852389 2.22388863436 10.0081614901 141.17 1.2993 0.12886 0.4915 -2220.4 4448.8 -0.000123869
1552.45279365 158.683041427 2.20924268142 8.85686080097 141.22 1.0869 0.10917 0.39142 -2571.71 5151.42 -2.70817e-05
1580.46364797 160.186566177 2.35293069625 9.04624019401 139.52 1.0677 0.11021 0.38893 -2582.56 5173.12 -0.000113923
1791.24022192 159.446891317 2.50332284059 8.18436705859 151.87 0.97801 0.11548 0.37325 -2418.06 4844.12 -1.263e-05
1654.37952185 160.390351009 2.33724231846 9.06735833767 144.4 1.085 0.10661 0.39272 -2706.26 5420.52 -8.746e-05
1842.56423635 161.489181128 2.66459178865 8.44440787906 151.89 0.97498 0.1177 0.36952 -2560.76 5129.52 -4.88265e-06
1569.16623573 159.39808207 2.25236279983 9.30108768377 144.11 1.1466 0.11248 0.40851 -2586 5180 -5.94706e-06
1670.14036698 160.654522978 2.43153318555 9.10713535657 145.43 1.1375 0.11787 0.41571 -2504.17 5016.34 -2.00433e-06
1701.51495979 158.220279711 2.28472642712 8.62303742434 152.5 1.0006 0.11359 0.38317 -2492.67 4993.34 -1.27844e-05
1684.24583215 159.362563814 2.33720541626 8.89891661732 155.79 1.2554 0.10926 0.40257 -2529.63 5067.26 -2.98738e-06
1578.06559637 160.779065434 2.42465544336 8.4217857147 137.85 1.0027 0.10855 0.36784 -2479.95 4967.9 -3.79382e-05
1481.92488454 161.674529779 2.46129734333 9.16430163985 137.2 1.1458 0.11882 0.42053 -2394.42 4796.84 -2.99146e-07
1829.36762162 158.142619109 2.36925537658 9.09824776661 161.67 1.0641 0.11652 0.41009 -2555.94 5119.88 -1.1238e-06
1784.0901546 160.741331733 2.6192872179 8.81514062833 154.89 1.1478 0.12478 0.41984 -2352.51 4713.02 -4.7268e-05
1855.51401864 160.269343243 2.56781980138 9.40361803397 159.25 1.1016 0.12126 0.42281 -2606.07 5220.14 -0.000757685
1516.67371813 160.090332394 2.31451611836 8.3699341982 138 1.0756 0.10439 0.36742 -2503.03 5014.06 -6.94854e-07
1519.19612211 157.941895607 2.1316382648 9.19864645491 144.95 1.0901 0.10974 0.39629 -2622.15 5252.3 -3.67455e-05
1637.7690793 161.460436618 2.51541193071 9.52172656015 147.72 1.1866 0.12369 0.43383 -2493.6 4995.2 -0.00106669
1674.44649772 160.555427147 2.45326510333 9.0128628625 145.09 1.0185 0.11542 0.38503 -2660.24 5328.48 -0.000128995
1735.2434399 158.433251304 2.19613292509 8.95076879121 151.2 1.0299 0.10058 0.37858 -2811.62 5631.24 -0.000143762
1383.30077833 160.329413197 2.32051326689 8.98276595942 130.31 1.1156 0.11516 0.40905 -2352.01 4712.02 -3.19659e-05
1574.39915551 161.383171666 2.39560794795 8.61316140149 134.11 1.018 0.1019 0.35987 -2684.84 5377.68 -3.4983e-06
1714.1015336 158.478247261 2.30822369801 8.92898453572 154.44 1.1216 0.11446 0.40152 -2508.02 5024.04 -0.000125764
1973.8519926 161.952622824 2.67973496316 9.01419332536 158.29 1.0524 0.11723 0.39515 -2681.95 5371.9 -4.14365e-05
1786.96413204 162.057659462 2.6118769756 8.99163523687 147.21 1.0092 0.11548 0.38114 -2727.5 5463 -0.0013603
1544.81389225 161.195866258 2.38573042752 8.9983587817 139.63 1.0995 0.11413 0.4045 -2513.23 5034.46 -2.49693e-07
1738.43732767 161.397477462 2.57462357589 8.882986644 147.92 1.1042 0.11773 0.40319 -2490.23 4988.46 -0.000913436
1649.62487617 161.708647978 2.37302083265 8.13469089234 136.69 1.0066 0.096376 0.35065 -2707.72 5423.44 -8.98941e-05
1654.81273313 159.389963653 2.35398686325 8.79018633295 148.16 1.1042 0.11503 0.4082 -2417.81 4843.62 -1.6756e-06
1508.92456075 160.696866839 2.36465037347 8.93954534417 138.71 1.0617 0.11461 0.39439 -2535.18 5078.36 -1.09671e-05
1983.30938175 160.147156737 2.49820374236 8.97356761476 159.27 0.97094 0.10912 0.36496 -2960.55 5929.1 -3.11537e-05
1342.30538155 158.911953969 2.07494960509 8.26630484421 126.1 1.0218 0.10122 0.3528 -2519.73 5047.46 -2.96124e-05
1673.85435796 158.494823396 2.3602922802 9.31489892422 155.34 1.0823 0.12539 0.41083 -2469.43 4946.86 -3.16465e-06
1629.46592207 158.925419541 2.35352421592 9.03079589163 147.48 1.1634 0.11231 0.4166 -2401.27 4810.54 -2.09971e-05
1833.31509998 159.707046907 2.4005446938 8.61595521798 151.71 0.95533 0.10557 0.34902 -2876.03 5760.06 -2.72818e-05
1690.79319069 160.247110894 2.32974786803 9.1942032283 146.48 1.0516 0.10673 0.39034 -2805.05 5618.1 -4.42945e-05
1776.3290351 160.621511305 2.39207112547 9.05484061095 149.14 1.002 0.11035 0.36084 -2952.51 5913.02 -2.92605e-06
1719.77815125 160.321171851 2.58248273431 9.15983860122 151.17 1.079 0.1262 0.41483 -2436.02 4880.04 -3.17253e-06
1690.66678532 160.486639531 2.3124990903 8.37743141222 142.74 1.0109 0.10175 0.35089 -2793.91 5595.82 -4.11997e-06
1772.34467225 158.667501929 2.30208873025 8.69875398289 154.71 1.0435 0.10422 0.36706 -2738.96 5485.92 -2.4182e-05
1554.1276195 161.123164698 2.36348257773 9.30213859087 137.69 1.1577 0.10898 0.40885 -2627.44 5262.88 -2.19047e-06
2020.05748776 159.668553944 2.53640791247 9.23696004271 164.54 1.0048 0.11415 0.38881 -2867.07 5742.14 -0.000796807
1711.93838726 158.427950989 2.46835905363 9.20105887331 155.61 1.1577 0.12911 0.43158 -2319.78 4647.56 -1.64718e-05
1853.51115053 158.95640886 2.53201717196 9.6471844713 167.14 1.1604 0.12572 0.44582 -2488.88 4985.76 -1.92552e-06
1559.85188462 159.940045692 2.35729169719 8.86115722163 139.44 1.0321 0.11483 0.38101 -2559.41 5126.82 -5.11808e-06
1711.26546784 159.173928263 2.46739477665 8.63189583368 154.53 1.211 0.12861 0.44199 -2154.07 4316.14 -8.26796e-06
1706.62584519 158.723558721 2.45307147989 9.5046604685 158.38 1.2026 0.12697 0.44938 -2337.55 4683.1 -9.99627e-06
1906.78135006 159.495606099 2.46540203593 9.70928134336 167.05 1.1338 0.11499 0.41494 -2806.74 5621.48 -8.88662e-05
1652.86566301 161.120976954 2.44271324484 8.76126579127 138.77 0.94119 0.10685 0.35908 -2752.83 5513.66 -1.00368e-06
1846.31593296 159.402940074 2.39270750524 9.16789500126 157.72 1.0516 0.11011 0.38985 -2783.28 5574.56 -1.95932e-05
1577.73413842 160.150717066 2.52059467533 9.14274291244 145.21 1.1835 0.12001 0.43281 -2278.91 4565.82 -5.92477e-05
1615.2564115 159.906042922 2.36774682577 9.16345399986 145.3 1.1145 0.11527 0.40639 -2513.39 5034.78 -0.000360138
1770.65116151 159.973994608 2.43968372258 9.51395789074 157.15 1.1493 0.12199 0.43407 -2552.49 5112.98 -0.00100738
1640.30125063 158.386032113 2.23501493647 9.03192657761 146.52 1.0671 0.10834 0.39247 -2590.58 5189.16 -8.50571e-06
1675.0658286 161.085727879 2.38354110455 8.98791083335 145.6 1.0431 0.10937 0.38268 -2730.62 5469.24 -3.73909e-05
1758.49086067 161.776441839 2.5258205278 8.7860141745 144.22 1.0369 0.11213 0.3825 -2672.63 5353.26 -8.90605e-06
1633.27950483 158.435480419 2.29206498665 9.58969841254 147.58 1.1539 0.11499 0.42611 -2559.38 5126.76 -1.64249e-05
1790.34803228 158.419690907 2.48085164032 9.20889283429 159.83 1.1799 0.1251 0.44099 -2326.9 4661.8 -7.91693e-05
1674.75137826 161.713775143 2.58945065682 8.78021320211 143.19 1.1113 0.12225 0.40031 -2434.72 4877.44 -2.00834e-05
1610.70790566 157.450461459 2.20364237781 8.84396510072 150.47 1.1183 0.11826 0.4189 -2364.28 4736.56 -8.43355e-07
1633.09403882 158.466464157 2.3035790423 8.84625504504 147.64 1.0909 0.1181 0.40441 -2406.51 4821.02 -4.59373e-06
1682.97956763 160.960597878 2.4311490292 9.15296780336 145.6 1.1459 0.11997 0.42154 -2517.69 5043.38 -0.000790974
1730.33074763 160.258300815 2.41067631398 8.6006407965 147.1 1.0369 0.11035 0.38738 -2547.78 5103.56 -9.25522e-06
1837.40454676 158.814890739 2.51738690623 8.81662522134 160.54 1.1455 0.12153 0.42476 -2319.16 4646.32 -0.000218335
1687.67698211 158.932992986 2.3800980588 8.72711887968 149.55 1.0317 0.11439 0.39599 -2455.91 4919.82 -2.64568e-06
1630.55182325 161.816474898 2.49623415663 8.46022123579 138.71 1.0388 0.10961 0.36803 -2568.94 5145.88 -5.73315e-05
1589.21311383 160.237313226 2.33449508014 9.26638581878 143.42 1.0947 0.10805 0.39631 -2714.99 5437.98 -7.94188e-06
2115.82822422 159.491515132 2.68198332341 9.87596290954 179.47 1.1772 0.13076 0.45521 -2621.3 5250.6 -1.97804e-05
1866.14327214 160.714221712 2.61382830856 9.04839183556 160.09 1.1193 0.11905 0.42039 -2542.06 5092.12 -9.79153e-05
1477.28264942 158.326155992 2.22074021787 9.39218189661 143.02 1.1262 0.1195 0.42661 -2405.33 4818.66 -2.0731e-06
1516.37716436 160.068630883 2.34022130093 8.646009519 137.51 1.1034 0.10839 0.38965 -2433.69 4875.38 -9.29667e-05
1783.16931988 160.550414605 2.34810239797 9.50296781133 147.59 0.98682 0.10511 0.38029 -3070.51 6149.02 -4.43102e-07
1623.99486068 158.113112522 2.13301141217 9.04091165707 143.31 1.05 0.1013 0.3757 -2834.53 5677.06 -1.98939e-05
1655.06742586 157.361831399 2.25683635848 8.82218976995 151.17 1.0014 0.11437 0.39411 -2484.19 4976.38 -0.000131437
1721.97539171 158.630133402 2.22437794625 9.72490547512 155.24 1.0847 0.11337 0.39999 -2891.66 5791.32 -0.00104892
1664.74873212 160.071495612 2.47204395147 9.18968506936 148.15 1.0728 0.11815 0.40609 -2519.38 5046.76 -0.00015595
1876.53338688 161.121739817 2.47294215967 8.59987302945 148.42 0.96127 0.10197 0.35535 -2899.74 5807.48 -4.1569e-05
1824.22281414 158.724309127 2.52716040533 9.37000281806 165.76 1.1694 0.13314 0.46006 -2308.97 4625.94 -6.45744e-05
1820.66749252 160.343393331 2.41889625341 9.29723542298 153.02 1.0625 0.10544 0.38646 -2906.34 5820.68 -2.18481e-05
1679.62461701 159.556280063 2.45638066286 9.42237092492 152.35 1.1027 0.12787 0.42197 -2492.72 4993.44 -1.7107e-05
1416.78690921 160.477870264 2.29295131972 9.43752883875 133.6 1.1589 0.11357 0.41159 -2515.22 5038.44 -5.98357e-05
1826.98831187 160.855190601 2.46418602431 8.60135332104 151.26 1.0062 0.10299 0.36143 -2844.46 5696.92 -8.33034e-05
1675.8071576 160.981057569 2.44156233934 9.34155383524 147.89 1.1531 0.11387 0.41868 -2621.09 5250.18 -4.38099e-05
1725.67844617 162.523473252 2.70266503688 8.65827720574 146.77 1.0517 0.11834 0.401 -2431.41 4870.82 -0.000137462
1962.36448257 158.076894339 2.3339446641 9.19262003802 167.68 1.0888 0.10843 0.40628 -2799.21 5606.42 -7.39737e-05
1461.84342502 159.909301833 2.31869016109 9.12925879811 136.56 1.107 0.11453 0.3998 -2504.69 5017.38 -5.41063e-06
1573.74192662 158.891080065 2.36657115519 9.40589911079 147.85 1.1866 0.12817 0.4418 -2359.95 4727.9 -4.38408e-05
1903.47939452 161.084378208 2.69458737985 8.59807432079 157.15 0.94759 0.12054 0.37316 -2617.08 5242.16 -6.6069e-06
1524.94602768 161.762248166 2.3537250435 8.11284876285 129.26 1.0219 0.096781 0.34696 -2614.52 5237.04 -2.43133e-06
1617.38542945 158.440739697 2.19493702309 8.56033314729 144.21 0.9697 0.10263 0.35452 -2722.59 5453.18 -0.000575687
1515.13192324 160.925482993 2.33719932962 9.39931432897 137.5 1.085 0.11406 0.39694 -2651.4 5310.8 -9.5467e-05
1661.30017768 159.748307082 2.42738028731 8.63816292682 148.1 1.0773 0.1132 0.38546 -2470.06 4948.12 -5.06139e-05
1577.55153473 161.58939507 2.4381909041 8.71121392311 137.07 1.0781 0.10991 0.39129 -2502.34 5012.68 -1.39472e-06
1603.32831899 159.8738463 2.35291726253 9.55490150044 146.03 1.1135 0.113 0.40174 -2672.63 5353.26 -2.70489e-05
1705.1467593 161.654466658 2.54257245632 9.78560904603 149.59 1.1582 0.1206 0.43661 -2591.08 5190.16 -2.1193e-06
1817.71303004 160.76092184 2.39376544503 8.9262532094 149.16 0.96252 0.10331 0.36195 -2956.08 5920.16 -0.000123275
1415.52014564 161.569915114 2.35528482588 8.43253594077 131.27 1.1406 0.10871 0.38414 -2365.69 4739.38 -8.73884e-05
1541.59010451 159.106250151 2.34517020236 9.62864937648 147.82 1.1546 0.12478 0.44373 -2369.97 4747.94 -5.10914e-05
1613.68463322 160.552781066 2.32020232886 9.02769733334 140.89 1.0487 0.11135 0.39306 -2639.91 5287.82 -9.88139e-06
1515.218234 160.18367331 2.36416502089 9.89483914888 143.34 1.1854 0.12155 0.43271 -2544.4 5096.8 -1.42378e-05
1950.23662976 161.322714916 2.59280931078 9.44469574249 157.73 1.0604 0.11628 0.39569 -2817.07 5642.14 -1.08219e-05
2079.13570802 161.373562794 2.72907371528 8.73728004221 162.89 0.97548 0.11628 0.3679 -2841.13 5690.26 -0.00177987
1840.67805214 159.772833776 2.42970111545 8.85461684554 154.94 1.0115 0.10879 0.38052 -2726 5460 -3.57012e-05
1961.55579221 160.248968286 2.48611209271 8.82932043224 158.62 0.9716 0.10591 0.36639 -2899.77 5807.54 -0.000502739
1937.40272558 160.93882564 2.59031310986 8.72190492516 157.82 1.0618 0.11497 0.39793 -2601.32 5210.64 -6.43397e-05
1732.93195488 160.922771385 2.61408982919 8.66360312075 152.61 1.1282 0.11697 0.4175 -2338.42 4684.84 -1.06612e-05
1729.22247639 161.050266413 2.49347728024 8.49888129904 146.33 1.0524 0.10714 0.37515 -2601.69 5211.38 -1.7172e-06
1598.91442593 158.410560927 2.22972230406 9.13691792279 145.04 1.1101 0.11034 0.40968 -2559.38 5126.76 -6.94419e-07
1610.8328567 161.026298882 2.29563607901 8.74657529529 136.71 0.99366 0.10234 0.35118 -2850.58 5709.16 -2.49782e-05
1742.50445645 160.860752628 2.54311787532 8.42098681167 144.2 0.966 0.1134 0.36517 -2569.53 5147.06 -0.000319398
1834.84969803 159.049480615 2.30165911407 8.61709835903 152.41 0.95711 0.10107 0.35235 -2924.81 5857.62 -3.75497e-05
1617.21747817 159.661797652 2.24238331684 9.25173349191 142.73 1.0723 0.10621 0.38746 -2798.97 5605.94 -7.73241e-06
1799.30774512 159.372898327 2.3725646143 8.29232500393 151.2 1.0366 0.10566 0.37533 -2542.91 5093.82 -3.24573e-06
1804.34627509 159.501714654 2.38330633028 9.06339084182 150.89 1.0205 0.10719 0.37992 -2783.1 5574.2 -1.63111e-06
1613.25731007 161.205130021 2.37415335872 9.04251605722 143.79 1.0929 0.11112 0.39247 -2683.11 5374.22 -1.3863e-06
1686.78207246 159.542422792 2.35040844938 9.01981715924 148.97 1.1084 0.11057 0.39962 -2581.27 5170.54 -2.15454e-06
1567.3643524 159.669620191 2.32568817468 8.40792198831 138.02 1.0577 0.10699 0.37939 -2422.92 4853.84 -2.01629e-05
1890.77788156 159.93720257 2.39173863728 9.19663801646 156.81 1.0047 0.10827 0.38088 -2901.61 5811.22 -0.000501704
1845.23187016 158.366636324 2.27735145667 8.6066551739 157.51 1.0028 0.10495 0.36723 -2739.65 5487.3 -9.40574e-07
1574.34697552 160.057315648 2.46457955983 8.54138519394 140.48 1.1067 0.11975 0.41066 -2300.12 4608.24 -1.88153e-06
1532.76812197 162.046305705 2.56001958963 8.66908468145 138.9 1.1669 0.11597 0.41423 -2302.65 4613.3 -1.33466e-05
1652.70515554 158.92119511 2.19837703134 8.62300289842 140.44 0.9928 0.096786 0.35283 -2855.61 5719.22 -6.7091e-05
1693.87590523 159.912223169 2.3654171269 8.69831712801 144.86 1.0755 0.10796 0.3949 -2557.25 5122.5 -2.21086e-05
1636.14341762 158.548273257 2.54459572869 9.57110373009 161.21 1.2941 0.14306 0.48888 -2065.62 4139.24 -5.12154e-05
1538.63570055 161.430897051 2.42712495003 8.76945255838 134.16 1.0865 0.10876 0.39157 -2445.3 4898.6 -0.000117349
1675.82388512 162.088286234 2.50100091126 8.78481717388 142.14 1.0402 0.11034 0.38008 -2635.95 5279.9 -0.000369605
1551.7465186 160.067681084 2.32178961992 9.28139847194 145.44 1.2399 0.11429 0.41738 -2487.85 4983.7 -0.000803971
1692.15203764 162.734264185 2.56604419837 9.54349943833 146.84 1.1523 0.11896 0.42394 -2664.1 5336.2 -1.68133e-08
1543.55391653 159.041759533 2.39860066238 8.77121573324 140.79 1.0497 0.12021 0.39727 -2339.52 4687.04 -8.15325e-07
1632.18406575 161.824214917 2.49367333568 8.84537245785 141.16 1.0206 0.11239 0.37981 -2683.63 5375.26 -7.51649e-05
1950.00182223 158.275477901 2.32433933144 8.4512416671 162.03 0.94522 0.10278 0.35487 -2841.28 5690.56 -2.61232e-05
1594.32144508 161.34299689 2.44158863888 9.21798403102 139.81 1.0667 0.11107 0.39496 -2718.91 5445.82 -8.5556e-06
1723.11580188 160.718974742 2.50226019173 9.41675927459 153.1 1.1791 0.11453 0.42773 -2548.76 5105.52 -0.000145109
1514.57276356 160.374161695 2.3055598101 9.31350744127 138 1.0906 0.11248 0.40318 -2622.93 5253.86 -6.95896e-06
1852.86255095 160.15182218 2.4004995281 9.61909065246 152.9 1.0136 0.10457 0.37918 -3102.72 6213.44 -1.89174e-05
1661.14564936 158.701334495 2.35604520207 8.91623257155 148.65 1.0186 0.11575 0.38527 -2574.56 5157.12 -0.000211525
1740.37149165 159.455696822 2.4732643513 8.71987375757 155.83 1.0827 0.1178 0.40424 -2401.65 4811.3 -0.000442813
1652.88011259 159.4006777 2.17920180256 8.45297318796 141.86 1.0037 0.09879 0.35466 -2728.23 5464.46 -6.55584e-06
1767.27708777 160.159225886 2.47970981961 8.86139107091 151.81 1.0912 0.11343 0.40573 -2551.38 5110.76 -1.83897e-05
1725.23149923 161.49569802 2.50410171487 9.39277706463 150.9 1.1683 0.12131 0.42316 -2598.92 5205.84 -0.000254837
1658.2696666 160.262329603 2.36506535509 8.91668816396 149.73 1.2315 0.11347 0.42437 -2395.47 4798.94 -8.43144e-06
1517.36267433 160.502209209 2.42623458538 9.82243230471 141.97 1.199 0.12401 0.46313 -2389.29 4786.58 -8.85693e-05
1621.91196023 159.911665893 2.22920739747 8.94530715382 143.41 0.97688 0.10502 0.36046 -2926.49 5860.98 -4.48487e-05
1835.90877793 159.374574505 2.27421841495 8.69764669425 148.26 0.88276 0.09767 0.32498 -3186.11 6380.22 -8.15504e-07
1462.03169007 159.977002547 2.34117747877 8.73163990675 134.9 1.0485 0.10917 0.38917 -2453.89 4915.78 -4.81395e-06
1728.2006752 159.236939253 2.37436423696 9.00048423857 150.18 1.0249 0.1138 0.38473 -2644.32 5296.64 -1.8254e-06
1804.40149024 159.30053662 2.43359365212 9.53284717438 160.25 1.1077 0.12314 0.43151 -2564.08 5136.16 -4.45729e-05
1781.93322387 159.082131471 2.31155037285 8.55646707398 151.39 0.97015 0.10722 0.3623 -2763.51 5535.02 -9.63921e-06
1787.77024897 159.622242636 2.41199417294 9.38000069147 154.39 1.0269 0.11468 0.39129 -2783.87 5575.74 -1.17939e-05
1817.46012713 160.054747281 2.39366557395 8.82715605031 153.55 1.0113 0.10489 0.36188 -2832.51 5673.02 -1.43945e-05
1714.01236449 158.945611897 2.28765303368 8.42064910777 147.23 1.0097 0.10195 0.36378 -2621.46 5250.92 -2.02283e-05
1603.45609767 161.325529418 2.36935587449 9.26399864948 136.54 1.0084 0.10387 0.3767 -2930.81 5869.62 -2.01483e-05
1644.9517417 161.19863847 2.51668752559 9.12847906125 145.26 1.09 0.11619 0.40558 -2530.6 5069.2 -8.95857e-05
1293.86512535 160.431660446 2.18632736642 9.14881953221 126.39 1.1755 0.10872 0.39751 -2470.63 4949.26 -2.23671e-05
1618.14475843 157.151334497 2.04149604753 8.5602524864 142.48 1.002 0.097064 0.36305 -2759.13 5526.26 -0.000269816
1631.38423259 160.001840754 2.35842956778 9.09299433321 144.21 1.0622 0.11214 0.39571 -2633.28 5274.56 -2.26146e-07
1640.11918481 159.996017978 2.36811647523 8.40089310348 142 1.0218 0.1098 0.38055 -2472.94 4953.88 -1.69524e-05
1762.50660614 161.171372341 2.51101079149 8.47902113777 149.38 0.98493 0.11206 0.36052 -2667.08 5342.16 -8.82994e-06
1724.31041492 158.428765927 2.43536953357 9.79429067444 160.08 1.1782 0.12529 0.44065 -2469.97 4947.94 -4.77905e-05
1687.46680231 159.568292704 2.31319763177 9.40044552 150.04 1.0733 0.11279 0.39452 -2785.28 5578.56 -8.21526e-05
1809.52845813 160.312626811 2.46246545763 9.08222741802 154.52 1.0925 0.11142 0.38454 -2728.14 5464.28 -4.44158e-05
1537.39127755 159.022992926 2.2461575551 8.93758476065 139.8 1.0497 0.10909 0.39442 -2536.93 5081.86 -2.13826e-05
1614.31174161 158.19434282 2.19825199037 8.87439217754 144.42 0.99604 0.10576 0.37363 -2727.15 5462.3 -2.2595e-05
1692.77401665 159.716748185 2.39520115883 8.88798840382 148.18 1.065 0.10802 0.38096 -2614.32 5236.64 -5.53984e-06
1540.9836931 160.84368436 2.4153536898 9.56269817681 141.7 1.2508 0.11923 0.44955 -2398.05 4804.1 -3.1704e-05
1560.57603886 160.555513438 2.40199973396 8.63736876635 139.93 1.0763 0.10982 0.38504 -2496.86 5001.72 -0.000379402
1696.39926304 159.041311899 2.43670698512 8.49195860627 148.53 1.0517 0.11691 0.40795 -2306.71 4621.42 -4.86395e-06
1820.52565906 161.130389203 2.50991886557 8.57021118332 149.77 0.96354 0.10765 0.36513 -2738.42 5484.84 -1.09472e-05
1570.97908388 158.688498439 2.19346328273 9.32357606734 145.52 1.1404 0.10956 0.39816 -2676.69 5361.38 -2.57761e-06
1764.46971151 161.115867344 2.52502126528 9.26794560699 149.79 1.0462 0.11514 0.40028 -2674.84 5357.68 -0.000326005
1733.20147044 159.575453804 2.30205026351 9.34244776974 151.24 1.0454 0.11093 0.38637 -2850.72 5709.44 -1.18609e-05
1513.76558587 159.981024602 2.37155824546 9.16388944562 139.29 1.1022 0.12044 0.4122 -2435.24 4878.48 -0.000635415
1397.27233325 159.903916622 2.47361907669 8.93211925956 138.88 1.2296 0.13511 0.45239 -1959.59 3927.18 -0.000234457
1935.37307556 162.425095201 2.80112538295 9.15353541652 157.83 1.1128 0.12555 0.41722 -2549.85 5107.7 -3.06224e-07
1556.48268027 158.527983262 2.226908192 8.80741832058 143.54 1.1085 0.10519 0.38167 -2553.1 5114.2 -5.58005e-06
2032.53611689 158.295604747 2.38935555918 8.78059134631 168.95 1.0282 0.10974 0.38703 -2743.36 5494.72 -0.000171015
1812.68796625 160.083899121 2.31947819658 8.99112210642 151.72 0.94723 0.10504 0.36364 -3001.33 6010.66 -3.6351e-05
1816.1103144 160.202430214 2.39332939522 8.50562859 150.02 1.0066 0.10259 0.35413 -2811.23 5630.46 -4.23161e-06
1533.08824081 161.321288431 2.45253151832 9.26213772265 137.45 1.0917 0.11781 0.40671 -2528.3 5064.6 -4.01188e-05
1554.5643623 160.546182986 2.33167555157 8.94912925465 140.72 1.1379 0.11269 0.39329 -2532.07 5072.14 -3.6937e-06
1892.97685652 158.362477393 2.36265466595 9.52250124691 164.08 1.1469 0.11374 0.4144 -2747.87 5503.74 -0.000256516
1465.53897302 159.634215258 2.21456551758 9.48425035465 136.22 1.1272 0.11045 0.40797 -2607.96 5223.92 -0.000179642
1558.86579137 159.959401031 2.41461178738 10.1528069571 150.98 1.2796 0.1307 0.48546 -2348.95 4705.9 -0.000173109
1878.65871899 158.773780283 2.43904939329 8.77420905859 159.1 1.0501 0.11307 0.39208 -2557.42 5122.84 -0.000308301
1802.05201536 157.846991899 2.35017886667 9.18364545199 156.47 1.0273 0.11748 0.40311 -2606.37 5220.74 -7.65016e-06
1974.99711207 159.943784975 2.52387622689 9.10508448856 161.93 1.0058 0.11403 0.38924 -2830.21 5668.42 -3.36433e-07
1621.49533125 159.412055235 2.24321364064 9.25365627646 144.9 1.1134 0.11067 0.39346 -2709 5426 -0.000136361
1746.89904521 161.370859723 2.47722204543 8.85951503696 148.97 1.1312 0.1118 0.39601 -2582.62 5173.24 -2.98854e-06
1573.20723067 160.278612084 2.27308054805 9.1923738452 139.57 1.078 0.10895 0.39277 -2712.6 5433.2 -9.8425e-05
1619.57725116 159.656622516 2.33594546246 8.75318031894 145.87 1.1717 0.1064 0.40072 -2473.04 4954.08 -9.65828e-05
1821.76458086 158.879714422 2.41197331559 9.22416234311 163.56 1.1568 0.11722 0.4265 -2554.51 5117.02 -4.01437e-05
1605.11175466 159.683092364 2.31377368199 8.96753390954 141.36 1.07 0.10604 0.38251 -2662.39 5332.78 -7.7426e-06
1840.61870016 160.774760325 2.50549834162 8.88745651064 151.94 1.0132 0.1086 0.37994 -2755.22 5518.44 -1.16442e-05
1592.17608463 160.649052917 2.33145032517 8.74111086671 142.81 1.0393 0.10741 0.37968 -2651.55 5311.1 -1.0842e-05
1544.80419715 161.028501375 2.31138536192 9.07773608605 137.24 1.0628 0.10819 0.37918 -2760.77 5529.54 -8.31917e-06
1763.18447384 160.423170561 2.4658215635 8.58226356481 153.59 1.0408 0.11373 0.38842 -2573.77 5155.54 -2.61559e-05
1499.15512411 159.423296116 2.36507171479 8.8400700444 141.25 1.2082 0.12158 0.43702 -2186.09 4380.18 -0.000228754
1506.19774151 159.188466408 2.25448939682 8.39151598927 134.7 1.0802 0.10702 0.38855 -2342.11 4692.22 -2.6837e-05
1689.54496252 161.412859651 2.43680829518 8.8142887915 146.16 1.1137 0.11143 0.39338 -2595.33 5198.66 -6.30258e-06
1482.08710588 160.211493332 2.233515353 9.22443869693 132.69 1.0708 0.10554 0.38615 -2728.28 5464.56 -1.99051e-05
1399.50645172 158.720616582 2.18463411526 9.05532195157 135.27 1.1282 0.1169 0.41161 -2325.78 4659.56 -1.27774e-05
1680.82067054 159.847011396 2.33477918703 9.21875026867 148.92 1.0621 0.11076 0.39118 -2740.86 5489.72 -0.000169189
1814.03836631 160.604988716 2.49140213601 9.46936251658 155.93 1.0918 0.11233 0.40974 -2744.38 5496.76 -0.00139718
1615.35074104 161.20470448 2.30649330146 9.6945514848 141.23 1.0484 0.11019 0.39694 -2951.89 5911.78 -3.64939e-06
1507.9781289 160.95881431 2.34452326376 9.37701362072 137.14 1.1841 0.11416 0.42367 -2503.92 5015.84 -7.55252e-07
1621.68421331 161.031643707 2.41452194815 9.5185179347 144.57 1.0992 0.11607 0.40235 -2714.81 5437.62 -8.38777e-05
1734.09353572 160.005172708 2.3788208051 8.77780902404 149.36 1.0717 0.11007 0.38661 -2633.87 5275.74 -0.000110253
1607.21966998 159.947016844 2.3092372164 9.43682382499 144.32 1.0723 0.1104 0.39311 -2769.9 5547.8 -9.17409e-06
1624.6023813 158.121710232 2.16201513868 9.71651134084 152.97 1.1932 0.11736 0.43427 -2604.42 5216.84 -1.85853e-05
1875.85722738 160.415690818 2.50940509496 9.09391318496 157.79 1.0822 0.11174 0.40074 -2700.31 5408.62 -5.4938e-06
1622.72128022 160.724677427 2.39338130237 9.03412891193 141.83 1.136 0.10965 0.39438 -2627.87 5263.74 -4.17331e-05
1922.22847349 159.942192559 2.48300753923 8.79493816021 156.69 0.94359 0.10988 0.36824 -2849.83 5707.66 -5.3636e-07
1858.44147721 161.317526435 2.48010710769 9.0951784558 153.54 1.0201 0.10858 0.38222 -2848.95 5705.9 -4.68621e-06
1583.24068203 159.803282654 2.34700734352 8.64474515259 140.76 1.0965 0.11199 0.39445 -2412.87 4833.74 -1.1661e-06
1707.82156406 161.544461285 2.5772876353 9.37063422664 150.53 1.1411 0.12866 0.42591 -2537.29 5082.58 -4.54007e-05
1547.3752495 159.927635416 2.26507523586 9.1899756028 140.99 1.1313 0.10811 0.40357 -2610.54 5229.08 -4.98029e-07
1822.60076956 159.393919702 2.38736490514 8.83217124232 152.96 0.94272 0.10603 0.37088 -2776.11 5560.22 -2.34557e-05
1544.7062358 160.980332155 2.48444141723 9.1615250535 136.84 1.1204 0.11919 0.4225 -2406.38 4820.76 -2.07033e-05
