"D" "ssb0" "ssb1" "sigmass" "sigmatoa" "logLik" "AIC" "maxgrad"
1830.06392228 160.587134257 -2.51254342069 8.91376371798 0.00194831102363 -1097.28 2204.56 -0.000174345
1680.8555239 158.982928875 -2.35030648735 9.0419458354 0.00185592096691 -1106.98 2223.96 -3.67465e-05
1502.53034914 158.875018556 -2.30449082209 8.7289719892 0.00190358321328 -939.105 1888.21 -1.16482e-05
1720.21345834 160.004020771 -2.38688169243 8.65133928055 0.00188824794689 -1065.17 2140.34 -6.58992e-06
1693.87234326 158.91524438 -2.27465280838 9.08265798294 0.00173285691907 -1119.48 2248.96 -1.36673e-05
1666.72378323 158.604992751 -2.29206948213 8.34833117778 0.00186106737798 -963.404 1936.808 -2.43432e-06
1629.02503104 159.683203635 -2.46369182391 9.49418319447 0.00183844026669 -1041.77 2093.54 -1.36689e-05
1506.91259969 159.315367774 -2.26261523918 8.81511598303 0.00172408066712 -965.866 1941.732 -3.15649e-05
1506.10212262 160.65177618 -2.39585716076 9.55553515415 0.00175145986048 -1033.35 2076.7 -2.69064e-05
1874.50730497 159.561817337 -2.38086382892 8.99883624511 0.00190774970821 -1188.25 2386.5 -4.82844e-06
1772.64205601 160.363639933 -2.42748695782 9.52713240165 0.00192137192268 -1141.76 2293.52 -1.76433e-05
1675.03892431 160.226918866 -2.40702453938 9.49803086034 0.00177067562834 -1141.12 2292.24 -7.89655e-05
1571.1333848 159.341045875 -2.36887813123 9.06518408791 0.00196267491703 -983.307 1976.614 -3.04542e-06
1693.88710106 159.553576835 -2.40432886677 8.98462880189 0.00194471221904 -1097 2204 -1.48628e-06
1650.7779988 160.167869133 -2.39555079323 9.11245907695 0.00195715616491 -1102.81 2215.62 -0.000269808
1930.4815788 156.867887043 -2.24833837151 9.43776517255 0.00188231236709 -1263.97 2537.94 -0.000653196
1519.10710691 163.039970657 -2.62810927169 9.22333823977 0.00196883147008 -996.23 2002.46 -3.86373e-05
1795.87819718 158.831324138 -2.26737914351 8.86858666039 0.00191807439931 -1162.85 2335.7 -0.00177454
1543.15059309 160.442404053 -2.44458300684 8.94232096358 0.00185885536963 -989.923 1989.846 -2.08478e-05
1767.59049556 161.237560307 -2.50417207419 8.90238724531 0.00191436665409 -1114.27 2238.54 -5.51473e-06
1620.86906054 158.929437617 -2.19988518196 8.85526993581 0.00180004762207 -1066.75 2143.5 -7.59142e-05
1708.76189323 161.91093762 -2.56150628052 9.14691305614 0.00167548164232 -1080 2170 -1.52188e-05
1790.51079224 160.547826218 -2.49839242937 9.42715600478 0.00167397092854 -1129.53 2269.06 -0.000118018
1691.45230164 159.06348185 -2.28213631925 8.56674448012 0.00181829284962 -1081.73 2173.46 -0.00121092
1766.4937051 160.773719085 -2.49678563989 8.82016269205 0.00193990453701 -1058.54 2127.08 -0.00101271
1583.36081668 158.787133582 -2.30340989646 8.52073483992 0.00184563327399 -993.294 1996.588 -9.50628e-05
1729.78980838 160.67664752 -2.55676516215 8.74684866581 0.00192039013025 -1065.11 2140.22 -1.17571e-05
1715.79667675 160.459709035 -2.36846289383 9.25021743569 0.00194828022049 -1174.09 2358.18 -0.00274897
1596.01582216 159.79012165 -2.3584818342 8.93524098067 0.00173304967599 -1036.26 2082.52 -5.21321e-05
1669.5680988 160.694886742 -2.51646606689 9.2992070116 0.00201137612121 -1054.51 2119.02 -1.31973e-06
1944.45707303 160.566055657 -2.52553373366 8.5219469604 0.00185713544543 -1161.23 2332.46 -0.00239189
1884.50468906 160.800056762 -2.45421267348 9.31224611043 0.00186316119755 -1233.28 2476.56 -0.000270731
1814.7512174 160.758599398 -2.47048721094 9.10033667272 0.00180752661727 -1107.77 2225.54 -2.38744e-06
1670.49285131 161.053245356 -2.50122448452 8.62356010717 0.0019373791238 -966.85 1943.7 -0.00126924
1734.29429292 160.333983784 -2.39464209011 8.79628377806 0.00168811696288 -1091.88 2193.76 -1.5131e-05
1662.11351724 160.309935658 -2.52501140772 9.67292204064 0.00209305143772 -1065.12 2140.24 -2.64401e-05
1837.21113256 159.583139244 -2.45022290558 8.90144957293 0.00181494322904 -1118.9 2247.8 -7.03399e-05
1677.40539556 160.053673063 -2.40597945854 8.95430060488 0.00174457220337 -1045.45 2100.9 -5.7909e-05
1560.90521076 160.038518411 -2.40528334011 8.77760986885 0.00208407259228 -997.374 2004.748 -0.00440077
1853.25128587 161.943003417 -2.57706510862 9.22856655981 0.0017824758558 -1146.06 2302.12 -6.44212e-05
1811.97832417 159.032253716 -2.31289753813 8.50800102771 0.00171543153016 -1120.8 2251.6 -7.66395e-05
1624.89121666 159.679395437 -2.39224881387 9.6201009666 0.00172770098783 -1084.94 2179.88 -8.46748e-06
1612.77877442 159.471765681 -2.40197463084 9.16942531637 0.00182138166216 -1022.24 2054.48 -0.00111798
1691.17242288 158.571767667 -2.29255989806 8.90475413136 0.00167773841486 -1069.69 2149.38 -5.57013e-06
1848.80712037 160.995892209 -2.51816690057 8.97428211303 0.00181802445876 -1127.59 2265.18 -9.88066e-05
1806.99188099 158.906225895 -2.32780048229 8.68363401174 0.00201345616846 -1148.18 2306.36 -1.25888e-05
1797.2017997 161.209891211 -2.50850827786 9.03589608928 0.00163846660683 -1141 2292 -4.10202e-06
1633.1914321 159.325455666 -2.42558471957 8.66722623887 0.00169518504789 -990.494 1990.988 -5.68566e-06
1557.67006827 158.869761795 -2.32938371104 8.56244774451 0.00207827444698 -981.827 1973.654 -0.00247404
1832.45553919 159.603404548 -2.48076982593 9.42905743309 0.00195137048187 -1152.38 2314.76 -4.89406e-05
1713.72799743 160.148142454 -2.48503039531 8.9806940162 0.00190811235701 -1018.91 2047.82 -7.58724e-06
1827.20070637 159.924828525 -2.46076968739 9.10932939752 0.00197145558212 -1135.31 2280.62 -2.24585e-05
2002.99156037 158.991326406 -2.42379023411 8.99047531933 0.00194752220462 -1237.94 2485.88 -2.52565e-05
1662.88729061 160.646550803 -2.50923824092 9.19967503928 0.00198633852699 -1032.9 2075.8 -5.95747e-06
1894.21173993 159.135372507 -2.3776171806 8.65497106466 0.00175860447871 -1102.01 2214.02 -5.54374e-06
1910.14447416 159.639155229 -2.37573333957 8.68453170342 0.00173499618006 -1134.21 2278.42 -7.51745e-06
2010.45062363 158.023464555 -2.29499245627 8.79680673578 0.00188232315845 -1257.54 2525.08 -4.50098e-05
1586.02741377 159.620768558 -2.32882518231 8.89426550307 0.00169882611867 -999.887 2009.774 -6.0195e-06
1738.30717199 162.700991357 -2.70396647072 9.88137297752 0.00176286037434 -1107.81 2225.62 -6.26725e-06
1752.99130084 160.37318107 -2.35632844953 8.80940022907 0.00175411355996 -1093.24 2196.48 -3.74264e-06
1933.45445077 160.632514376 -2.44179645074 8.80424629413 0.00173656709568 -1235.68 2481.36 -3.4975e-05
1915.99919246 160.375550624 -2.49840924798 9.03249561893 0.00192717058978 -1169.7 2349.4 -9.45661e-05
1585.82985426 160.905245596 -2.47238675048 9.24200948501 0.00190237192665 -1012.84 2035.68 -8.31365e-06
1789.50132979 160.00988214 -2.33662942105 8.4700655547 0.00209465315648 -1125.08 2260.16 -6.65034e-06
1646.87742757 159.646526771 -2.36016981776 9.29146266954 0.0017075938441 -1061.43 2132.86 -1.7993e-05
1578.50702926 161.329249401 -2.43489230864 9.13120141323 0.00189241173842 -1022.8 2055.6 -0.00191259
1631.96346995 158.831225172 -2.33942088535 9.10784097596 0.00200278392204 -1046.12 2102.24 -7.75229e-06
1387.08527301 161.02207488 -2.43011895208 9.6129828496 0.00175698317006 -913.863 1837.726 -5.58455e-05
1729.75220347 160.380114019 -2.39898942089 8.91198567097 0.00174333246172 -1040.82 2091.64 -1.06473e-05
1619.72704952 159.318447721 -2.31178582781 8.55929809122 0.00184894818345 -937.655 1885.31 -0.000247139
1613.30570661 160.114848439 -2.36307801772 9.39611866461 0.00178378354865 -1067.25 2144.5 -0.000188673
1744.83243343 159.371194153 -2.29614765766 8.11421509665 0.00203912890462 -1085.76 2181.52 -3.42777e-05
1776.45469768 160.411871055 -2.35825588635 8.88703001802 0.0018460420026 -1132.02 2274.04 -4.31389e-05
1718.94917499 159.602346905 -2.34624105974 8.92990742029 0.00187929911633 -1096.45 2202.9 -1.47451e-05
1557.24919251 161.094007296 -2.40881483151 9.05172043118 0.00191368787483 -1017.2 2044.4 -3.27837e-06
1775.17298095 159.909026511 -2.42975323226 9.71773170115 0.00193351489264 -1194.26 2398.52 -2.07206e-05
1663.93212759 160.728534569 -2.55741887943 9.56446515186 0.00183242805929 -1035.04 2080.08 -3.86301e-05
1714.53661787 161.318405197 -2.5283787939 9.60859602203 0.00190124355703 -1127.32 2264.64 -1.58933e-05
1807.47742232 159.898412641 -2.43016602545 9.1594721607 0.00177601167661 -1120.75 2251.5 -3.67416e-06
1729.90872014 159.703402239 -2.39677216885 8.50776826894 0.00172118770347 -1028.57 2067.14 -6.16109e-05
1751.76120522 160.756930321 -2.38126844483 8.56812516749 0.00183669806031 -1145.64 2301.28 -2.09348e-06
1708.56389439 160.231049543 -2.42637343349 9.10065294482 0.00195100067768 -1108.19 2226.38 -3.66567e-07
1716.55306368 159.261104708 -2.45397385156 9.35564323897 0.00178535171647 -1053.46 2116.92 -2.3092e-06
1921.31374302 161.092322579 -2.53944798504 9.20041413864 0.00186272602343 -1209.34 2428.68 -5.1714e-05
1898.0612652 160.345265085 -2.44530929404 8.57442039406 0.00184610363663 -1129.02 2268.04 -0.000564013
1732.52873124 160.551051482 -2.46652857623 9.7328196942 0.00176141239372 -1160.97 2331.94 -0.000915923
1491.77961065 160.205871997 -2.3467218144 9.12984659105 0.00177630603559 -973.771 1957.542 -5.68242e-05
1645.81869562 160.211106588 -2.36335056192 9.05445525491 0.00191014363771 -1079.05 2168.1 -1.20607e-05
1837.68728034 162.753460915 -2.65505991683 9.27799677455 0.0020123430422 -1124.04 2258.08 -1.97283e-05
1395.4197671 158.288778962 -2.25967754236 9.61073924405 0.00187830078158 -970.669 1951.338 -0.000218134
1724.54854427 158.844469961 -2.32683137022 9.41997444164 0.00182350296529 -1118.75 2247.5 -5.16943e-06
1391.7142618 161.17841679 -2.47745635048 8.87205229544 0.00163422921862 -841.423 1692.846 -2.26402e-05
1459.29948453 158.987647354 -2.33204343 9.43274668558 0.00156487817704 -971.988 1953.976 -3.22454e-05
1648.17411328 160.539967828 -2.43228174211 8.68014541257 0.0019140921903 -1004.43 2018.86 -0.000165321
1672.87018897 161.198290875 -2.44701429028 8.78172506069 0.00186049191608 -1057.25 2124.5 -7.37778e-06
1696.10723447 160.827419172 -2.50477979529 8.79846433077 0.00198365568971 -1029.33 2068.66 -7.26722e-06
1729.95230793 159.368362322 -2.38307970002 9.24264714269 0.00183237927609 -1073.52 2157.04 -4.36127e-05
1741.22541356 160.414861264 -2.47198454164 8.85694047694 0.00186736026087 -1072.39 2154.78 -4.2601e-06
1751.72197579 158.358786719 -2.29231879119 8.75455337557 0.00173345165999 -1091.65 2193.3 -9.55254e-05
1524.5113989 160.494297238 -2.33645768081 9.02587193398 0.00186287606452 -1010.51 2031.02 -0.00234864
1694.13446761 159.66463897 -2.33502551501 9.21181923807 0.0017745405978 -1105.76 2221.52 -1.44064e-05
1690.92770234 161.719388036 -2.68208902108 8.93464438995 0.00199334121986 -994.314 1998.628 -1.61593e-06
1489.48584726 162.257174414 -2.52950093447 9.29709541586 0.00173644577606 -972.628 1955.256 -1.68822e-05
1929.11260782 158.362886841 -2.36047753705 9.26660174507 0.00199388428546 -1199.63 2409.26 -9.93226e-06
1616.01525605 161.123817343 -2.46054430233 9.29727457067 0.00197943205715 -1035.38 2080.76 -7.61534e-06
1594.02098209 160.974990253 -2.44463571497 9.32590945859 0.00171651378666 -1009.93 2029.86 -1.51023e-05
1655.01938797 160.015281242 -2.34139809131 8.9549491911 0.00189398189354 -1081.34 2172.68 -0.00259374
1864.8700662 160.687717163 -2.49817302357 8.68636994712 0.00164698188421 -1141.52 2293.04 -1.67171e-05
1555.16868425 161.11676788 -2.48614906484 8.77368076283 0.00175260065349 -962.09 1934.18 -1.52429e-05
1726.87067483 159.99325786 -2.33486420611 9.46956552375 0.00177396444201 -1201.29 2412.58 -4.72601e-05
1489.61423475 159.337436835 -2.38266823108 9.95815753973 0.00190854795856 -990.617 1991.234 -4.22342e-05
1573.32053954 158.828923229 -2.34778440291 9.26851378774 0.00166508200561 -1023 2056 -0.00102437
1495.66751919 158.707352976 -2.33813899196 9.16056636849 0.00180667795724 -923.734 1857.468 -4.5505e-05
1651.58568533 159.765257632 -2.40262797767 9.1995594729 0.00183676884813 -1037.59 2085.18 -5.87883e-06
1702.05950723 161.697576385 -2.52662445027 8.69344116728 0.00184589598606 -1059.14 2128.28 -4.57546e-05
1667.23802773 159.986520535 -2.3920511702 9.10095648722 0.00170745949046 -1064.27 2138.54 -7.28564e-06
1571.77519782 159.393930748 -2.45346497119 8.6278536915 0.00190140008738 -922.897 1855.794 -7.77607e-05
1657.73971923 159.465947242 -2.35390248744 8.9142649046 0.00187842714716 -1042.63 2095.26 -6.78941e-06
1726.97203856 159.142300774 -2.31540794066 9.02219900347 0.0017479397818 -1132.78 2275.56 -6.88312e-05
1615.40258972 158.400704059 -2.20440492238 8.84375825855 0.00171505875612 -1059.22 2128.44 -0.000772855
1643.04585062 161.353403126 -2.61299842236 8.75419842076 0.00185107912887 -936.807 1883.614 -6.7088e-05
1730.46655878 159.976477652 -2.45144752115 9.09975172951 0.00185919011852 -1107.64 2225.28 -3.89193e-05
1547.04875394 158.543974816 -2.33281901975 9.5616496299 0.00199354412977 -1041.83 2093.66 -4.14294e-05
1593.53873274 161.553427789 -2.44709447941 9.21940762079 0.00169893383251 -1025.49 2060.98 -2.41059e-05
1680.85867422 161.379776672 -2.55871238148 9.14486843512 0.0017582084233 -1006.56 2023.12 -9.08665e-05
1796.78188898 161.75327637 -2.52629892801 9.38815397542 0.00203213556538 -1166.53 2343.06 -0.000322851
1782.23418908 159.961277347 -2.43491191347 8.80417119653 0.00171721174502 -1095.04 2200.08 -8.58273e-06
1953.98882654 162.44578006 -2.59950724459 9.35523709627 0.00189607249346 -1270.99 2551.98 -4.91502e-05
1821.41506137 159.661822195 -2.35891642708 8.95987225279 0.00182060944098 -1180.23 2370.46 -0.000409818
1737.03376569 161.17737552 -2.49622725473 9.27980221951 0.00202953780448 -1124.25 2258.5 -5.3728e-06
1704.5837652 159.155147364 -2.26169437231 8.8199051105 0.00174459737212 -1098.24 2206.48 -2.93007e-05
1715.23846298 159.98356163 -2.40625770282 9.03418683975 0.00217469570685 -1086.17 2182.34 -3.68931e-05
1656.61515235 159.963365168 -2.4578962292 8.90683779739 0.00188994145334 -1017.97 2045.94 -9.38985e-05
1648.03087957 158.876124189 -2.25669222756 9.08893315812 0.00194943693965 -1085.27 2180.54 -0.000610154
1714.70055679 161.385589389 -2.54555535824 8.79034605472 0.00169118905546 -1036.23 2082.46 -0.0024223
1786.00664329 160.023095175 -2.4600858413 8.87658460306 0.00190387844379 -1080.55 2171.1 -2.03956e-05
1584.47147055 160.083542811 -2.36436039633 8.90081738917 0.00195048178719 -1035.28 2080.56 -5.98955e-06
1489.85274841 159.403594636 -2.30967479409 9.15350039659 0.00179724036209 -990.385 1990.77 -7.99515e-06
1732.08024416 159.146637991 -2.3399521782 8.48481390305 0.00188522724098 -1061.71 2133.42 -0.000518474
1631.82188233 161.331115405 -2.47896823114 9.22111069738 0.00180485820733 -1066.71 2143.42 -6.50856e-05
1440.81837236 159.327030602 -2.32621998149 8.6445292656 0.00177161441073 -914.211 1838.422 -8.53314e-06
1661.70462741 159.389266745 -2.4591368581 8.99474800117 0.00190567204794 -1001.12 2012.24 -4.31894e-06
1872.1640934 159.918604989 -2.5105257016 8.72728474743 0.00199003092338 -1124.79 2259.58 -0.00078442
1516.85228269 159.817238017 -2.34293100179 9.32349628817 0.00197443465466 -1022.47 2054.94 -1.91033e-05
1838.88238491 158.284517783 -2.31113110587 8.75766397973 0.00179299622927 -1140.08 2290.16 -4.44617e-05
1777.52276844 159.505049014 -2.38715414834 9.08694897396 0.00186208533592 -1117.36 2244.72 -2.28839e-05
1816.69199559 159.592501335 -2.39694519765 9.26132448197 0.00194707232004 -1185.25 2380.5 -7.47548e-06
1827.62525701 160.316747025 -2.51355190263 8.14816415003 0.0020588445282 -1022.45 2054.9 -2.72646e-06
1753.69096985 160.115906275 -2.4391065029 8.3436389538 0.00200666734895 -1023.61 2057.22 -0.00137245
1603.77084872 158.591737087 -2.28743923613 9.18558168552 0.00186452537299 -1063.02 2136.04 -1.60871e-05
1550.78156665 159.879937515 -2.31777367041 8.60197870398 0.00203971167179 -968.824 1947.648 -6.71397e-05
1646.89953945 160.963876397 -2.42705088498 9.21421655623 0.00188491610098 -1080.09 2170.18 -2.31432e-05
1925.44578333 160.958510572 -2.57649838334 9.07781796276 0.00192411497846 -1144.34 2298.68 -5.69536e-06
1797.5149276 159.540949785 -2.36876770717 9.3553058264 0.00180997616894 -1179.59 2369.18 -0.000166727
1587.1361487 160.785665527 -2.47950162645 8.37923021628 0.00181388018494 -933.68 1877.36 -0.00084958
1852.16511589 160.487759907 -2.47473423209 9.13879689686 0.00191282318318 -1123.83 2257.66 -7.62821e-06
1621.67293821 158.172712372 -2.21743235604 9.28001362424 0.00176011482611 -1085.8 2181.6 -6.27702e-05
1694.16900021 161.119442594 -2.46383499862 9.39480817085 0.00192410333222 -1121.08 2252.16 -2.84359e-05
1729.48016368 160.055186944 -2.38769153769 9.38633593565 0.00198994013489 -1150.59 2311.18 -7.62589e-05
1833.77926051 160.242529053 -2.4525368358 8.66173693385 0.00199290030589 -1158.98 2327.96 -0.00304518
1962.43238215 160.289291796 -2.48368468539 8.84268848874 0.00178942213269 -1188.45 2386.9 -0.00120677
1659.47882959 159.770582939 -2.42376906694 9.17375279312 0.00173007611015 -1032.46 2074.92 -1.75056e-05
1624.00611939 158.690544224 -2.23443120361 8.40108070448 0.00184130119485 -1000.71 2011.42 -2.05158e-05
1700.68192915 159.833318977 -2.38485661097 8.64973717096 0.00195936337155 -1056.9 2123.8 -8.70025e-05
1552.10134497 160.866527765 -2.44119150343 9.21890897214 0.00177618002528 -1000.44 2010.88 -4.17653e-05
1618.52914624 160.303396739 -2.44970594384 9.21076828712 0.00183483928606 -1057.68 2125.36 -0.00130471
1651.04460899 160.812003891 -2.43318424735 8.56710444267 0.00203912204899 -1007.1 2024.2 -9.23998e-05
1790.09293677 162.075881143 -2.66596479229 9.69872533362 0.00189144410689 -1129.82 2269.64 -4.45269e-05
1789.38369756 159.894960789 -2.38506363329 9.2394366321 0.00182247487657 -1145.62 2301.24 -2.3927e-06
1563.036871 161.647443908 -2.44052738911 9.31071193708 0.00188137230794 -1097.07 2204.14 -9.38563e-06
1800.25307537 161.305742278 -2.44496266795 8.78610649838 0.00190867013861 -1129.7 2269.4 -6.26137e-05
1676.52730782 160.117118301 -2.46997872355 8.6899660472 0.0019215271152 -1018.52 2047.04 -5.46939e-05
1622.39391952 160.662917852 -2.41956827556 9.23002202249 0.00194697887257 -1015.95 2041.9 -0.000157621
1796.19427954 160.31559128 -2.44516910957 8.54414053594 0.00192447842107 -1084.03 2178.06 -1.87277e-05
1525.32968095 159.951532251 -2.28687500943 9.10509501633 0.00173454823837 -1021.53 2053.06 -4.07569e-06
1725.54214757 160.742587942 -2.55672519716 8.57328278435 0.00181879843963 -1017.48 2044.96 -0.000342732
1695.91034072 160.407666854 -2.50343757545 9.04677881338 0.00178057955602 -1020.66 2051.32 -1.88003e-05
1507.7563454 160.042949513 -2.32975732358 8.646599525 0.00165938761065 -940.818 1891.636 -2.59442e-05
1686.02326269 161.120680046 -2.48361319158 8.93345496417 0.00172892195005 -1074.87 2159.74 -0.00089095
1801.68999103 161.610699463 -2.51968583169 9.20687275204 0.00182214930367 -1108.1 2226.2 -0.00417418
1530.2575052 160.640976383 -2.39820455093 9.25266321636 0.00187897992165 -1014.33 2038.66 -7.70733e-06
1580.2838078 160.378588182 -2.40289531245 8.78852227962 0.00186981059525 -1012.7 2035.4 -0.000125496
1665.00891709 161.536130246 -2.43166522637 9.04136117327 0.00198045774225 -1102.93 2215.86 -7.91025e-06
1746.0464298 159.213322072 -2.36304755032 8.74812765329 0.00193230457191 -1077.31 2164.62 -0.00179379
1824.26993463 159.103465286 -2.42082788486 9.19258243806 0.00188885604935 -1138.88 2287.76 -6.072e-06
1767.21121136 159.422016116 -2.37987522741 9.23517241627 0.00167939117612 -1111 2232 -8.93495e-05
1746.12175093 161.350295866 -2.58072859738 8.75351982079 0.00189285206398 -1030.6 2071.2 -0.000878506
1626.31669891 157.534509273 -2.15535563396 8.75124891034 0.00186879817177 -1066.6 2143.2 -3.29348e-05
1604.61959363 158.613441587 -2.32401746341 9.32185533435 0.0018008014413 -1066.04 2142.08 -0.00123679
1661.74781543 160.534807775 -2.32767273556 8.52526949164 0.00172041940694 -1053.68 2117.36 -6.20015e-06
1934.51587019 160.122181769 -2.47546988686 8.72120297086 0.00188372005216 -1144.81 2299.62 -0.000195275
1804.91602059 160.87671181 -2.53112327401 9.08075712034 0.00160167004104 -1096.63 2203.26 -0.00097937
1746.51051195 156.893544608 -2.2006776583 8.919248557 0.00215300019479 -1159.09 2328.18 -0.000836704
1699.1363802 158.151754505 -2.21649341375 8.66546779313 0.00190551741053 -1082.48 2174.96 -5.61445e-05
1933.2714824 160.091217507 -2.45510801046 9.67396673384 0.00182103750412 -1267.12 2544.24 -1.71365e-06
1755.08743851 160.328007647 -2.42761347429 9.09075067305 0.00201096791996 -1141.62 2293.24 -0.00196485
1822.27744584 159.381894161 -2.399834385 9.62189533205 0.00171755384915 -1214.01 2438.02 -0.000228493
1965.26861216 161.468403904 -2.55983611227 8.98922751321 0.00188147980529 -1181.57 2373.14 -2.04407e-05
1621.38959969 158.690565528 -2.25337711004 8.84263564848 0.00197909377775 -1048.83 2107.66 -6.2285e-07
1576.61656733 158.486445517 -2.28032754094 8.43954117963 0.00159280487133 -913.794 1837.588 -2.19934e-05
1807.82168291 158.855460125 -2.34005351743 9.23801593978 0.00171187194975 -1183.88 2377.76 -2.11668e-06
1533.89874612 158.460981337 -2.25718206077 9.12479595522 0.00156482917735 -995.416 2000.832 -0.000497413
1862.72965342 160.38534277 -2.48692422199 9.60015419703 0.00181610219085 -1214.58 2439.16 -6.11084e-05
1646.74070435 161.76062341 -2.68178986072 9.13924547369 0.00215770891154 -1012.57 2035.14 -5.47779e-05
1624.93228943 159.467134949 -2.3257192462 9.51231493679 0.00180949738526 -1096.84 2203.68 -6.08692e-05
1650.72341408 158.545178026 -2.22604313502 8.58164843016 0.00179472203765 -1070.48 2150.96 -2.15242e-05
1718.59262325 160.525863542 -2.39265910364 8.93740546145 0.00171586424513 -1120.55 2251.1 -2.23328e-05
1765.96350682 160.702387177 -2.53288829621 9.06916385473 0.00187294063592 -1124.58 2259.16 -0.000217824
1556.28212344 161.263062404 -2.39084856602 9.21640981335 0.00189742817014 -1057.11 2124.22 -0.00081022
1785.12778317 158.120106496 -2.31984600082 8.51311859525 0.00198443586008 -1068.89 2147.78 -0.000289369
1792.70396413 160.184763749 -2.43137184358 9.73473333473 0.00183017162536 -1201.03 2412.06 -0.00165367
1885.15219441 159.449650689 -2.37218013379 9.28835071343 0.00184608530684 -1248.98 2507.96 -0.000183717
1933.95143523 161.825073744 -2.61003055643 8.6644458577 0.00194947842314 -1154.47 2318.94 -0.000437582
1782.93924163 159.03980936 -2.43048738458 9.24556916378 0.00185965120525 -1132.45 2274.9 -0.000243651
1581.99246115 160.596204241 -2.37156416881 8.85890598623 0.00184162581851 -1027.64 2065.28 -0.000950125
1543.61659367 160.610539165 -2.38651574159 8.76079896071 0.00191423584206 -965.338 1940.676 -0.000635886
1413.88638548 158.535187046 -2.11527914469 8.50426511528 0.00183784353847 -934.546 1879.092 -0.000132839
1735.88781784 158.845323925 -2.38309754875 8.42915745101 0.00191493246815 -1042.76 2095.52 -8.70049e-05
1996.74477353 160.539436875 -2.73161856955 9.17383075244 0.00201526779153 -1168.37 2346.74 -0.000244097
1716.47075329 159.779978556 -2.37205001395 8.28943285182 0.00201008405476 -1040.74 2091.48 -4.9682e-05
1746.89873888 159.937161972 -2.42541401006 9.02662324882 0.00179105014153 -1100.17 2210.34 -2.93401e-06
1641.05894495 160.807438108 -2.45243095217 9.18514543308 0.00187024236098 -1071.07 2152.14 -6.86255e-05
1469.57131004 157.622341588 -2.17824737235 9.02709517355 0.00174092587568 -957.661 1925.322 -0.000123653
1720.16836212 160.574342318 -2.35700999236 8.50040853037 0.00182410884175 -1117.64 2245.28 -0.000538454
1573.00574215 159.304099137 -2.30448178966 8.64071781955 0.00192544944433 -1018.75 2047.5 -0.000695537
1590.46909426 158.169753373 -2.17521099242 8.99396938649 0.00183468364945 -1074.82 2159.64 -0.0016746
1695.47495737 160.127574974 -2.37954705737 8.66870631343 0.00195957685634 -1055.86 2121.72 -0.000617635
1826.03314684 160.726492974 -2.44933489185 9.04632709696 0.0017964093213 -1145.36 2300.72 -2.34206e-05
1588.31839845 160.649022794 -2.47355700107 8.75985758047 0.00179771791897 -980.681 1971.362 -1.9288e-05
1545.82932498 160.382102066 -2.36190282382 8.81027190137 0.00177812338187 -968.587 1947.174 -0.000578742
1847.1425474 158.88163903 -2.35035720893 9.60678402439 0.00162639510748 -1222.64 2455.28 -4.84102e-05
1910.4898578 160.917721499 -2.52335451568 9.16989427546 0.00162425217165 -1169.64 2349.28 -9.83463e-07
1711.0616792 157.957934884 -2.22505376539 9.24430641975 0.0018766011467 -1131.27 2272.54 -8.96068e-06
1777.07823064 160.592693654 -2.45059698053 9.20767025931 0.00175517578249 -1134.64 2279.28 -3.12606e-06
1475.55527219 159.962722966 -2.39587685598 9.10281888986 0.00193881768418 -909.07 1828.14 -9.24438e-05
1739.02174138 161.20805381 -2.50450765159 8.45968181605 0.00179828593683 -1035.92 2081.84 -0.000139342
1689.35595229 160.029469137 -2.55185700695 9.40824165994 0.0017302610289 -1051.55 2113.1 -9.08873e-05
1648.99545824 161.321020982 -2.4816466428 9.38487997965 0.00202348500733 -1087.33 2184.66 -3.27893e-06
1742.13252577 160.725466463 -2.56870709494 8.15203661902 0.00186296216231 -1031.87 2073.74 -1.92596e-05
1569.82067176 160.100345537 -2.40983767523 9.51762218863 0.00181655778198 -1063 2136 -2.03633e-05
1691.35442344 160.492079785 -2.44301025948 8.99347385876 0.00185389884555 -1075.27 2160.54 -9.29855e-07
1745.35277061 161.003164571 -2.49122265689 8.80491004017 0.00173316083152 -1051.19 2112.38 -1.09119e-05
1475.22966445 161.945394929 -2.57169655261 9.18343261732 0.00211735875499 -921.029 1852.058 -6.05495e-06
1556.53067018 160.043761461 -2.30683562353 8.76195811753 0.0017511600503 -1038.28 2086.56 -6.26294e-06
1561.94519221 158.617083666 -2.25856596956 8.54064508298 0.00194464165881 -983.739 1977.478 -6.93184e-05
1722.66620091 159.613748136 -2.40581042854 8.95641067859 0.00194133978892 -1067.57 2145.14 -0.00596851
1682.43282525 159.074052327 -2.32906650646 8.87548528136 0.00174499742989 -1051.2 2112.4 -4.11575e-06
1812.95909189 158.583929961 -2.33385129219 9.37708310824 0.00168652716792 -1194.56 2399.12 -2.73305e-05
1474.5947475 162.625436291 -2.55642552233 8.64747186601 0.00172620696071 -912.061 1834.122 -5.16441e-05
1741.39672145 160.79654943 -2.41685858184 8.48618898115 0.00176398953222 -1075.28 2160.56 -1.59798e-05
1663.25900643 160.214192529 -2.42969334308 9.50000315873 0.00184758597865 -1099.16 2208.32 -0.00125352
1795.51544497 160.551091839 -2.41674021628 8.90345652234 0.00180016714313 -1124.66 2259.32 -3.60844e-05
1717.2283382 161.598855499 -2.49154960463 8.85473229322 0.00175369204158 -1070.29 2150.58 -2.52543e-05
1747.82706073 158.936354052 -2.3382580566 8.44509484312 0.00196772920735 -1038.51 2087.02 -9.5619e-06
1614.17482482 159.392211966 -2.25755238048 8.81582770071 0.00196754258441 -1111.53 2233.06 -1.82403e-05
1598.21582117 159.102988416 -2.35140136175 8.78096691959 0.00174583419388 -1008.96 2027.92 -1.8922e-05
1716.90514039 161.801904791 -2.52504590338 8.5101350971 0.00188650811084 -1046.18 2102.36 -4.42149e-06
1846.5666131 160.354437563 -2.53201506244 8.73124842204 0.00203956944667 -1080.35 2170.7 -0.000116138
1680.83619789 160.731045868 -2.4431320051 8.88110335048 0.0017257738294 -1069.4 2148.8 -3.07935e-06
1860.28465589 160.084287182 -2.39602482801 8.72501960418 0.00191519571868 -1153.7 2317.4 -0.000193797
1759.75082627 159.454563693 -2.53243502827 8.90420713153 0.00200900956426 -1064.27 2138.54 -0.000192941
1840.42243172 160.658414661 -2.49992458217 9.49716851254 0.00185554889232 -1172.52 2355.04 -3.93089e-06
1732.50238971 160.401879199 -2.47562541292 9.41062312534 0.00175371189792 -1116.71 2243.42 -4.55276e-06
1687.92522627 159.452575697 -2.38462549301 9.25827363333 0.00202710012109 -1099.72 2209.44 -2.74025e-05
1644.69063994 159.448131868 -2.48839857638 8.88758544704 0.00188033266735 -1008.05 2026.1 -3.47482e-06
1762.88266062 159.01370535 -2.2491733364 8.57980329224 0.00172781263186 -1113.93 2237.86 -8.00309e-05
1629.10488884 159.616362794 -2.42146095852 8.88984280098 0.00172468453408 -984.094 1978.188 -5.22641e-05
1654.18706757 160.035314669 -2.44405620795 9.48058453416 0.00203030432466 -1052.28 2114.56 -3.3029e-06
1526.78913185 159.826666636 -2.3703071292 9.06638339965 0.00182439900964 -968.504 1947.008 -4.89987e-06
1776.36705915 160.477671616 -2.43514806703 8.77766843615 0.00185332766356 -1080.61 2171.22 -7.2161e-06
1657.59041344 159.777783325 -2.40762394488 8.57121343322 0.00180403444405 -966.956 1943.912 -5.93891e-06
1553.81404781 160.19887627 -2.3915473499 9.04857494196 0.0019715105215 -1028.63 2067.26 -0.000140411
1641.45782191 160.77275391 -2.48154317772 8.24794211481 0.00180908863445 -958.878 1927.756 -7.94132e-05
1660.74231744 160.263054051 -2.44983770938 9.45969622609 0.00178901298775 -1105.02 2220.04 -8.32156e-05
1754.08675014 162.778251558 -2.66060438329 9.03049995711 0.00194919793084 -1072.13 2154.26 -0.00100063
1975.14357896 160.21177949 -2.49160857769 9.41494055755 0.00191159458818 -1209.64 2429.28 -2.83861e-05
1577.04770568 160.645019283 -2.4299681395 9.36434329953 0.00188204520857 -1047.9 2105.8 -0.000830748
1829.007537 159.813058852 -2.38366677751 8.8716344068 0.00187357714343 -1151.51 2313.02 -0.00150734
1765.99436499 162.603614906 -2.63386649304 9.27649704393 0.00192205598659 -1111.29 2232.58 -0.000178607
1510.01454393 159.898165507 -2.33015111771 8.64811154119 0.00192762778517 -971.879 1953.758 -2.4482e-05
1625.42607972 160.310474951 -2.50513825265 9.24396323085 0.00208417411107 -1032.01 2074.02 -3.33246e-05
1681.84518676 159.625723257 -2.2962533689 9.3379619213 0.00179082162988 -1206.79 2423.58 -2.07169e-05
1347.70257307 159.054702519 -2.26793387119 9.84897047364 0.00181255603304 -977.084 1964.168 -2.37568e-05
1617.04996813 158.193935517 -2.25380264655 9.17267257476 0.00184164584693 -1053.18 2116.36 -0.000892732
1669.13879512 160.028232385 -2.42486366335 8.95375302099 0.00176091563553 -1025.86 2061.72 -2.47578e-05
1666.81312809 159.075636568 -2.37054968968 8.4444439964 0.00179303116243 -981.97 1973.94 -2.33451e-06
1803.95651517 160.506663705 -2.47506617694 8.89618719374 0.00190904005382 -1117.91 2245.82 -2.09184e-05
1710.8317052 161.480699315 -2.53909798081 8.59864549638 0.0019043190469 -1023.76 2057.52 -0.000212943
1644.60630219 159.057602114 -2.30092102424 9.2980177976 0.00187062242363 -1103.61 2217.22 -3.67823e-05
1634.20642588 161.039170817 -2.40893406374 8.84687359551 0.00197177790762 -1088.1 2186.2 -4.64627e-06
1648.96328432 158.493886146 -2.25869167852 8.6943910504 0.00184736552167 -1045.75 2101.5 -5.63824e-05
1573.35176177 159.771908979 -2.26350814063 8.9759824442 0.00181179055647 -1093.86 2197.72 -2.68037e-05
1604.36474161 160.525899045 -2.43480577813 8.42005033504 0.00195590269536 -939.599 1889.198 -0.00032496
1542.62494031 161.698905136 -2.5276466948 9.12180613266 0.00173006486914 -985.482 1980.964 -4.266e-05
1733.88092497 158.724740229 -2.32080591709 9.03174838093 0.00172175596003 -1117.97 2245.94 -5.88196e-06
1674.28127655 161.00569565 -2.52315467633 8.74706384979 0.00197872600527 -1056.31 2122.62 -3.76211e-05
1723.14236539 160.15182195 -2.44841022407 9.65162539542 0.00190754989582 -1143.34 2296.68 -1.93257e-05
1583.61021109 159.945598716 -2.37330880932 8.38074517019 0.00199528269462 -944.905 1899.81 -9.89074e-07
1586.86530699 157.996399188 -2.19517847692 9.18014337907 0.00184751111076 -1070.51 2151.02 -1.67399e-05
1757.064399 161.166091539 -2.614547925 9.48141613121 0.00191039764563 -1083.67 2177.34 -9.60172e-05
1569.37517375 160.280916945 -2.34641228072 9.29809303031 0.00183486581484 -1042.95 2095.9 -1.7444e-05
1790.3505118 158.599179499 -2.24980044034 8.90417568773 0.00196247154638 -1184.31 2378.62 -1.66515e-05
1443.9458786 160.989845948 -2.41697347681 8.70912674764 0.00182610371824 -902.651 1815.302 -4.60541e-06
1595.98964516 160.714185238 -2.38853123401 8.91272591604 0.0017844966449 -988.884 1987.768 -0.000401589
1660.63949824 158.464554005 -2.25772785683 8.89395783946 0.00191544543005 -1090.45 2190.9 -0.000843803
1939.08376258 161.872729604 -2.64987459712 9.17946896657 0.00189765718694 -1179.88 2369.76 -2.02425e-05
1763.46795253 162.5663456 -2.61906229775 8.90894276146 0.00190510647258 -1054.44 2118.88 -0.000347115
1638.67821731 160.929378636 -2.46858533647 9.10070898334 0.00210285897029 -1055.74 2121.48 -9.74748e-06
1731.68056993 161.374121826 -2.56608291375 8.87967567453 0.00180498024305 -1048.71 2107.42 -0.000819077
1703.27552972 160.68261996 -2.37982949495 8.61280641243 0.00192822338652 -1091.36 2192.72 -1.13099e-05
1601.25452569 160.140296197 -2.34492007484 8.6594024322 0.00176436093513 -1038.02 2086.04 -0.000402515
1591.4729331 160.521845019 -2.43422558481 8.85252510331 0.00196094150917 -990.246 1990.492 -4.24131e-05
1995.66662946 160.528516927 -2.52299936564 8.72939134747 0.00188668216605 -1171.85 2353.7 -0.000398594
1534.10840666 158.640758538 -2.25276926016 8.36893239473 0.00187645791683 -908.95 1827.9 -0.000152745
1606.60658237 158.750120274 -2.31369705733 9.31753393693 0.00188608922369 -1045.51 2101.02 -1.66863e-05
1678.6161774 158.69086717 -2.39369390513 9.20401277442 0.00171646717395 -1053.6 2117.2 -5.4704e-06
1739.75908391 160.050922017 -2.34427162709 8.70466846014 0.00197991588125 -1102.92 2215.84 -5.46291e-05
1789.85204096 159.984105623 -2.40467396717 9.24990562656 0.00193884581168 -1143.96 2297.92 -0.000149016
1924.92493916 160.842927288 -2.52908724936 8.84830744259 0.0019356012515 -1114.24 2238.48 -9.10534e-05
1586.10287309 161.064453738 -2.50086958721 9.28934355705 0.00189476164203 -1021.87 2053.74 -4.26448e-05
1809.68737 159.843599905 -2.38009811495 8.43372940756 0.00182390012538 -1077.58 2165.16 -1.10414e-05
1832.31153362 158.552621519 -2.34476013769 8.67096586629 0.00181518940989 -1084.31 2178.62 -1.49698e-06
1685.62749976 161.61637463 -2.50396217909 8.83422352256 0.00197391311629 -1093.46 2196.92 -7.0989e-05
1842.77505023 159.913863496 -2.40358719248 9.28895457815 0.00178827220254 -1196.62 2403.24 -9.86777e-05
1672.91144649 159.082830642 -2.46223141011 8.94171806238 0.00173681946602 -1001.26 2012.52 -3.77909e-05
1744.15649793 159.466715902 -2.46655263844 9.67450310152 0.00192056729964 -1141.22 2292.44 -0.000167779
1625.50187717 160.031684363 -2.42367949059 8.74853422288 0.00193006997606 -972.058 1954.116 -2.62899e-05
1642.54169467 159.207755445 -2.40445012857 8.67872162921 0.00169938635941 -1028.93 2067.86 -0.000836585
1673.28587655 159.370859933 -2.45173188506 9.25456519937 0.00196162477373 -1055.63 2121.26 -0.00236287
1795.59807711 159.981385529 -2.39807094987 9.6623292272 0.00187030897991 -1200.96 2411.92 -0.000157581
1655.78084573 161.492034176 -2.46395680721 8.63426429642 0.00183693763534 -980.229 1970.458 -6.56933e-05
1875.73906039 159.110749417 -2.40956698617 9.38425475635 0.00192892813944 -1198.66 2407.32 -3.17885e-05
1556.76145932 160.382630991 -2.51323184124 9.13321880245 0.00180061188737 -966.277 1942.554 -5.68258e-05
1652.09941616 159.540034903 -2.38597168277 9.29246260473 0.00179463178207 -1070.09 2150.18 -7.16001e-05
1777.35764885 159.851007814 -2.43750454655 9.50921546475 0.00206297438021 -1192.99 2395.98 -4.25207e-05
1697.2198944 158.930362172 -2.30290048205 8.66399605423 0.00164889420451 -1064.85 2139.7 -9.19172e-06
1690.54494783 160.561999217 -2.3755755101 9.21093315523 0.00195343113352 -1140.88 2291.76 -1.59542e-05
1675.29397842 161.481542186 -2.43301187338 8.93240134377 0.00201701522706 -1108.71 2227.42 -4.45471e-05
1677.14068073 159.286097939 -2.37068899821 9.26069291223 0.00209664847151 -1114.87 2239.74 -1.65837e-05
1746.30539511 158.989089799 -2.47878314459 9.20712412961 0.00198220638237 -1080.96 2171.92 -1.21651e-05
1654.83770625 161.623486268 -2.55004341163 8.51646438274 0.00192865897697 -997.821 2005.642 -6.71631e-06
1668.70266398 157.591590199 -2.25510180391 8.64591489604 0.00187299808441 -1044.07 2098.14 -3.74535e-05
1632.84737504 158.311692051 -2.28568718759 8.69450519415 0.00187836281529 -1017.14 2044.28 -5.36379e-06
1612.77966251 160.632808317 -2.3531891638 9.35984567455 0.00199213866514 -1129.64 2269.28 -5.39284e-06
1762.71613136 160.580309683 -2.45671545375 8.47678662143 0.00184105989343 -1064.03 2138.06 -6.50656e-06
1735.07186138 159.788748111 -2.48639871801 8.77774337664 0.00176800847851 -1058.53 2127.06 -1.49861e-06
1663.77959081 159.009536013 -2.35927007512 8.66034411454 0.00183500762918 -1032.59 2075.18 -5.81215e-05
1579.39234212 161.296676877 -2.43345256388 8.97238337548 0.00186062534824 -1020.68 2051.36 -0.00018045
1684.56001917 159.911849482 -2.39502712716 9.06669399593 0.00179671353351 -1062.27 2134.54 -4.16188e-06
1872.36903375 160.292697724 -2.52348752419 9.87374967673 0.00185316109125 -1249.04 2508.08 -0.000631953
1746.81076204 160.348993205 -2.49057134127 9.36369949499 0.00190628795527 -1139.37 2288.74 -6.01729e-06
1491.8704985 158.950896992 -2.25686269142 9.04813331562 0.00195124615909 -1001.1 2012.2 -2.82325e-05
1512.38535607 159.689283139 -2.32156392973 8.84950122018 0.00196034883326 -986.239 1982.478 -0.000530024
1858.99236872 160.146293342 -2.38964720478 9.54712117041 0.00202081306133 -1247.9 2505.8 -1.31288e-05
1672.73300807 158.784087882 -2.21210072225 8.96850201961 0.0017364191085 -1129.22 2268.44 -7.37451e-05
1563.17224444 158.08295107 -2.20817372543 8.60182851248 0.00206044940554 -1020.65 2051.3 -1.76703e-06
1827.24687363 159.005837701 -2.31306891068 9.27965404494 0.00190659421584 -1201.35 2412.7 -0.000145409
1635.63410769 160.082542185 -2.43881607166 9.08899302061 0.00184823523708 -1020.36 2050.72 -0.00210965
1840.21590033 160.636357194 -2.41646274571 8.76092792877 0.00181757612294 -1152.59 2315.18 -4.81544e-06
1730.63492365 159.231095779 -2.47498375335 9.39674592673 0.00182863173492 -1106.12 2222.24 -1.02502e-05
1868.45598204 160.627685912 -2.46256799354 8.94598304236 0.0017589247836 -1154.57 2319.14 -5.07392e-05
1589.7777117 159.084402313 -2.3441389565 9.54096005956 0.00185820597243 -1040.6 2091.2 -0.00017072
1516.01247238 160.473601698 -2.39657862937 9.4391053346 0.00175460069807 -998.013 2006.026 -0.00317134
1738.19678004 160.380327003 -2.36462252582 8.85258608802 0.00187788550821 -1108.86 2227.72 -0.00111435
1641.62318541 161.002459734 -2.41195457722 9.3843858406 0.00178768120307 -1133.38 2276.76 -0.000350606
1637.20067876 162.212651032 -2.59709689102 8.89556154717 0.00188371462873 -1006.78 2023.56 -0.000184427
1955.79009482 158.175796223 -2.33765935796 9.23877314057 0.00167555974651 -1257.39 2524.78 -9.25096e-05
1541.34115278 159.764928461 -2.38019565528 8.89039323148 0.00201553737034 -963.082 1936.164 -0.00119849
1506.72095527 160.199051103 -2.36176451741 8.97751270922 0.00182433271267 -990.756 1991.512 -1.57312e-05
1702.39884007 161.531800249 -2.53352507195 8.74955590482 0.00170659422705 -1017.31 2044.62 -2.0537e-05
1572.08104462 160.443717647 -2.34389981934 8.68664047377 0.00194463680714 -988.054 1986.108 -0.000616949
1582.84263047 158.091537485 -2.15294217026 8.77584951457 0.00172735273307 -1045.86 2101.72 -1.27998e-05
1624.92566042 160.779987039 -2.41911235249 9.01210379127 0.00193479335886 -1033.64 2077.28 -0.000436012
1625.39548922 159.805226266 -2.39680212802 8.66001351447 0.00182006861804 -1000.65 2011.3 -1.09987e-05
1635.09637886 160.78139248 -2.45983360636 9.04207951159 0.00176293369347 -1032.66 2075.32 -3.3187e-06
1608.48762167 159.838317165 -2.35051758499 9.45175575225 0.00208604988283 -1097.52 2205.04 -2.48262e-05
1701.22592197 160.919097686 -2.48933161952 9.7518842813 0.00190790903076 -1152.76 2315.52 -6.36174e-05
1859.07384555 160.764423808 -2.43852772625 9.1016780125 0.00177095456078 -1180.89 2371.78 -8.67295e-05
1572.10279685 160.5565046 -2.46432844361 8.55443380012 0.00207956056264 -952.195 1914.39 -0.000431636
1616.97499861 159.938269744 -2.45468961012 9.21942726589 0.00194582761015 -1031.32 2072.64 -2.78635e-05
1727.97509336 160.23834321 -2.40570267814 8.99767580594 0.001913658354 -1090.82 2191.64 -7.91117e-06
1489.93870334 159.890082005 -2.31905244651 9.8659007192 0.00194214332949 -1071.19 2152.38 -2.96292e-06
1892.00073433 161.650642407 -2.55983375232 9.39279732243 0.00186788052803 -1218.67 2447.34 -0.000944645
1844.08042458 160.775649834 -2.50559459511 9.38812665618 0.00203654290654 -1172.41 2354.82 -0.00273415
1762.8600282 159.424950189 -2.34469311435 8.99172228633 0.00178889406621 -1130.39 2270.78 -2.04109e-05
1924.86612742 160.057726087 -2.44973389037 8.99055566035 0.00191582097409 -1188.99 2387.98 -0.000675156
1884.8371189 160.677653419 -2.52988048731 8.83786728079 0.00211962125074 -1181.02 2372.04 -7.73123e-05
1736.78135543 161.232889879 -2.64097631297 8.68059268676 0.00202865761412 -1039.29 2088.58 -2.33851e-05
1769.21389318 160.779221738 -2.5143148863 8.50842595109 0.00180620210455 -1028.01 2066.02 -5.52264e-05
1615.45828792 158.859324854 -2.25917016452 8.85379044257 0.00187508938376 -1080.28 2170.56 -7.57347e-06
1699.4246427 160.687670072 -2.35706630895 8.75416790581 0.00188481034114 -1072.72 2155.44 -0.00210128
1654.04429641 160.439145872 -2.43446891958 8.58975787939 0.0020702920156 -1004.03 2018.06 -8.18531e-05
1818.26990796 159.123690208 -2.28632190511 8.48615334891 0.00186031537397 -1137.29 2284.58 -2.36309e-05
1713.96454785 160.027873811 -2.33675190467 8.9299235453 0.00204309248408 -1127.11 2264.22 -0.000118793
1712.27242016 159.563744121 -2.31348411881 8.42451451322 0.00202421570616 -1111.23 2232.46 -0.000261727
1826.12611535 159.778344372 -2.41498562628 8.94593589585 0.00185175571543 -1139.67 2289.34 -0.000302423
1724.89004334 160.838684886 -2.46100656949 9.10577701055 0.00184662280467 -1084.93 2179.86 -8.25739e-06
1716.56164295 159.551799353 -2.37679703588 8.98510317091 0.00185612679671 -1107.21 2224.42 -2.09924e-06
1647.4645642 159.793567848 -2.40968997703 8.33301461358 0.00193941980253 -987.713 1985.426 -7.91933e-05
1922.42267792 160.23617771 -2.43322694672 9.10176677996 0.00194444892965 -1215.19 2440.38 -1.66463e-05
1770.71867263 158.759328678 -2.23271224603 8.43571146767 0.00182361362677 -1138.64 2287.28 -5.07844e-06
1511.89408277 160.392236048 -2.42498455358 8.63816173506 0.00188463309958 -949.242 1908.484 -8.60198e-05
1502.5107779 161.526454863 -2.50291829932 8.9166671449 0.00185171902256 -973.296 1956.592 -0.000133636
1737.9263173 158.736049227 -2.25656482346 8.53929802585 0.00190050188364 -1073.35 2156.7 -4.83863e-07
1697.17622163 159.373189296 -2.34211990412 8.87892508892 0.00187366940296 -1095.57 2201.14 -9.93039e-06
1484.03191958 159.817218386 -2.46344700411 9.48679673228 0.00203026873646 -984.054 1978.108 -0.000360436
1561.80059456 161.152790695 -2.43848102649 8.87756450466 0.0017703953803 -997.739 2005.478 -2.35212e-05
1733.29813875 162.010561961 -2.56289960406 8.99137470878 0.00206627948085 -1069.97 2149.94 -9.32685e-06
1560.96983028 160.438722946 -2.33903904365 8.96893926869 0.00166516887501 -1048.45 2106.9 -0.000308602
1778.88812345 163.006628238 -2.6637299935 9.38125050489 0.00183332559134 -1132.26 2274.52 -9.57097e-06
1505.00346213 159.245706755 -2.36453729639 8.62225902974 0.00157443913462 -866.005 1742.01 -2.40549e-06
1643.62183952 161.625658384 -2.48788380474 8.7502733789 0.00188044581573 -1011.8 2033.6 -8.15037e-05
1844.21443777 158.935653469 -2.27640926009 8.33298121606 0.00201953274104 -1159.45 2328.9 -5.23119e-06
1716.78053026 160.51120492 -2.51397545969 9.31350860528 0.00167346134727 -1030.81 2071.62 -2.00834e-05
1738.37063689 159.874159207 -2.48000894764 9.79480514139 0.00200300939723 -1161.19 2332.38 -1.01821e-05
1611.35993153 160.355346532 -2.3917192715 9.14178719465 0.00187004911556 -1043.93 2097.86 -0.000874526
1924.19011801 160.337417372 -2.46726818549 9.49814338949 0.0017909208283 -1210.59 2431.18 -6.41189e-06
1571.2071351 158.822379796 -2.29117715717 9.17621559326 0.00175377141143 -997.082 2004.164 -1.24921e-05
1598.4453218 159.541534213 -2.35901985264 9.08127350558 0.00165945985842 -1046.39 2102.78 -0.00107949
1802.88069402 159.198308866 -2.29803363956 8.52079790467 0.00199352861441 -1099.33 2208.66 -1.31178e-05
1693.33651516 160.422483314 -2.42680195886 8.85986640048 0.00163234160078 -1054.8 2119.6 -8.99218e-06
1810.0986001 161.051805919 -2.54676837308 9.20648520357 0.00174816435772 -1124.03 2258.06 -0.000100689
1742.02389613 160.078794022 -2.43187810332 8.91722487167 0.00188533851309 -1129.91 2269.82 -7.60513e-07
1576.5383086 160.87577614 -2.49590739444 9.48728303245 0.0020435350967 -1055.56 2121.12 -5.97569e-06
1707.85186368 159.584954442 -2.2878961173 8.99710907957 0.0018174606875 -1100.79 2211.58 -1.96176e-05
1972.12404593 159.277877655 -2.37981550188 8.71962209357 0.00194141565046 -1140.51 2291.02 -0.000848894
1497.21733272 159.375086471 -2.35381879171 9.02998082923 0.00206084281862 -949.005 1908.01 -0.00116453
1777.65851603 159.727600769 -2.45000619085 8.94652838049 0.00176033014831 -1060.18 2130.36 -6.76062e-06
1820.12058268 159.488976697 -2.46061139219 9.53929239804 0.00203743162897 -1184.92 2379.84 -0.000246012
1809.83611549 158.743751589 -2.3222372745 8.73855872067 0.00176343106784 -1101.5 2213 -4.75423e-05
1704.32950882 159.653756354 -2.33858977609 9.37080414938 0.00162260644365 -1113.01 2236.02 -1.02698e-05
1796.67283591 159.653093162 -2.36793246145 9.20775901674 0.00182440724195 -1159.25 2328.5 -2.07576e-05
1756.34776261 158.931397662 -2.32741851747 8.48438019458 0.00177256943568 -1067.82 2145.64 -6.3609e-06
1739.3131245 161.418444099 -2.50040732943 9.13949360399 0.00200911665083 -1071.25 2152.5 -9.93384e-05
1575.36175564 160.903773137 -2.43182477905 9.24685587277 0.00181911143371 -1030.89 2071.78 -7.8214e-05
1450.08182579 160.089206864 -2.33340684506 9.15282398117 0.00208615419384 -960.64 1931.28 -0.000110434
1653.60663478 156.692498284 -2.04936518829 8.69934865152 0.00197449849249 -1120.33 2250.66 -3.99576e-06
1688.15070373 159.696975988 -2.39731313732 9.18815358874 0.00161315634184 -1051.43 2112.86 -9.5856e-06
1536.82999223 159.765837302 -2.26032647676 8.55221850246 0.00179957230229 -1032.09 2074.18 -0.000539111
1684.78980386 161.011535549 -2.42679650676 8.51272983003 0.00191521568604 -1028.34 2066.68 -6.93425e-05
1608.58406744 159.65105235 -2.39061573778 9.51759395254 0.00172045291902 -1075.15 2160.3 -3.56724e-05
1755.80925627 159.379249288 -2.3582683322 9.32182816099 0.00192285888878 -1127.99 2265.98 -0.0010057
1822.47935156 160.662569354 -2.49624547192 9.05246184447 0.00177867404694 -1124.72 2259.44 -7.07887e-05
1551.94567156 158.826075195 -2.24720760484 8.92697914304 0.00198464321088 -1034.65 2079.3 -0.00208264
1582.48159918 158.733799218 -2.1892574406 8.58722888565 0.00173797470859 -1013.52 2037.04 -4.96211e-06
1676.48040528 159.738653445 -2.38030720343 8.86914255604 0.00190271314815 -1050.53 2111.06 -0.00127195
1593.80122999 160.854323925 -2.4712940026 9.58108498226 0.00185387373786 -1082.23 2174.46 -0.000352146
1570.19950969 160.719712896 -2.42339782021 8.65262298752 0.0019431272924 -976.812 1963.624 -0.000260804
1599.63530272 159.25429639 -2.37083988604 8.79469368495 0.00185343008718 -1005.12 2020.24 -5.80454e-05
1877.181525 161.147421943 -2.57152019523 8.73007917458 0.00190781029863 -1114.5 2239 -0.000267588
1687.45922971 158.402445807 -2.27370980324 9.19899015279 0.00184940061043 -1102.8 2215.6 -7.07454e-06
1716.06351534 161.486598088 -2.49768307381 9.16307537635 0.00206489905175 -1116.02 2242.04 -0.000164349
1821.59758477 159.205858705 -2.35144467945 9.2765046801 0.00196880845516 -1183.51 2377.02 -1.06072e-05
1570.24554997 160.049192139 -2.43270387668 9.1281103656 0.00207455477241 -984.94 1979.88 -2.18286e-06
1295.19948436 159.974189978 -2.36899203867 9.20285023513 0.00206099814992 -854.328 1718.656 -5.98755e-05
1801.86748246 161.782265726 -2.64181217813 9.53461654365 0.00209673055585 -1144.08 2298.16 -7.02013e-05
1621.83532725 158.450768002 -2.28085226741 8.75945123824 0.00183875581428 -1033.14 2076.28 -0.000441388
1853.16137274 158.725433018 -2.27530911949 8.80623207053 0.00175480338038 -1214.32 2438.64 -5.84856e-06
1818.59924353 160.216266853 -2.33054015677 8.94403526986 0.00187827429721 -1186.57 2383.14 -0.000522432
1770.5132943 159.871331289 -2.34400574567 8.76814845538 0.00184776446366 -1126.41 2262.82 -0.000336462
1631.29504114 161.039983497 -2.51857439222 8.87277519075 0.00176849351829 -971.39 1952.78 -1.1393e-05
1521.98701211 160.514671346 -2.29672345743 8.93250574975 0.00180273619366 -1035.15 2080.3 -1.90836e-05
1852.70560046 159.319360357 -2.37319536421 9.15877441385 0.001706093955 -1186.9 2383.8 -2.53303e-06
1514.58685907 160.159112399 -2.27913121486 9.17444497768 0.00179210563611 -1044.62 2099.24 -0.000315379
1611.41227086 160.209136942 -2.46388463939 9.76213676805 0.00167718355315 -1080.76 2171.52 -0.000187779
1749.94725265 159.53823817 -2.36917689949 8.63629116138 0.00192866793647 -1108.55 2227.1 -2.37367e-05
1621.01725703 159.135278401 -2.25740845801 8.88428822905 0.00193061470144 -1084.41 2178.82 -5.80183e-05
1969.12914516 159.210169883 -2.47648071084 9.26551369967 0.00163721763369 -1186.7 2383.4 -0.000155998
1698.97993684 159.507938663 -2.31070352663 9.08907029743 0.00167931868411 -1108.29 2226.58 -3.44369e-06
1749.00062827 160.846064253 -2.45753149528 9.12560832128 0.00192750180816 -1140.62 2291.24 -3.83814e-05
1686.83155282 159.804627615 -2.34435578319 9.09169875613 0.00177462907702 -1107.34 2224.68 -1.33509e-05
1584.43091443 159.866888433 -2.31391837356 8.71844685696 0.00208430796511 -1070.55 2151.1 -3.26024e-05
1734.72385452 159.601656879 -2.36821042674 8.9527316176 0.00189046558408 -1155.4 2320.8 -1.36334e-06
1614.187075 159.85965646 -2.33113066482 8.91558453513 0.00206877738829 -1063.91 2137.82 -1.62602e-05
1765.05506787 161.023102462 -2.45285889924 8.90072849413 0.00186592161167 -1123 2256 -3.61453e-05
1582.33900215 160.480295493 -2.32227922476 8.97247745094 0.00175619636611 -1051.86 2113.72 -1.29101e-05
1695.59322999 160.669514818 -2.42661640267 8.91170539696 0.00192870339699 -1054.46 2118.92 -0.00216152
1673.50047763 159.818640748 -2.35828132212 8.93081694704 0.0016951793691 -1086.25 2182.5 -4.09843e-06
1496.11378974 160.241995448 -2.39958283682 8.50244645175 0.00169618760149 -943.481 1896.962 -0.00097173
1486.7654442 158.932550336 -2.2200354794 8.41241004197 0.00188196414563 -971.921 1953.842 -1.244e-05
1754.93893721 160.986883601 -2.47260278359 8.84115440584 0.00194530412889 -1122.46 2254.92 -1.48729e-05
1548.15876465 159.770464468 -2.26054062329 9.01254024084 0.00191572943065 -1041.53 2093.06 -2.65814e-05
1470.68829754 158.887332167 -2.25781215406 8.86589877739 0.00176914587424 -942.32 1894.64 -5.69569e-07
1703.87953339 159.563040038 -2.34684221963 9.40250663568 0.00163576720502 -1123.79 2257.58 -9.18258e-06
1807.95537744 160.701593881 -2.4836576772 9.29646926974 0.00186671966218 -1168.73 2347.46 -0.000423137
1791.61881588 160.767360119 -2.42301557801 9.35114958351 0.00187043626143 -1173.63 2357.26 -1.75876e-06
1621.19835027 160.101257812 -2.40275632543 9.35920887408 0.00188227848863 -1063.3 2136.6 -0.000420507
1638.48783557 160.348655598 -2.39226874983 9.61020491168 0.00199247729427 -1102.57 2215.14 -8.57918e-05
1688.21356889 160.293585504 -2.35134026771 8.69576750926 0.00192542211619 -1102.31 2214.62 -1.19077e-06
1698.92258161 160.624704903 -2.42235096316 9.10475428319 0.00197506137001 -1090.41 2190.82 -8.8672e-05
1701.32911656 157.977282065 -2.21184440502 9.58858407898 0.00175328494501 -1195.48 2400.96 -4.58228e-06
1841.92768028 160.450626881 -2.4730063097 8.92687752072 0.00177398962742 -1156.55 2323.1 -1.107e-06
1686.5401048 160.436702531 -2.4340381511 8.97931381194 0.00197372916899 -1069.09 2148.18 -2.95241e-05
1716.41573231 160.01235099 -2.31684161817 9.01197014974 0.00190218801266 -1140.51 2291.02 -0.00832009
1925.15578956 161.317333182 -2.54117990744 9.1317370144 0.0016791550761 -1181.2 2372.4 -2.27711e-05
1590.24954371 159.798069665 -2.35810297749 8.7389529815 0.00200106070047 -1026.1 2062.2 -0.000133755
1772.06505128 161.345411431 -2.63105139117 9.42085543542 0.00208237823651 -1099.65 2209.3 -1.12826e-05
1672.11449083 159.899223384 -2.37198849064 8.99294218352 0.00188925595723 -1081.2 2172.4 -0.000152151
1838.7047236 159.452720395 -2.3998828147 8.71920327136 0.00183813886889 -1105.05 2220.1 -0.00170422
1559.8663647 160.59003644 -2.48198005249 9.30670812923 0.00168438407666 -975.659 1961.318 -0.00133922
