"D" "shape" "scale" "logLik" "AIC" "maxgrad"
1876.79328439 -2.69664667599 -0.221591310493 -802.646 1611.292 -6.4318e-05
1848.71481683 -2.12358196837 -0.185896262175 -793.272 1592.544 -5.91189e-05
1371.86560144 -2.14911520824 -0.16433926624 -737.625 1481.25 -0.000119726
1629.01533501 -2.33342911405 -0.180656319969 -819.466 1644.932 -1.99585e-05
1747.90464865 -2.24422529674 -0.18034671318 -825.493 1656.986 -3.29039e-06
1531.01759906 -2.57014787844 -0.192663857267 -793.273 1592.546 -2.53476e-05
1735.12052887 -2.33303283997 -0.200026585409 -735.221 1476.442 -4.88153e-05
1372.22798998 -2.20542917996 -0.162229678821 -775.763 1557.526 -1.38538e-05
1590.97996055 -2.16724038114 -0.177233848055 -758.015 1522.03 -2.44244e-05
1766.49096174 -2.33943592059 -0.180915156721 -874.048 1754.096 -7.31237e-05
1659.60944088 -2.35555457071 -0.178807679732 -873.349 1752.698 -2.82887e-05
2000.42404269 -2.59678448756 -0.227588199717 -776.676 1559.352 -5.73201e-06
1634.11854615 -2.54525755387 -0.207097804268 -729.456 1464.912 -6.3151e-05
1820.12715785 -2.16878980451 -0.187643227978 -768.142 1542.284 -8.2112e-07
1615.60140657 -2.19088180842 -0.173741234129 -808.286 1622.572 -2.74126e-05
1835.99534888 -1.84125701578 -0.152307702346 -927.621 1861.242 -0.000270937
1535.07043239 -2.31606068844 -0.188454580393 -703.86 1413.72 -3.59127e-05
1635.67752799 -2.18679661047 -0.163453402026 -897.058 1800.116 -1.55915e-05
1594.89669881 -2.24435960649 -0.186640374928 -742.052 1490.104 -9.34152e-05
1909.86371182 -2.55789388976 -0.215057501267 -808.809 1623.618 -8.12097e-05
1657.12923609 -2.4288412918 -0.185652066868 -831.724 1669.448 -2.02211e-05
1666.29927702 -2.29425518075 -0.183476523848 -795.278 1596.556 -1.56248e-06
1835.68417241 -2.2333611118 -0.186633435175 -836.832 1679.664 -1.81139e-05
1608.81345037 -2.15928496085 -0.167467933208 -821.453 1648.906 -1.24555e-05
1688.6420692 -2.54503047522 -0.199285644366 -827.017 1660.034 -9.07802e-06
1692.03328352 -2.42420172784 -0.202318974269 -743.57 1493.14 -4.33757e-05
1926.81015769 -2.31610793058 -0.210303604812 -738.82 1483.64 -4.19952e-06
1811.57673833 -2.37611913095 -0.190822398025 -841.294 1688.588 -1.32668e-05
1678.73718089 -2.45362112913 -0.199515237454 -768.786 1543.572 -2.72715e-05
1567.84696382 -2.47730699419 -0.192694386443 -774.474 1554.948 -1.45917e-05
2079.28808189 -2.63542954267 -0.226694040798 -836.217 1678.434 -1.03987e-05
1735.74904408 -2.30683871419 -0.174585938779 -903.967 1813.934 -6.26985e-05
1659.68040413 -2.68923571529 -0.199520494361 -852.085 1710.17 -4.80173e-05
1501.22022284 -2.67229075116 -0.198824320448 -756.922 1519.844 -7.03747e-05
1713.21562441 -2.27011401255 -0.180121530165 -834.599 1675.198 -4.49974e-05
1736.92655176 -2.12613016302 -0.183919418988 -753.238 1512.476 -5.67272e-05
1915.19471397 -2.29348245061 -0.196232678238 -826.076 1658.152 -1.11749e-05
1780.45221748 -2.61019777099 -0.214104327672 -777.004 1560.008 -6.96448e-06
1718.64299516 -2.64991982396 -0.223237524268 -708.108 1422.216 -6.596e-05
1854.63123893 -2.58677783828 -0.206893651458 -850.392 1706.784 -6.80098e-06
1755.25018821 -2.42951316676 -0.189264081989 -847.691 1701.382 -2.52959e-06
1631.09682 -2.08929783887 -0.170353676058 -788.324 1582.648 -1.9302e-05
1740.34644507 -2.28478608551 -0.195791271346 -755.825 1517.65 -5.40263e-06
1693.56616899 -2.3157342578 -0.185263797068 -796.341 1598.682 -1.31535e-05
1812.83500399 -2.44796040151 -0.196188648364 -834.529 1675.058 -8.89257e-05
2014.24942748 -2.34418965869 -0.203291828541 -849.398 1704.796 -8.16486e-05
2062.84082877 -2.0409481715 -0.186276553711 -835.874 1677.748 -7.51156e-06
1750.06060597 -2.36447234603 -0.205405421188 -714.411 1434.822 -2.50663e-06
1567.06915155 -2.4274579012 -0.196029484223 -710.366 1426.732 -0.000114297
1711.53733287 -2.18482335413 -0.175532713127 -835.315 1676.63 -1.91251e-05
1722.40975641 -2.45030123817 -0.201548479972 -771.537 1549.074 -1.03169e-05
1773.83320327 -2.30484241011 -0.186084029723 -825.368 1656.736 -7.03567e-05
2024.77546212 -2.24814677888 -0.189830307804 -895.03 1796.06 -0.000154584
1731.4761608 -2.46044738872 -0.205472793509 -749.58 1505.16 -1.07991e-05
1711.75248156 -2.38022683393 -0.181602938598 -880.59 1767.18 -5.98904e-05
1759.0750168 -2.56405630194 -0.19253791212 -912.942 1831.884 -0.000200902
2156.58192084 -2.33888434648 -0.199410763049 -928.654 1863.308 -4.70484e-06
1690.30661803 -2.41434580906 -0.197180885364 -772.732 1551.464 -4.93414e-06
1890.10884624 -2.57330758667 -0.221758780768 -763.309 1532.618 -7.50909e-05
1582.06330778 -2.41323713735 -0.175360438417 -869.338 1744.676 -4.74426e-05
2180.80738024 -2.48712559535 -0.214772180416 -909.446 1824.892 -7.19392e-07
1958.1826895 -2.39656684479 -0.199765532899 -859.14 1724.28 -9.34916e-06
1664.01760383 -2.28064950078 -0.189677541224 -753.631 1513.262 -5.58923e-05
1762.58005056 -2.47730674781 -0.191321105546 -877.042 1760.084 -2.35978e-06
1813.29477384 -2.31325507426 -0.195469491837 -827.011 1660.022 -1.2867e-05
1422.54229624 -2.37137751689 -0.172886615641 -768.753 1543.506 -5.60424e-05
1639.44821865 -2.5199564075 -0.200763570352 -759.143 1524.286 -0.000182671
1407.6988326 -2.58307314133 -0.199872178737 -688.484 1382.968 -1.15235e-06
1586.84655142 -2.58301273421 -0.190356590096 -834.309 1674.618 -2.75675e-05
1488.32534355 -2.95086103773 -0.213172088765 -779.971 1565.942 -4.56726e-05
1403.7492383 -2.16094139758 -0.156511141843 -812.895 1631.79 -2.53128e-05
1881.08216341 -2.43862252243 -0.202183217333 -825.97 1657.94 -6.47286e-06
1808.91847819 -2.74888674694 -0.211292764139 -870.045 1746.09 -9.6698e-06
1703.85674013 -2.25286417686 -0.178866912761 -827.033 1660.066 -0.000202457
1746.87645594 -2.80757885956 -0.229761953259 -749.076 1504.152 -1.30273e-06
1723.87869859 -2.03162514633 -0.164292586597 -858.378 1722.756 -1.21226e-05
1609.96778847 -2.5272931892 -0.201894178089 -754.075 1514.15 -1.6532e-05
1758.99367256 -2.25127867403 -0.185701892769 -836.239 1678.478 -5.75611e-05
1927.28857414 -2.27725937002 -0.19373380222 -826.32 1658.64 -2.78153e-06
1663.25139721 -2.72559418099 -0.210817668251 -809.777 1625.554 -1.22723e-05
1920.43794743 -2.34129567244 -0.195523804703 -840.889 1687.778 -3.92064e-05
1646.14110901 -2.24928086056 -0.177590924975 -812.192 1630.384 -1.79988e-05
1616.92726601 -2.58139679668 -0.202337133174 -747.558 1501.116 -0.00011384
1828.59869584 -2.15972719059 -0.174021563884 -888.076 1782.152 -2.41749e-05
1826.0264174 -2.76548927824 -0.213732710585 -873.072 1752.144 -6.84587e-05
1841.91798489 -2.15720330815 -0.182427114876 -825.455 1656.91 -2.78874e-05
1442.5059596 -2.23832285048 -0.171582557145 -744.206 1494.412 -3.7439e-05
1548.2151184 -2.29353703171 -0.173295604553 -827.341 1660.682 -1.04965e-05
1780.6713207 -2.73172084874 -0.21371262068 -846.47 1698.94 -1.21437e-05
1556.77281545 -2.08223643194 -0.178746061357 -685.69 1377.38 -1.48244e-06
1630.91061241 -2.20007778735 -0.170546058064 -864.329 1734.658 -1.76103e-06
1365.9960184 -2.66956437936 -0.207061563357 -639.307 1284.614 -1.0586e-05
1466.06494829 -2.01059345781 -0.164966907749 -702.585 1411.17 -2.79731e-05
1765.92483009 -2.7682975512 -0.22728048027 -751.921 1509.842 -0.000286655
1750.61467937 -2.74353928892 -0.218843217426 -773.652 1553.304 -4.14028e-05
1744.76899765 -2.60711035029 -0.214172165962 -760.854 1527.708 -4.12333e-05
1375.29352132 -2.30613337804 -0.160407320238 -837.107 1680.214 -3.96576e-06
1963.28349579 -2.83406449599 -0.244377099485 -766.564 1539.128 -0.000316847
1677.00542932 -2.33770043883 -0.182878610591 -818.215 1642.43 -1.2317e-05
1418.47063436 -2.51815794459 -0.182299626892 -764.682 1535.364 -0.000434587
1485.23178421 -2.25732860093 -0.163411102185 -848.911 1703.822 -5.60203e-07
1730.4888912 -2.43438817851 -0.210189626865 -716.111 1438.222 -5.11177e-05
1452.09367327 -2.27696762544 -0.178006448802 -727.263 1460.526 -1.23037e-05
1645.29958363 -1.99727193878 -0.152519687182 -911.511 1829.022 -1.9806e-05
1608.1527666 -2.67165661391 -0.206267792748 -790.53 1587.06 -5.69067e-06
1469.02671619 -2.20508920311 -0.167021524268 -795.928 1597.856 -0.000220003
1859.27249106 -2.46526067119 -0.206504407976 -795.108 1596.216 -1.21033e-05
2037.81663384 -2.36230667305 -0.206225727427 -836.124 1678.248 -8.42294e-06
1672.15702211 -2.82433278993 -0.232886302949 -723.681 1453.362 -5.26651e-05
1978.06254506 -2.17172863892 -0.186123184967 -863.87 1733.74 -1.80452e-06
1551.35725673 -2.19101433618 -0.180876226448 -723.13 1452.26 -1.36582e-05
1632.22731085 -2.13746199758 -0.179400960342 -743.97 1493.94 -1.12691e-06
1303.06537404 -2.23775860433 -0.166226009441 -728.258 1462.516 -1.87567e-07
1611.525413 -2.35007175862 -0.185692886841 -786.98 1579.96 -2.55169e-05
1888.35559468 -2.39711477457 -0.207549278783 -783.175 1572.35 -3.4488e-05
1815.49612406 -2.39352796517 -0.201197648987 -769.322 1544.644 -4.87938e-05
1602.54445665 -2.47576848121 -0.20843167007 -689.833 1385.666 -1.1307e-05
1675.51342517 -2.45279811168 -0.195647799246 -788.635 1583.27 -9.16552e-06
1829.34623321 -2.23113811168 -0.185014703734 -826.777 1659.554 -2.51793e-05
1818.34959471 -2.44777232446 -0.202791055584 -802.356 1610.712 -1.38019e-06
1533.17574903 -3.05904466203 -0.236701975028 -717.289 1440.578 -1.63294e-05
1854.49461211 -2.28233823508 -0.196295721157 -774.544 1555.088 -4.55465e-06
1633.97497506 -2.15594793868 -0.181905764267 -736.943 1479.886 -1.39898e-05
1537.59569201 -2.21894963746 -0.170907712026 -805.681 1617.362 -0.000237749
1499.15876063 -2.41268820237 -0.18250107459 -775.777 1557.554 -2.80676e-05
1837.91708962 -2.47602337378 -0.198794247132 -862.312 1730.624 -4.02444e-05
1864.16659078 -2.4994965652 -0.208061186612 -801.273 1608.546 -7.73669e-05
1872.65168672 -2.26558372515 -0.179038092638 -918.496 1842.992 -2.2949e-05
1728.83240475 -2.01433853584 -0.159687573917 -882.467 1770.934 -2.2323e-05
1527.08213635 -2.14135231631 -0.160864742479 -840.947 1687.894 -1.3781e-05
1507.24119812 -2.09120369898 -0.1533126308 -858.641 1723.282 -4.58533e-05
1482.62452711 -2.21294319222 -0.163318790384 -819.769 1645.538 -5.81134e-07
1768.38645463 -2.53476883275 -0.215066196448 -730.665 1467.33 -1.25273e-05
1532.44762348 -2.1844317093 -0.163773553831 -829.868 1665.736 -2.34131e-05
1635.58272291 -2.11944947127 -0.172094414369 -782.155 1570.31 -1.12926e-06
1849.97176704 -2.44062966229 -0.204087347638 -818.739 1643.478 -9.77521e-06
1596.55875955 -2.49372769604 -0.195518446219 -769.74 1545.48 -5.29664e-06
1499.62798079 -2.11021605385 -0.168989128582 -739.453 1484.906 -9.42945e-05
1595.23982088 -2.34101754973 -0.179159801298 -797.615 1601.23 -2.06689e-05
1785.2267651 -2.51535518503 -0.209803996282 -780.429 1566.858 -0.000218065
1694.6551568 -2.60262492246 -0.227529932751 -660.663 1327.326 -7.93026e-06
1530.96736756 -2.27427619079 -0.180709652439 -759.388 1524.776 -2.68125e-05
1907.52631423 -2.32734263941 -0.199201599492 -819.244 1644.488 -6.6237e-06
1718.65796969 -2.22122917251 -0.190332709105 -772.508 1551.016 -1.91261e-06
1621.04534089 -1.93253077278 -0.150766491593 -865.732 1737.464 -2.91516e-05
1720.23830938 -2.28047589343 -0.180774468985 -851.526 1709.052 -7.4099e-05
1856.74830915 -2.30612033213 -0.188793492318 -859.647 1725.294 -2.24826e-05
1720.05192764 -3.34675442591 -0.257970523336 -765.594 1537.188 -0.000122537
1638.33275756 -2.64325657418 -0.203344447963 -802.284 1610.568 -5.54206e-06
1575.77644277 -2.14553376151 -0.170570025055 -784.653 1575.306 -5.56072e-05
1447.79267037 -2.50202894808 -0.184875870371 -772.881 1551.762 -2.7628e-05
1567.7927754 -2.40190038402 -0.181895155788 -803.943 1613.886 -0.000232147
1852.33579672 -2.58900103441 -0.207438359175 -852.847 1711.694 -1.02481e-05
1884.60684918 -2.27972411416 -0.18788702883 -849.757 1705.514 -3.00222e-05
1616.18565206 -3.00105350742 -0.239784050275 -710.139 1426.278 -7.5672e-06
1783.0554936 -2.47682840495 -0.194322631732 -867.338 1740.676 -1.55358e-05
1733.8499224 -2.21561994859 -0.181061013834 -808.382 1622.764 -8.6385e-05
1569.40708625 -2.37234567505 -0.178177361995 -821.134 1648.268 -5.66195e-06
1979.62908483 -2.31202196389 -0.200312806547 -816.568 1639.136 -5.42629e-05
1960.68757514 -2.11612523323 -0.184729185027 -817.342 1640.684 -3.62176e-10
1948.37425245 -2.64539389398 -0.212784408758 -891.303 1788.606 -9.25596e-06
1792.99004568 -2.50672519322 -0.211757588416 -771.053 1548.106 -4.07266e-06
1653.76022742 -2.59203988627 -0.201878421508 -816.097 1638.194 -4.87668e-06
1720.50972461 -2.44317776809 -0.196769913879 -798.338 1602.676 -3.40875e-05
1508.27093326 -2.30258461068 -0.179625006751 -768.804 1543.608 -3.87517e-06
1704.72087276 -2.16468031586 -0.183687635751 -761.844 1529.688 -6.91925e-06
1415.50241264 -2.34956450105 -0.170068693022 -824.143 1654.286 -2.02184e-05
1818.88482324 -2.48232765299 -0.206419057818 -797.523 1601.046 -1.07259e-05
1818.28393554 -2.40975451722 -0.19246712237 -878.803 1763.606 -0.00014432
1832.10359778 -2.3644317489 -0.203448500637 -764.707 1535.414 -2.75313e-05
1756.09438231 -2.61752335714 -0.199804475037 -861.718 1729.436 -1.6319e-07
1810.41939899 -2.67145877002 -0.22782374432 -738.986 1483.972 -2.08631e-06
1447.26889643 -2.63346549242 -0.188910799441 -809.588 1625.176 -8.72944e-05
1735.62347253 -2.41296717844 -0.191471585577 -833.926 1673.852 -2.47064e-05
1456.46912239 -2.25959033084 -0.168374883992 -787.277 1580.554 -0.000245431
1828.22234783 -2.66521431355 -0.228920306973 -727.952 1461.904 -9.29218e-05
1774.51445258 -2.37865288455 -0.201902844037 -778.646 1563.292 -4.45254e-05
1567.88870053 -2.58833406792 -0.204242318516 -729.068 1464.136 -9.3187e-05
1884.63909368 -2.47807455541 -0.213092308864 -782.078 1570.156 -7.74626e-05
1576.55403812 -2.79696589804 -0.199357687875 -837.182 1680.364 -3.81909e-05
1432.49751881 -2.29634516306 -0.172765047137 -759.268 1524.536 -5.77306e-05
1576.49099178 -2.44641282943 -0.193166451148 -751.494 1508.988 -1.10461e-05
1613.4903805 -2.44342515914 -0.184839719536 -817.513 1641.026 -8.04927e-05
1718.28491681 -2.32616614094 -0.186673803714 -800.321 1606.642 -9.65524e-06
1733.85141157 -2.30046033485 -0.184023904372 -820.64 1647.28 -4.56257e-06
1487.00288863 -2.16408200791 -0.157760024669 -838.073 1682.146 -4.78889e-06
1774.84875646 -2.81009374312 -0.230320982216 -768.295 1542.59 -0.000264309
1513.11039219 -2.21264486403 -0.1654543065 -803.601 1613.202 -7.56587e-05
1601.12737743 -2.09853847316 -0.171398973705 -771.785 1549.57 -6.59114e-05
1767.33330833 -2.63913856351 -0.208252921994 -824.164 1654.328 -3.82728e-05
1819.2103674 -2.35171530298 -0.186715355488 -872.614 1751.228 -1.25955e-05
1731.22795397 -2.25004399017 -0.181589135664 -835.185 1676.37 -7.66071e-06
1765.34283277 -2.05016112132 -0.170365101588 -836.739 1679.478 -2.14996e-06
1710.6105237 -2.44779574086 -0.191344858251 -842.078 1690.156 -0.000188481
1954.52907849 -2.11316161578 -0.175087260446 -903.529 1813.058 -3.35772e-06
1896.87022455 -2.43349851977 -0.204131478843 -805.633 1617.266 -5.29955e-05
1828.26840374 -2.10870612652 -0.173456797708 -864.84 1735.68 -5.49692e-07
1821.90518756 -2.48545279223 -0.192045795528 -912.07 1830.14 -9.38985e-06
1658.99590214 -2.37378855397 -0.188088453135 -802.721 1611.442 -7.9073e-06
1485.40249178 -2.39284604469 -0.184034509355 -757.428 1520.856 -8.34413e-07
1908.69129278 -2.0352867331 -0.17402305829 -850.166 1706.332 -4.75083e-06
1588.0494444 -2.24238272476 -0.181358718244 -764.147 1534.294 -4.39006e-05
2082.32402412 -2.32778554291 -0.20391822708 -857.408 1720.816 -3.17167e-06
1656.78604278 -2.51985575301 -0.212785030334 -689.407 1384.814 -5.18558e-07
1517.73145076 -2.15397905222 -0.163204336108 -811.831 1629.662 -4.12386e-05
1707.55021549 -2.19891782154 -0.177650711353 -833.08 1672.16 -2.56153e-05
1993.92946756 -2.72229684846 -0.23159943568 -807.041 1620.082 -1.58718e-06
1993.41097271 -2.31398138123 -0.208597709514 -767.745 1541.49 -7.85647e-06
1744.73000483 -2.36566789678 -0.195715146834 -788.096 1582.192 -2.37908e-05
1807.43101835 -2.52699465937 -0.207402861836 -803.587 1613.174 -0.000183598
1836.50760558 -2.3176946208 -0.187672839044 -857.104 1720.208 -8.41424e-07
1993.49336849 -2.16539058619 -0.182271102877 -909.419 1824.838 -1.91028e-05
1956.88266669 -2.66813362338 -0.219688003599 -842.448 1690.896 -6.46829e-05
1812.51716966 -2.10503372218 -0.180048711859 -803.893 1613.786 -6.37887e-05
1503.40571702 -2.40361334259 -0.180673370451 -778.064 1562.128 -4.02657e-06
1573.78564328 -2.54164694882 -0.199775521725 -757.9 1521.8 -1.37333e-05
1417.08867913 -2.24408402011 -0.168425765174 -764.134 1534.268 -5.80818e-05
1918.68582737 -2.35520040257 -0.209322182494 -771.601 1549.202 -9.24401e-06
2002.42744197 -1.99286383664 -0.184376687668 -811.388 1628.776 -2.28539e-05
1652.95822561 -2.54600019217 -0.197657415574 -796.805 1599.61 -6.43757e-05
1691.10091545 -2.47822336629 -0.194558467851 -816.452 1638.904 -3.56867e-05
1521.12673125 -2.35734176512 -0.178686731669 -782.882 1571.764 -9.48609e-05
1409.33442666 -2.14226715277 -0.164746727224 -731.07 1468.14 -6.56128e-05
1627.86089178 -1.98926493535 -0.155353697957 -871.478 1748.956 -8.90258e-06
1709.05541136 -2.29029776043 -0.191989253574 -753.512 1513.024 -1.98276e-05
1679.42120461 -2.27261327608 -0.18093785717 -823.894 1653.788 -1.13057e-06
1760.07564319 -2.46947824695 -0.19983435584 -799.823 1605.646 -7.9044e-05
1847.82878207 -2.36922589417 -0.190829406156 -882.202 1770.404 -2.21309e-06
1613.24449321 -2.27529816926 -0.188358144426 -728.143 1462.286 -4.09561e-05
1349.09412289 -2.30282738123 -0.16558778855 -780.054 1566.108 -8.10693e-05
1915.05698128 -2.15207714892 -0.178909303145 -873.427 1752.854 -1.08878e-05
1682.73785461 -2.35474559409 -0.177090547664 -890.574 1787.148 -8.20728e-05
1606.55920688 -2.22167060805 -0.168370328191 -845.902 1697.804 -2.94646e-05
1626.67608753 -2.27939148798 -0.17325115467 -828.885 1663.77 -1.6492e-05
1228.04222167 -2.64718242133 -0.183409285413 -702.62 1411.24 -9.2049e-06
1801.54435413 -2.60872937377 -0.214447882836 -786.3 1578.6 -1.13658e-05
1672.27036038 -2.25838349659 -0.190581341776 -737.07 1480.14 -4.39586e-05
1652.76295008 -2.49236044061 -0.195875993812 -789.876 1585.752 -5.03814e-05
1961.54849785 -2.70591560059 -0.245274027267 -715.811 1437.622 -6.66175e-05
1441.33624717 -2.07594248875 -0.159676471515 -772.06 1550.12 -4.15434e-06
1763.53962689 -2.45252131236 -0.201297733685 -793.915 1593.83 -3.02492e-05
1593.31096968 -2.45503906787 -0.1861039704 -802.462 1610.924 -1.6207e-05
1249.43673532 -2.40450280127 -0.174187312831 -710.174 1426.348 -1.53329e-05
1781.53047039 -2.26516048175 -0.192719455126 -776.956 1559.912 -2.46045e-05
1579.13316474 -2.35121918103 -0.187183733643 -747.182 1500.364 -0.000146168
1504.05778291 -2.20968821628 -0.166022769868 -787.429 1580.858 -1.18472e-05
1709.68507408 -2.10240657313 -0.173533012948 -794.704 1595.408 -0.000272269
1748.2365488 -1.94463938259 -0.158600409881 -876.103 1758.206 -2.84603e-05
1503.8788304 -2.6195643141 -0.208597284569 -696.38 1398.76 -9.65615e-06
1690.37946587 -2.35746150247 -0.184079447638 -838.912 1683.824 -1.16007e-06
1714.49706031 -2.30060091355 -0.187957749728 -808.599 1623.198 -2.5168e-05
1921.02391891 -2.70226736719 -0.219890628268 -829.619 1665.238 -3.92036e-05
1639.87626436 -2.52450119205 -0.193012497575 -810.16 1626.32 -4.23753e-06
1583.78712186 -2.38226292281 -0.180863243351 -812.648 1631.296 -4.05067e-05
1844.46914892 -2.21248677224 -0.187942755802 -801.722 1609.444 -1.10545e-08
1526.95406232 -2.14224575696 -0.170928239351 -764.598 1535.196 -5.29171e-07
1667.9572734 -2.44355917651 -0.19275090204 -786.346 1578.692 -6.54928e-06
1855.41098873 -2.54723934354 -0.211939553533 -795.678 1597.356 -1.05424e-05
1802.99692079 -2.56058525778 -0.211849687249 -787.625 1581.25 -2.26889e-05
1851.69930907 -2.30074326192 -0.18460989009 -889.758 1785.516 -2.4458e-06
1937.31568941 -2.35532087579 -0.2161250073 -721.506 1449.012 -2.92753e-08
1724.64413382 -2.20727993845 -0.173558552835 -862.023 1730.046 -7.73427e-05
1783.08968428 -2.29694230171 -0.190479152495 -805.695 1617.39 -9.53916e-07
1839.01254202 -2.5175942996 -0.211699509492 -793.903 1593.806 -0.000152891
1843.87538744 -2.12222438627 -0.197489343962 -715.275 1436.55 -7.16302e-05
1715.44293333 -2.58459807747 -0.194128953038 -863.886 1733.772 -2.02955e-05
1487.88576797 -2.45073016594 -0.187305637092 -746.992 1499.984 -1.25563e-07
1550.01478618 -2.28405001512 -0.177377906387 -770.445 1546.89 -9.57379e-07
1536.25468888 -2.26321640636 -0.181540349983 -745.026 1496.052 -3.41426e-08
1685.69641306 -2.58389201447 -0.197640632909 -822.965 1651.93 -0.000101171
1595.37063085 -2.9185164058 -0.223964092123 -757.458 1520.916 -0.000211591
1585.43981958 -2.16253275284 -0.176519820336 -762.266 1530.532 -1.76225e-05
1657.76368192 -2.64822651944 -0.214873342987 -735.439 1476.878 -7.96556e-05
1881.68019744 -2.03261193751 -0.182781035589 -786.63 1579.26 -1.25687e-06
1747.410464 -2.44252183214 -0.199375421895 -794.583 1595.166 -6.44961e-05
1859.86397519 -2.29220564244 -0.181285467542 -919.26 1844.52 -3.23436e-05
1604.55360508 -2.23711431599 -0.180602062288 -760.753 1527.506 -4.79057e-06
1715.84370086 -2.55908274727 -0.193584548675 -860.388 1726.776 -3.90289e-06
1594.33303789 -2.33677633337 -0.178328786748 -809.076 1624.152 -1.36866e-05
1440.86674004 -2.17836952679 -0.168308245715 -749.218 1504.436 -2.2559e-06
1619.71896078 -2.13637147411 -0.178972315943 -747.586 1501.172 -7.30144e-06
1759.8123981 -1.9176214104 -0.158423403184 -851.735 1709.47 -0.000211903
1215.9974668 -1.87830489963 -0.140790957596 -705.862 1417.724 -2.46008e-07
1665.7658782 -2.53794152554 -0.20108497058 -794.241 1594.482 -9.79106e-05
1523.18439368 -2.35833606913 -0.179429075473 -789.634 1585.268 -6.37354e-06
1724.71178768 -2.63459188973 -0.217050999806 -746.009 1498.018 -7.8073e-05
1703.16886092 -2.23212215733 -0.177006766147 -838.836 1683.672 -0.000120599
1899.17914051 -3.12256300892 -0.26399136137 -757.435 1520.87 -3.81379e-05
1676.92984216 -2.26038362338 -0.18048799232 -807.255 1620.51 -2.19136e-07
1777.46769813 -2.16921201686 -0.182550538248 -792.739 1591.478 -1.1173e-05
1767.14789817 -2.42299508756 -0.199562193626 -777.12 1560.24 -2.06853e-05
1925.39330034 -2.14081789984 -0.189501839513 -817.373 1640.746 -9.98629e-05
1546.0391103 -2.75073206339 -0.211664155408 -736.141 1478.282 -1.40278e-09
1539.21022261 -2.40994679467 -0.192535131243 -729.486 1464.972 -4.32856e-06
1963.61674254 -2.07177910072 -0.184926383712 -818.11 1642.22 -2.36294e-07
1901.47451738 -2.55540976869 -0.226270821326 -742.088 1490.176 -7.59234e-06
1751.98063479 -2.11556024124 -0.175220975595 -819.675 1645.35 -5.23865e-05
1484.40824941 -3.00098945134 -0.221934219921 -741.117 1488.234 -1.23232e-05
1573.3205748 -2.20816093351 -0.171334312885 -810.817 1627.634 -8.07272e-05
1772.19953266 -2.45002674674 -0.204841772108 -766.949 1539.898 -6.62232e-06
1525.83908694 -2.35141030206 -0.178165509475 -797.282 1600.564 -3.82854e-05
1841.23214936 -2.0546138201 -0.168071510634 -886.79 1779.58 -9.62187e-06
1305.03154595 -2.28520005738 -0.169739781521 -721.379 1448.758 -4.03458e-06
1502.21321581 -2.58270509537 -0.191035565762 -798.064 1602.128 -1.83354e-05
1741.04455071 -2.27337904963 -0.185899174097 -800.938 1607.876 -1.69354e-05
2025.92783534 -2.48946771821 -0.212775930379 -829.971 1665.942 -0.00017331
1606.38433496 -2.69905731714 -0.202489839698 -802.425 1610.85 -1.3117e-06
1509.29359978 -2.33029369414 -0.177153873689 -770.698 1547.396 -5.6685e-05
1795.6439127 -2.3995737686 -0.202527999157 -772.948 1551.896 -9.85111e-05
1733.76001572 -2.59075271381 -0.20240450827 -834.282 1674.564 -3.42559e-05
1719.31480049 -2.20454953037 -0.183544276824 -772.023 1550.046 -0.000100128
1448.29354974 -2.50790443362 -0.186962254545 -754.88 1515.76 -9.65644e-05
1817.34744417 -2.49327844534 -0.193223114317 -900.035 1806.07 -1.37288e-05
1289.37198622 -2.38249732651 -0.167780161298 -760.65 1527.3 -7.6259e-06
1748.99438732 -2.46088460459 -0.205008994613 -752.885 1511.77 -0.00012648
1816.66436622 -2.41889915186 -0.209341967433 -754.617 1515.234 -2.19979e-05
1748.68177253 -2.77887027357 -0.213024280085 -851.022 1708.044 -7.93758e-05
1571.24373488 -2.10147335315 -0.157617030438 -865.122 1736.244 -2.89815e-06
1646.57546206 -2.71300266155 -0.197294224368 -865.097 1736.194 -9.91135e-05
1706.39880718 -2.4661805034 -0.2070685709 -737.906 1481.812 -4.7085e-06
1752.2780767 -2.73763892632 -0.210620781949 -848.211 1702.422 -1.81521e-05
1758.5211413 -2.20269787772 -0.177887565718 -855.852 1717.704 -4.47321e-05
1625.97845358 -2.21037744752 -0.175206004221 -813.649 1633.298 -3.24948e-05
1999.09552195 -2.29696802792 -0.19458571855 -884.319 1774.638 -4.41766e-07
1710.35068199 -2.17273381654 -0.188739085714 -742.425 1490.85 -2.45603e-07
1844.20790224 -2.15445955581 -0.187192855879 -789.393 1584.786 -3.04573e-05
1434.91213864 -2.70521390033 -0.19733408962 -757.533 1521.066 -1.46664e-05
1922.23456552 -2.1960240386 -0.204215656715 -715.819 1437.638 -3.59982e-06
1861.19792033 -2.13503645621 -0.193371572185 -746.721 1499.442 -7.58708e-05
1978.06287099 -2.18736490508 -0.186695970288 -865.479 1736.958 -5.371e-06
1518.28473851 -2.63134708763 -0.1936996489 -803.955 1613.91 -7.88974e-05
1873.97913317 -2.19031148936 -0.18123665736 -869.759 1745.518 -7.91897e-07
1575.69806273 -2.18043492532 -0.184452639017 -716.799 1439.598 -3.18159e-05
1659.02229669 -2.38072991768 -0.190767472644 -779.872 1565.744 -2.37384e-05
1860.85336849 -2.14121535063 -0.181567788224 -818.163 1642.326 -2.76714e-05
1806.64106044 -2.16441586651 -0.182631956767 -819.656 1645.312 -5.19722e-06
1905.69179746 -2.74297687171 -0.225269504962 -819.112 1644.224 -5.48967e-05
1726.402315 -2.52961676934 -0.198956369493 -815.148 1636.296 -4.88832e-06
1637.68254594 -2.00460969598 -0.163476878715 -814.553 1635.106 -4.56501e-05
1841.34145366 -1.99886513654 -0.181039261934 -763.134 1532.268 -0.000223116
1690.59083599 -2.9105593315 -0.234677374861 -734.778 1475.556 -9.22648e-05
1710.69662419 -2.13882583197 -0.179620548066 -762.585 1531.17 -6.20285e-07
1628.33728382 -2.39764132222 -0.191785472519 -753.005 1512.01 -8.32608e-05
1666.83609657 -2.26248839766 -0.178387091195 -793.747 1593.494 -3.11888e-05
1760.61034616 -2.19674693604 -0.181145181612 -807.489 1620.978 -1.95979e-05
1831.47028988 -2.10001028353 -0.186424946792 -757.326 1520.652 -0.000191847
1606.06697927 -2.39881964243 -0.19010840209 -764.092 1534.184 -4.39015e-05
1508.7410193 -2.87549411731 -0.211658347583 -768.231 1542.462 -1.93798e-05
1598.30948056 -2.2787837553 -0.177022317437 -821.178 1648.356 -8.71015e-05
2091.66867547 -2.27974511168 -0.202746072713 -837.349 1680.698 -4.81741e-05
1865.47346933 -2.24326681805 -0.193187934219 -803.224 1612.448 -7.26603e-05
1410.38657027 -2.10191537981 -0.160424907852 -751.636 1509.272 -1.27025e-05
1561.41447699 -2.40021371246 -0.191302357047 -748.65 1503.3 -4.72038e-06
1663.26539341 -2.29805530207 -0.168460899339 -924.063 1854.126 -0.000160719
1565.29226138 -2.10266816575 -0.157304631788 -892.19 1790.38 -1.79945e-05
1590.50929012 -2.21540288508 -0.177620728011 -780.579 1567.158 -8.20846e-06
1693.61949983 -2.15996542969 -0.164705589768 -893.21 1792.42 -7.72347e-05
1661.07523007 -2.4830137738 -0.20129698582 -761.512 1529.024 -8.82107e-06
1844.90598028 -2.68661632059 -0.209432424984 -874.061 1754.122 -9.6638e-05
1970.78172384 -2.17383626997 -0.20152271862 -745.326 1496.652 -9.05952e-06
1802.1484659 -2.39070938158 -0.188061737846 -887.114 1780.228 -7.92653e-05
1624.7610392 -2.28364190458 -0.184599775676 -765.49 1536.98 -9.00253e-05
1354.70996812 -2.23678961986 -0.164166330595 -767.789 1541.578 -8.70887e-06
1842.37536816 -2.41897859055 -0.195848289898 -860.627 1727.254 -9.36167e-06
1746.22846167 -2.24262125291 -0.183178371775 -818.234 1642.468 -6.27783e-05
1730.94637751 -2.77336695456 -0.22951393181 -729.046 1464.092 -4.06533e-05
2142.2792839 -2.11342059473 -0.187132487031 -900.665 1807.33 -5.8622e-05
1394.23682275 -2.24183195676 -0.169595045944 -759.703 1525.406 -7.48372e-05
1427.4338738 -2.26566699346 -0.172604174968 -736.92 1479.84 -1.4949e-07
1896.30983947 -3.0291631466 -0.255924148217 -763.51 1533.02 -9.3117e-06
1503.82321028 -2.72520304773 -0.200566832045 -778.044 1562.088 -9.75979e-06
1618.46970344 -2.5769820525 -0.195747969979 -823.838 1653.676 -1.0228e-05
1505.16792188 -2.50680468256 -0.186068517857 -789.621 1585.242 -2.10688e-05
1765.7768727 -2.50315433018 -0.211923729533 -766.747 1539.494 -1.11352e-05
1563.46073643 -2.38064651076 -0.185032416018 -770.226 1546.452 -5.44223e-07
1644.90810262 -2.24821718747 -0.179481472364 -821.085 1648.17 -2.77688e-05
1756.96193561 -2.10745030094 -0.175514061173 -811.665 1629.33 -2.23162e-05
1762.49954134 -2.51004990334 -0.1903876929 -896.514 1799.028 -4.44095e-05
1516.92267299 -2.74652319049 -0.213408414775 -716.804 1439.608 -7.97849e-06
1577.89954555 -2.10094268806 -0.172513286025 -743.377 1492.754 -5.46088e-06
1552.29421043 -2.36355540236 -0.175404498676 -808.264 1622.528 -0.000808252
1535.03134892 -2.228089276 -0.174840043967 -784.216 1574.432 -1.9739e-05
1986.87801333 -2.67734544902 -0.219616978662 -851.338 1708.676 -1.38858e-05
2080.84085948 -2.92188563575 -0.249364788426 -845.28 1696.56 -1.94945e-05
1864.28384908 -2.44342989581 -0.200165559815 -836.455 1678.91 -1.90739e-05
1932.35111711 -2.55041546784 -0.205722602857 -884.145 1774.29 -7.14649e-06
2148.03043004 -2.27551415301 -0.207933277397 -833.451 1672.902 -2.14319e-05
1841.69759697 -2.22892102578 -0.200697984428 -744.211 1494.422 -1.07143e-05
1629.907701 -2.38971115591 -0.186912288561 -802.278 1610.556 -6.62887e-06
1581.78308641 -2.09258514053 -0.164790429603 -816.953 1639.906 -1.08064e-05
1632.6315329 -2.67543681013 -0.197576446642 -845.501 1697.002 -2.12525e-05
1626.39531476 -2.70751171804 -0.211476028296 -766.002 1538.004 -8.80284e-06
1760.07342063 -2.31157406576 -0.179203749951 -905.881 1817.762 -5.37429e-06
1633.9849849 -2.47920540504 -0.18554434036 -849.875 1705.75 -6.20006e-05
1927.41008909 -2.52020396653 -0.213107308016 -802.29 1610.58 -1.65971e-05
1677.27970256 -2.29382177826 -0.176699896045 -866.615 1739.23 -1.77017e-05
1576.53912163 -2.26900210074 -0.17239802407 -822.083 1650.166 -3.74895e-05
1777.05448554 -2.21212600314 -0.183817309584 -816.506 1639.012 -7.8697e-06
1675.9317568 -2.47301339878 -0.203089434709 -750.918 1507.836 -0.000153981
1795.1929013 -2.30801196503 -0.178097170266 -892.41 1790.82 -8.05955e-06
1860.02091356 -2.22197668432 -0.180976583295 -871.279 1748.558 -2.36498e-05
1688.12354274 -2.26699998457 -0.198107279418 -725.669 1457.338 -3.43599e-05
1665.7558414 -2.24947331461 -0.195079662307 -720.471 1446.942 -7.58153e-06
1578.77821142 -2.33759172837 -0.172935023676 -870.275 1746.55 -2.48415e-05
1669.37179282 -2.0762604615 -0.167730973382 -821.729 1649.458 -3.3266e-05
1763.46188887 -1.93142651707 -0.184512160122 -675.971 1357.942 -1.60015e-06
1621.62447158 -2.56172648967 -0.204550487055 -741.82 1489.64 -1.49761e-05
1633.40589977 -2.63966114898 -0.201531777016 -791.528 1589.056 -1.89715e-05
1722.73590125 -2.39657434136 -0.196720647085 -773.685 1553.37 -5.93322e-05
1793.74412575 -2.28357530011 -0.188167696261 -817.913 1641.826 -5.8619e-05
1341.72425958 -2.4351021423 -0.181955693398 -704.233 1414.466 -6.53366e-05
1437.65807898 -2.26427791916 -0.166764250843 -807.793 1621.586 -1.70636e-05
1950.66121689 -2.56828779387 -0.208258744853 -874.916 1755.832 -3.57519e-05
1527.95689988 -2.36439961431 -0.179647449729 -810.793 1627.586 -2.49181e-05
1818.33737539 -2.01693045161 -0.174958217216 -813.651 1633.302 -3.93461e-05
1460.8329755 -2.25740728672 -0.168086108616 -795.995 1597.99 -1.52835e-06
1737.80297457 -2.29493466392 -0.173994602021 -936.121 1878.242 -5.10768e-05
1526.96967975 -2.71563393732 -0.204454133774 -764.368 1534.736 -3.5957e-06
1819.5157569 -2.22966567698 -0.195371097288 -765.66 1537.32 -6.29519e-07
1737.94467428 -2.52161179957 -0.192344421882 -836.794 1679.588 -1.50082e-06
1629.1929094 -2.08474637794 -0.167019847671 -809.055 1624.11 -9.73363e-07
1724.59775191 -2.35676585547 -0.18753852212 -803.437 1612.874 -7.94785e-05
1967.05854517 -2.36119465979 -0.207679257735 -776.636 1559.272 -0.000220864
1450.02372102 -2.0898074318 -0.163075554029 -749.19 1504.38 -6.47807e-06
1540.30928091 -2.52640607608 -0.179868924225 -866.455 1738.91 -8.04184e-05
1668.14395631 -2.6089902723 -0.186740712941 -929.73 1865.46 -8.38098e-07
1381.47514244 -2.24529868405 -0.171456404237 -745.212 1496.424 -2.37655e-05
1735.03981641 -2.54578820168 -0.203588695473 -796.94 1599.88 -8.83716e-05
1843.60849138 -2.0966310568 -0.177949140863 -813.37 1632.74 -8.27286e-05
1720.50534926 -2.36751942636 -0.184348597294 -851.898 1709.796 -5.84946e-06
1742.42392112 -2.36082319557 -0.186998398294 -843.912 1693.824 -1.36406e-05
1999.67325447 -2.69426420222 -0.224844263118 -858.741 1723.482 -9.87229e-05
1857.6935185 -2.53049821615 -0.209723337677 -819.583 1645.166 -0.000121956
1398.66275603 -2.38256753715 -0.165080566068 -851.414 1708.828 -1.15857e-05
1506.32258292 -2.43600210442 -0.185072707691 -769.842 1545.684 -1.62165e-06
1300.9652972 -2.38953106912 -0.171755126421 -740.926 1487.852 -9.47461e-05
1577.49645172 -2.14917393651 -0.160394327163 -872.94 1751.88 -9.51018e-05
1601.52885385 -2.32691693451 -0.180791866151 -808.197 1622.394 -1.45705e-06
1668.66371274 -2.47367734209 -0.198247778534 -774.941 1555.882 -6.40672e-06
1661.9671826 -2.85246244183 -0.217780815059 -786.734 1579.468 -1.31336e-05
1763.22837324 -2.08403125615 -0.180625423152 -781.558 1569.116 -8.31828e-06
1613.53344418 -2.24198742316 -0.17007274304 -852.075 1710.15 -8.00878e-06
1875.10818458 -2.75937889655 -0.223919603028 -833.279 1672.558 -0.000159371
1495.8924745 -2.26041487155 -0.17236820689 -784.522 1575.044 -6.35392e-06
1534.24824535 -2.29648541802 -0.172455099212 -828.167 1662.334 -2.30642e-05
1687.07541212 -2.54097089716 -0.201814243303 -794.222 1594.444 -8.28572e-07
1603.15480129 -2.07043942171 -0.169734156144 -763.188 1532.376 -3.03963e-06
1551.80956356 -2.28900043294 -0.182156475331 -767.028 1540.056 -2.24939e-05
1587.48259039 -2.23677373295 -0.182070615271 -735.432 1476.864 -6.85773e-05
1901.92763454 -2.49888883541 -0.208479898743 -834.142 1674.284 -7.34113e-05
1599.75062194 -2.16909935425 -0.167916086921 -830.775 1667.55 -9.67149e-05
1751.10358408 -2.26491648884 -0.184465993726 -814.757 1635.514 -2.14887e-06
1740.85845933 -2.38679477338 -0.184043236658 -873.908 1753.816 -0.000448181
1441.00919298 -2.65693444995 -0.198570360629 -720.448 1446.896 -9.93212e-05
1417.52439972 -2.42325057874 -0.20158496286 -606.484 1218.968 -2.03342e-05
1917.53387376 -2.49027276669 -0.213958593126 -789.783 1585.566 -5.76947e-05
1657.75738677 -2.13740500567 -0.176345774749 -803.31 1612.62 -5.02622e-05
2098.586764 -2.18549212241 -0.190075440547 -882.283 1770.566 -3.78821e-05
1690.21748869 -2.25066348902 -0.167407584697 -913.401 1832.802 -7.32565e-06
1922.36606238 -2.78330561492 -0.225631179935 -853.53 1713.06 -1.33881e-05
1462.72910321 -2.36976507309 -0.180195394334 -763.515 1533.03 -6.51602e-05
1609.80238599 -2.42053053226 -0.188983748522 -780.774 1567.548 -3.4886e-05
1861.46793232 -2.15645293367 -0.176788049948 -871.181 1748.362 -9.02098e-07
1464.15410072 -2.3830241497 -0.175324057179 -788.547 1583.094 -4.40588e-05
1594.64106022 -2.06279454354 -0.169159936445 -749.185 1504.37 -4.90605e-05
2019.73571326 -2.65969565834 -0.231770971753 -796.227 1598.454 -1.13525e-05
1671.07775737 -2.03571522575 -0.165279223589 -822.14 1650.28 -1.6326e-05
2041.71395073 -2.21640556902 -0.192769882143 -886.021 1778.042 -1.10177e-05
1676.534293 -2.19033782461 -0.171624022658 -850.803 1707.606 -7.20587e-05
1914.17073439 -2.35582851662 -0.199957155121 -814.014 1634.028 -1.523e-05
1622.38536386 -2.23240545047 -0.172423951296 -836.384 1678.768 -1.65628e-05
1771.28075129 -2.19873103151 -0.186841035486 -788.201 1582.402 -7.13454e-07
1886.69541611 -1.97209708498 -0.172709534407 -834.37 1674.74 -1.17242e-05
1691.20910411 -2.31038934443 -0.186894730515 -818.917 1643.834 -2.64549e-05
1798.62142188 -2.40463840402 -0.193365716199 -837.055 1680.11 -6.40745e-05
1584.70441008 -2.31207363079 -0.177597506916 -813.66 1633.32 -2.46867e-05
1537.10701146 -2.52710251468 -0.186146370022 -822.451 1650.902 -2.0114e-05
1788.0028468 -2.32774164547 -0.192917432442 -809.893 1625.786 -1.87737e-08
1619.98382102 -2.07242320065 -0.179855688118 -705.617 1417.234 -9.07637e-05
1478.59370329 -2.37560147991 -0.182398786101 -737.599 1481.198 -1.24786e-05
1885.62221783 -2.48333272787 -0.207956345684 -809.312 1624.624 -2.42196e-05
1370.8911405 -2.25990588872 -0.159704071849 -824.658 1655.316 -0.000183848
1530.46456853 -2.35561484066 -0.188251682779 -719.933 1445.866 -2.39377e-06
1767.85472238 -2.36094185903 -0.189869644351 -842.865 1691.73 -1.08699e-05
1901.7744523 -2.25977221842 -0.190270960962 -842.46 1690.92 -0.000322711
1522.10960704 -2.14032634373 -0.154284623127 -890.386 1786.772 -2.71959e-05
1614.21451741 -2.29143125692 -0.182122305259 -771.069 1548.138 -1.04042e-05
1556.19945978 -2.18821413631 -0.16747496998 -823.909 1653.818 -2.0746e-05
1709.72823962 -2.32713887531 -0.184037257258 -827.546 1661.092 -0.000164624
1540.56585642 -2.48555344831 -0.182863859109 -828.507 1663.014 -1.15839e-05
1829.00587624 -1.97788909053 -0.165475307422 -845.794 1697.588 -4.02224e-06
2042.60897499 -2.2303929338 -0.197042306922 -854.021 1714.042 -0.000195156
1715.69035539 -2.46728007367 -0.198583955896 -801.598 1609.196 -4.79904e-05
1687.83329954 -2.38940037396 -0.181934008654 -863.236 1732.472 -6.44986e-05
1955.19325147 -2.5276442661 -0.205814626722 -861.921 1729.842 -1.28405e-05
1698.41115031 -2.39449659036 -0.198286086834 -755.195 1516.39 -8.9687e-05
1719.8905178 -2.44319855199 -0.199656466293 -777.658 1561.316 -0.000110845
1546.05909328 -2.16034017739 -0.16554886091 -811.877 1629.754 -1.17936e-05
1685.85541498 -2.21952996075 -0.173135402148 -854.342 1714.684 -0.000109459
1358.22969372 -2.18874608203 -0.164114837092 -745.357 1496.714 -0.000121776
