"D" "sigma" "z" "sigmatoa" "logLik" "AIC" "maxgrad"
1825.85212833 10.1818008304 5.11315617633 0.00191968959596 698.092 -1388.184 -0.0110245
1518.0187939 10.0932394557 4.23003302701 0.00198043927353 505.173 -1002.346 -0.000156859
1365.51050526 10.5328756237 4.51001534865 0.00196205396562 626.301 -1244.602 -4.79213e-05
1544.79023605 10.1303988553 4.19579774474 0.00226768168043 677.972 -1347.944 -0.0444688
1375.835947 10.8158086413 4.00758524377 0.00173771841243 597.801 -1187.602 -6.85234e-06
1656.13267678 10.5573329247 5.20907971242 0.00187238576008 835.577 -1663.154 -0.000307048
1312.67486119 10.0334780435 3.82766363287 0.00195029042981 517.351 -1026.702 -0.000248953
1276.27538064 10.5168023569 3.93926562511 0.00181585219504 703.367 -1398.734 -7.7633e-05
1334.38334367 10.7468404661 4.32680997601 0.00203231722613 569.915 -1131.83 -0.000197173
1623.9937023 10.5777106507 4.35531046917 0.00194596140992 680.177 -1352.354 -5.4027e-05
1569.70249141 11.0834826504 4.75928502806 0.00194392506224 855.499 -1702.998 -0.000297546
1655.30380266 10.4004658643 4.80368043998 0.00197214464979 519.991 -1031.982 -0.000214128
1373.60044461 10.541255241 4.37227325086 0.00208452655576 590.161 -1172.322 -0.00736608
1526.64878965 10.3705798248 4.48537988084 0.00201280298192 475.188 -942.376 -1.57931e-05
1526.24962334 10.6232448944 4.63737851475 0.00202785992815 603.6 -1199.2 -0.00109035
1806.88123945 9.92072054844 4.3275861036 0.00194566734718 603.54 -1199.08 -0.00024812
1414.50003944 10.713478163 4.90394363991 0.00195177068664 496.173 -984.346 -6.31761e-07
1666.88873464 10.5745368597 4.50940295263 0.00192946877327 781.379 -1554.758 -3.88064e-06
1383.2049048 10.1975036578 4.27699573625 0.00197747092338 571.656 -1135.312 -0.00216835
1680.93765539 10.7570346643 5.14042855098 0.00199196028956 656.223 -1304.446 -1.05327e-05
1387.98170789 11.4219702787 4.43821789693 0.00189787054891 760.867 -1513.734 -2.93539e-05
1446.38130134 10.9570596195 4.57347669748 0.00171609925492 625.598 -1243.196 -6.58023e-05
1556.70605396 10.3623126619 4.31397427982 0.00180761492707 653.892 -1299.784 -0.000508309
1509.83814167 10.4105810128 4.24116899423 0.00192097004465 609.107 -1210.214 -0.000669889
1669.99787115 10.337389423 4.80174896565 0.00203864796208 806.443 -1604.886 -0.000171813
1362.52434998 10.8810332531 4.53351236741 0.00197167151928 571.889 -1135.778 -0.00753098
1645.35005801 10.1603144265 4.9412548309 0.00188200215065 425.575 -843.15 -3.19676e-06
1587.6378338 10.5880774691 4.43156192367 0.00206261256702 622.722 -1237.444 -7.67456e-05
1389.42656226 10.8607724792 4.47510344269 0.00183914834744 604.911 -1201.822 -0.00202185
1541.48940943 9.91462603726 4.32539317524 0.00208107096128 621.23 -1234.46 -4.02534e-05
1772.34013589 10.4417129539 4.88026745385 0.00197448152233 592.759 -1177.518 -0.000131838
1531.51628939 10.2987303355 3.83631811985 0.00195073938917 713.2 -1418.4 -3.70114e-05
1615.04109583 10.5145245348 4.46610477881 0.0019889394742 830.878 -1653.756 -0.00048539
1474.46050288 10.8529895017 4.81291742362 0.0019611016458 792.863 -1577.726 -0.000103745
1493.37843478 10.680380491 4.31378367521 0.00174763425015 674.285 -1340.57 -6.2442e-05
1475.65323808 10.3447072827 4.50095439733 0.00211594289629 544.508 -1081.016 -0.000427522
1638.96664933 10.2627806851 4.5042183761 0.00186390522776 621.347 -1234.694 -0.000126332
1532.28526616 10.669727147 4.69939526988 0.00172677632497 643.23 -1278.46 -6.08954e-05
1487.61678078 10.6339522098 4.97360859169 0.00213444413048 534.833 -1061.666 -0.000240202
1707.09498372 10.7798343838 4.97786645655 0.00187985054616 783.046 -1558.092 -0.00131401
1647.17382656 11.030431686 4.97111586019 0.00167348952321 685.685 -1363.37 -6.22574e-05
1385.56350467 10.3864643093 4.07262313661 0.00186689890597 560.136 -1112.272 -7.66326e-05
1344.42714355 10.4679909888 4.1524299448 0.00220717764782 554.78 -1101.56 -1.47012e-05
1430.85505992 10.2803398088 3.99449736166 0.00176993464347 611.025 -1214.05 -3.67108e-06
1625.42127244 10.4071548052 4.43969707191 0.00189355704745 646.468 -1284.936 -0.0134913
1680.65537376 10.6100668103 4.79819053804 0.00208154710412 617.217 -1226.434 -5.64568e-05
1553.47797942 9.92564502612 3.95960017686 0.00166908206701 537.237 -1066.474 -3.97424e-05
1443.44551649 11.012086393 5.13439936843 0.00212696373937 480.89 -953.78 -0.000178845
1492.74018273 10.3333946848 4.77608291813 0.00201829425529 511.035 -1014.07 -0.0009262
1598.61397604 10.2716527621 4.40186853937 0.00204302410441 633.119 -1258.238 -0.000126044
1643.11322232 9.58417526611 4.32295851679 0.00206950411341 704.452 -1400.904 -0.000339764
1616.2120982 10.1660592977 4.31551900112 0.00208058365851 606.769 -1205.538 -0.0550669
1864.27423408 9.82244485514 4.41010409029 0.0019836138282 615.121 -1222.242 -3.59862e-05
1624.19725414 10.2733253729 4.96585316362 0.0020684568752 600.474 -1192.948 -5.42791e-06
1752.17518971 9.96677261387 4.36607884745 0.00195898136185 841.331 -1674.662 -0.00400385
1729.17330802 10.6198121661 4.64159157674 0.00174130125451 918.153 -1828.306 -6.25843e-06
1911.58106142 9.48157241604 4.09753264195 0.00213143912021 651.683 -1295.366 -0.00827172
1417.28548754 10.3461719446 4.18770633752 0.00179742168645 661.584 -1315.168 -1.21986e-05
1649.60963237 10.0578975698 4.6618103737 0.00192922918043 589.118 -1170.236 -0.00100833
1493.90995054 11.1832682807 4.48407601196 0.00185278215212 887.849 -1767.698 -0.0082901
1836.52013528 10.0955902242 4.4666944749 0.00183755647507 677.466 -1346.932 -3.79218e-07
1759.5661065 10.1687759082 4.54781500204 0.00195492241317 672.272 -1336.544 -0.000987726
1507.64076969 10.5017850628 4.78428995225 0.00195425649472 643.528 -1279.056 -8.02749e-06
1697.46523178 11.1641720621 5.23459464902 0.00216693959856 802.693 -1597.386 -8.85299e-05
1599.36757304 10.4020314484 4.70008259282 0.00173070311452 738.75 -1469.5 -3.58147e-05
1352.39916619 11.245023818 4.56680274811 0.00201341682925 699.936 -1391.872 -4.83922e-06
1608.09270871 9.78470973324 4.41635262147 0.00214826840516 611.911 -1215.822 -0.00630824
1212.59169699 11.1015552602 4.54081862965 0.00196949563367 639.202 -1270.404 -0.000149671
1514.45324345 10.316357867 4.13406833627 0.00176612807767 866.03 -1724.06 -0.000259411
1560.00447676 10.1610950504 4.48401830534 0.00199352163759 920.5 -1833 -2.96011e-05
1423.683871 10.6623252271 4.27672708486 0.00181248407243 745.125 -1482.25 -9.04336e-06
1627.89110746 10.8067263074 4.85049389475 0.00206883448503 653.904 -1299.808 -0.000453293
1619.29054959 11.3486372266 5.01280750638 0.00187942777038 828.357 -1648.714 -0.00943424
1433.18983741 11.4080599228 4.65146130557 0.0019021192165 692.906 -1377.812 -4.09525e-05
1461.50632428 11.3018128498 5.17490820174 0.00213384750686 700.297 -1392.594 -0.000332197
1489.58140609 10.568526107 4.16733800386 0.00200877906955 586.269 -1164.538 -9.50774e-06
1449.64121686 10.6278771749 4.65615545341 0.0018778880864 648.401 -1288.802 -3.2128e-05
1534.53190035 10.0124333325 4.12478970047 0.00197294287984 683.564 -1359.128 -0.000261674
1660.3800072 10.267106154 4.48776562577 0.00189574760353 631.195 -1254.39 -0.000578288
1560.82999475 9.88071521245 4.15053846384 0.00176904008402 718.889 -1429.778 -1.15203e-07
1721.80692644 10.8404181678 5.12828365115 0.00190026952789 618.051 -1228.102 -0.00625346
1565.19244217 10.7687532067 4.80880807727 0.00197341870317 622.273 -1236.546 -3.01841e-05
1573.39031972 9.78897930738 4.287730944 0.00192098482155 570.764 -1133.528 -4.42068e-06
1716.59199869 10.4778915487 4.59535191824 0.00191392893988 701.349 -1394.698 -6.05237e-06
1856.74276126 10.2969399981 4.94448052123 0.00186767381859 829.307 -1650.614 -8.59274e-06
1584.72316409 10.2218007314 4.32113500562 0.00173304491001 574.515 -1141.03 -0.00103736
1325.5261315 10.2708390627 4.02642336888 0.0018090194628 651.857 -1295.714 -0.000432475
1522.41455394 10.996417601 4.8340440086 0.00197215209134 751.825 -1495.65 -1.73695e-06
1761.46132249 9.85781911383 4.59169537793 0.00180000105451 848.696 -1689.392 -10626.4
1270.04342287 10.8373367225 4.5665904989 0.00185973128746 440.466 -872.932 -0.000240507
1578.52706173 9.98876917816 4.12114551939 0.00192347689772 758.799 -1509.598 -5.87319e-05
1240.42121129 10.8422054388 4.70280454057 0.0016577708483 591.431 -1174.862 -9.66817e-05
1187.70257827 10.5742956651 3.97167254686 0.00168501507298 422.095 -836.19 -4.51367e-05
1504.64751151 10.8375516591 4.87124983229 0.00197142357753 690.708 -1373.416 -0.000344647
1461.82590747 10.3904767096 4.17689324657 0.0019288044774 644.193 -1280.386 -4.41052e-07
1573.56792401 10.3179710497 4.68855423094 0.00201729522899 628.987 -1249.974 -7.23952e-05
1489.32440784 10.1324650326 4.03540164493 0.00192370391615 800.996 -1593.992 -0.00140338
1642.68069469 10.5000361515 4.9318836503 0.00199774521763 589.164 -1170.328 -0.00764065
1578.39656086 10.6576526706 4.63606744425 0.00174796285503 631.274 -1254.548 -4.49723e-05
1306.473097 10.2628283506 3.81532065794 0.00208551945184 674.733 -1341.466 -1.39951e-05
1523.15020795 10.7557239025 4.46899984279 0.00191325215951 741.057 -1474.114 -0.000254505
1587.07312853 10.0141479971 4.86782857862 0.00206661293174 548.531 -1089.062 -2.37362e-06
1298.9355934 10.8122571117 4.42930781305 0.0017583990147 591.869 -1175.738 -0.00017908
1648.18935345 9.72738540423 3.8662089652 0.00202989866309 727.431 -1446.862 -0.000138973
1504.15941233 10.9669001457 4.95864870243 0.00207224694741 810.497 -1612.994 -0.00206873
1417.98555801 10.3486212582 4.19161908305 0.00184727173991 776.267 -1544.534 -0.0910811
1549.33093184 10.7565917868 4.68369471993 0.00198496722765 648.31 -1288.62 -4.46275e-05
1840.08952318 10.3765837426 5.19745601327 0.0016520244474 602.445 -1196.89 -8.17663e-06
1475.1244808 10.7478349994 5.0948762729 0.00182317905135 629.784 -1251.568 -0.00127451
1642.43426137 10.7038813467 4.61839140887 0.00179595755675 628.789 -1249.578 -7.55368e-05
1380.37278707 9.9933740505 4.17029231908 0.00188804007437 593.586 -1179.172 -9.75088e-06
1484.43625091 10.0886135805 4.43076056125 0.0017286110972 499.17 -990.34 -3.69279e-05
1327.52242662 9.8835715383 4.01321519776 0.00181185982073 672.582 -1337.164 -0.00569955
1483.46650926 10.696835737 4.6357228158 0.00202709640718 680.047 -1352.094 -4.47956e-06
1564.95306152 10.4183515008 4.61219637642 0.00195315018195 586.644 -1165.288 -0.000295763
1557.22614645 10.8134499666 4.90028314475 0.0017112611088 551.67 -1095.34 -0.000549782
1445.98066001 10.8497338612 5.39524150658 0.00193135056268 593.383 -1178.766 -0.000145197
1459.75496981 9.97958389765 3.9831252932 0.00192329844031 679.781 -1351.562 -0.00113663
1454.9315824 10.8108174823 4.25612180529 0.00184654339244 576.519 -1145.038 -0.000261359
1482.49002916 11.0001906968 4.64938653875 0.00179567931336 642.416 -1276.832 -9.35734e-05
1616.30953541 9.97617851556 5.02063578816 0.00182595941737 727.064 -1446.128 -0.000516729
1562.43545818 10.3206233487 4.49989902675 0.00189478824173 491.492 -974.984 -6.12822e-08
1310.14097633 11.4447123787 4.86930333184 0.0023317134208 499.838 -991.676 -2.07697e-05
1458.95721938 11.0175499432 4.75007105184 0.0017644943309 762.017 -1516.034 -1.99386e-06
1343.6497285 11.094775116 4.4690340159 0.00181056923956 749.299 -1490.598 -0.000248418
1654.79813896 10.7657368731 4.78780618752 0.00204822589384 772.948 -1537.896 -0.0161355
1635.08546156 10.4974321171 4.73474448631 0.00173146262212 619.455 -1230.91 -0.00756326
1788.61439335 10.4094561498 4.55296648179 0.00196958087655 725.484 -1442.968 -8.13567e-05
1511.02901564 10.1889588014 3.84374367463 0.00190737924198 615.752 -1223.504 -0.00100225
1458.03016418 10.7690587142 4.31964341074 0.00206798597247 701.05 -1394.1 -0.000818857
1525.93057003 10.666905181 4.30862537082 0.00187488028494 712.271 -1416.542 -0.00355492
1439.56901276 10.5763635033 4.18967591201 0.00220918298755 737.248 -1466.496 -3.63881e-05
1613.67712502 10.8381365205 5.63398898315 0.00199393785373 577.441 -1146.882 -0.000557101
1371.89792373 10.3803619904 3.81592949343 0.00200208919197 686.292 -1364.584 -0.000488314
1382.93026021 10.2599644778 3.96795786936 0.00172479413463 574.827 -1141.654 -0.00119367
1627.7938376 10.447112912 4.71532380659 0.00218522750042 695.886 -1383.772 -8.2194e-05
1360.79723358 10.1215688264 3.89322278502 0.00219533322 578.848 -1149.696 -0.000116379
1304.23166019 10.2803258696 4.00377459767 0.00194950299085 545.747 -1083.494 -0.00524519
1554.54352756 10.2736560379 4.3480149712 0.00199467860235 613.321 -1218.642 -0.000121906
1578.62751155 10.5052595508 4.82016070028 0.00184002767703 632.559 -1257.118 -0.000156239
1357.44477622 10.6337399112 4.78994955072 0.00186413156569 444.386 -880.772 -0.00463424
1554.24138474 10.1334919239 4.72731014622 0.00200929456042 624.371 -1240.742 -2.66696e-05
1650.86078865 10.4115364195 4.71786435096 0.002053597399 579.375 -1150.75 -9.57949e-05
1436.95421626 10.0658191944 4.20828185441 0.00207553160202 618.057 -1228.114 -5.73643e-05
1553.64172757 10.3888449493 4.18532372954 0.00187998778821 613.061 -1218.122 -8.18297e-05
1693.35631953 10.3419676344 4.70890092844 0.00191938639596 757.172 -1506.344 -2.25987e-05
1629.33130241 10.8588812547 4.77248685336 0.00201806493307 648.729 -1289.458 -8.31125e-05
1714.0348174 10.0665470366 4.79669896754 0.00211368197305 701.872 -1395.744 -0.00501362
1606.64606883 10.5899053778 4.86981278871 0.00205529300156 757.231 -1506.462 -0.00038749
1418.241434 10.5905812964 4.33798921145 0.0019105522208 607.447 -1206.894 -6.22572e-05
1465.2167558 11.2085698857 5.16794405872 0.00208069621082 793.321 -1578.642 -0.00135977
1567.3856763 10.6299451908 4.7230033548 0.00192833883484 733.864 -1459.728 -0.00202127
1860.90756964 9.70527951609 4.56023807296 0.00212370852883 784.905 -1561.81 -0.0319912
1696.65307818 10.2467106426 4.45647082234 0.00190114403513 653.374 -1298.748 -6.75774e-05
1492.05351724 10.883641539 5.3288056917 0.00188203059866 640.87 -1273.74 -1.93005e-05
1595.34949122 10.3953906176 4.27613752519 0.00219683338296 805.38 -1602.76 -0.00726749
1454.45843451 10.5368436054 4.21120175708 0.00178434170117 649.418 -1290.836 -0.00833036
1510.24787567 10.5830717849 4.38512247653 0.0019870440897 704.181 -1400.362 -0.000165766
1633.9888901 10.6455007777 4.73176476646 0.00206516534336 624.846 -1241.692 -0.000227352
1648.7749981 10.5962919872 4.71885113247 0.00206847786254 462.593 -917.186 -0.000366185
1779.3357765 10.5200379698 4.77439459386 0.00178452381704 763.384 -1518.768 -0.000322878
1488.26833802 10.386993724 4.45762305202 0.00175485507553 645.774 -1283.548 -2.44122e-05
1535.24659035 10.7282616701 4.73451694057 0.00192846543582 779.507 -1551.014 -4.6847e-05
1599.06912044 10.4347376721 4.7012004942 0.00199211694656 657.169 -1306.338 -0.000198738
1393.39268318 11.1289415876 4.87086432566 0.00180175676552 690.472 -1372.944 -6.37348e-07
1496.53401816 10.3951893061 4.59390922939 0.00196326388208 548.057 -1088.114 -5.64383e-05
1434.77006419 10.7939756231 4.50096098094 0.00205650437989 844.312 -1680.624 -0.000458435
1668.28904947 10.3080626433 4.82294147145 0.00194262642799 643.068 -1278.136 -1.55748e-05
1735.63145534 10.2674388581 4.62072459662 0.00192373328567 795.584 -1583.168 -0.00270152
1519.40106913 10.9985201881 5.05907123016 0.00192586903237 518.321 -1028.642 -2.58565e-05
1698.50445028 11.0978824848 5.17050791144 0.00193044554365 789.532 -1571.064 -2.36144e-06
1591.85921838 10.6081035998 5.20284019875 0.00201160911082 600.619 -1193.238 -3.22264e-07
1463.43469839 10.9230251622 4.68977342298 0.00198427031099 879.821 -1751.642 -0.000208666
1667.21412944 10.6976468338 4.99126253158 0.0019604032812 719.685 -1431.37 -4.34629e-05
1334.5324796 11.2987019319 4.50883647944 0.00174737469889 684.253 -1360.506 -0.00369323
1610.68456845 10.4842557753 5.15837683037 0.00182690427235 525.769 -1043.538 -4.22545e-05
1526.88859715 10.2974377845 4.54999767267 0.00191926445656 656.184 -1304.368 -1.99433e-05
1417.3575361 10.6228963055 4.60287268744 0.00175499520139 669.088 -1330.176 -1.33885e-05
1551.92789022 10.4894521976 4.62313649567 0.00177304132903 596.873 -1185.746 -0.000257627
1572.54229162 10.4471397364 4.28205243462 0.00189809850058 825.997 -1643.994 -6.90394e-08
1470.34722829 10.5385806472 4.66453633772 0.001901060639 662.71 -1317.42 -5.75179e-06
1419.3664958 10.5684613096 4.46583295589 0.00212411996714 588.094 -1168.188 -0.00606868
1521.42236546 10.6388932037 4.42034507987 0.00200552881704 691.126 -1374.252 -1.44371e-05
1537.80546984 10.8020478104 4.67732226134 0.00197714512938 634.403 -1260.806 -7.0602e-05
1605.79516688 10.0240689392 4.22322957056 0.00197564571599 609.461 -1210.922 -2.04404e-05
1458.44447266 10.7413069041 4.22132245763 0.00174906352798 696.268 -1384.536 -6.88069e-06
1631.45741719 10.4284952434 4.99586947065 0.00198050020433 667.85 -1327.7 -0.000442643
1467.94370707 10.9458550415 4.55080923866 0.00193273873718 636.405 -1264.81 -0.000543838
1438.71873352 9.98965636655 4.07990038142 0.001845830624 532.609 -1057.218 -3.42618e-06
1591.31970059 10.7655563796 4.72472285659 0.00172627587974 778.272 -1548.544 -0.000967749
1610.3927668 10.4245444637 4.2643683832 0.00203618740376 726.487 -1444.974 -0.0127805
1595.18543709 10.4597501425 4.55934464232 0.0016297263185 691.833 -1375.666 -0.000386505
1435.39653505 10.2877445213 3.92449989873 0.00245344804562 507.037 -1006.074 -1.34824e-05
1611.61296262 10.6698209244 4.71962610259 0.00196418753048 739.674 -1471.348 -1.85334e-05
1700.32571125 10.143376408 4.14419492677 0.00190624884714 622.798 -1237.596 -5.64958e-05
1661.07292438 11.2404681489 5.51320401463 0.00207791745398 595.098 -1182.196 -0.00430865
1607.98130982 10.5248492652 4.40847174975 0.00181915237526 583.947 -1159.894 -0.000917781
1791.74148509 10.6442513376 4.88207829794 0.00196887589904 880.879 -1753.758 -0.00309812
1462.79216511 10.7472866301 4.47495197434 0.00201640195403 713.613 -1419.226 -2.65781e-05
1406.5775485 11.169566329 5.00213786215 0.00164917344248 763.578 -1519.156 -3.72017e-07
1577.1674762 10.4596215157 4.28527386125 0.00178179828008 556.859 -1105.718 -1.11619e-05
1291.34016115 10.6174177169 4.06840153267 0.00162520538816 612.735 -1217.47 -0.00134779
1768.04460973 9.81623992379 4.50753597203 0.00180000030158 633.997 -1259.994 -11556
1518.33097605 10.0080982594 4.70459897111 0.00217831411837 439.085 -870.17 -2.65932e-05
1353.03494265 10.7955086589 4.08842807798 0.00189655967416 654.397 -1300.794 -0.000276756
1459.32753908 10.9772230191 4.51882332443 0.001910102356 650.5 -1293 -5.26703e-05
1689.40776031 10.7629883771 5.09087197421 0.00189528920731 632.537 -1257.074 -0.00166813
1571.07258817 10.0643028366 4.33250620337 0.00193587416134 426.788 -845.576 -9.49222e-05
1426.31170637 10.6062574452 4.31106488614 0.00208220381214 663.349 -1318.698 -0.0014289
1612.15803943 10.7467388175 4.95389549355 0.0021539167678 657.098 -1306.196 -6.1618e-05
1594.65125216 10.1101674391 4.08249018485 0.00200117850382 643.141 -1278.282 -7.46206e-05
1692.1834365 10.3555759697 4.32271267421 0.00190736774551 643.766 -1279.532 -7.11229e-08
1820.50657312 10.3627414347 4.98461429881 0.00204103210434 691.295 -1374.59 -0.000133512
1692.16798731 9.66902396172 4.35962977708 0.001860184854 514.588 -1021.176 -2.32928e-05
1386.63284118 11.4144428289 4.82402383469 0.00191136355725 676.461 -1344.922 -0.000193159
1421.81961373 10.8361380819 4.71542898152 0.00194158725152 773.125 -1538.25 -0.000117189
1204.24727933 11.0789529033 4.04307502142 0.00187467807868 717.767 -1427.534 -3.68476e-05
1678.90339169 9.95932367169 4.7325602895 0.00197596301257 546.148 -1084.296 -0.000163229
1880.90019966 9.46167462997 4.77457586024 0.00206871742535 481.265 -954.53 -3.31957e-06
1445.55616349 10.9143767624 4.49018112567 0.00213162977147 696.716 -1385.432 -0.000213166
1650.43061539 10.2247722358 4.60619153191 0.00185988258016 667.553 -1327.106 -0.00464159
1516.27691435 10.0353971444 4.22560485891 0.00203790491803 590.7 -1173.4 -2.33518e-06
1278.55077945 10.2355332206 3.91495064705 0.00174198486257 572.32 -1136.64 -0.000258644
1558.73606807 10.5381077504 4.34325444612 0.00191941103614 640.287 -1272.574 -0.00103191
1438.42742579 11.1067424092 4.93905720135 0.00195703878846 567.563 -1127.126 -0.000282892
1446.9872442 10.9841583861 4.50118907974 0.0021204722178 678.942 -1349.884 -4.87631e-07
1575.45997599 10.8561794855 4.9021857308 0.00201748895934 698.857 -1389.714 -4.93557e-05
1655.57340083 10.3151356159 4.36118189524 0.00189513494933 759.394 -1510.788 -0.0011222
1490.5898638 10.1826691634 4.5800315026 0.00181628550321 575.651 -1143.302 -1.44714e-05
1316.31247593 11.1766010404 4.49194444565 0.00191613593618 762.282 -1516.564 -3.61493e-05
1577.33981027 10.0632388182 3.90829273767 0.00168954965638 561.741 -1115.482 -0.000225784
1724.80351891 10.2253790976 4.44233916516 0.00166750899582 748.992 -1489.984 -0.000950227
1418.3228195 10.7020241647 4.03415377743 0.00193109689194 708.239 -1408.478 -3.37616e-05
1574.71273841 10.9312319777 4.72582729876 0.00187063132751 685.624 -1363.248 -2.57645e-05
1215.19169115 9.98239088097 3.72693397423 0.00200478385491 699.915 -1391.83 -0.0022631
1620.02009184 10.6248684175 4.95823595895 0.00184989156843 684.578 -1361.156 -1.19667e-06
1542.79532551 10.0400968549 4.60167144214 0.00177290492849 456.325 -904.65 -0.00118458
1489.19638696 10.9480111777 4.76290588013 0.00212322478098 664.733 -1321.466 -0.000407282
1736.68733871 10.1425459549 5.45009806955 0.00190686928432 432.943 -857.886 -4.1019e-05
1343.67537933 10.3752393307 4.07012293348 0.00191949223605 511.045 -1014.09 -0.00107262
1494.31150185 10.6341731968 4.50336082845 0.00201814238474 624.621 -1241.242 -6.82271e-05
1481.11533109 10.6213604415 4.35747706421 0.00186743386513 697.027 -1386.054 -0.000205666
1323.21332508 10.0704665947 4.2347532381 0.00212247712791 693.489 -1378.978 -2.74823e-06
1473.7108504 10.7260550433 4.62151505351 0.00177428483873 585.809 -1163.618 -0.000176948
1367.72566928 11.1377913513 4.70514101628 0.00206328334953 602.747 -1197.494 -0.00786008
1450.98114757 10.2706114169 4.08494017935 0.00193499978382 586.456 -1164.912 -4.34798e-06
1400.96586722 10.2212629625 3.90845320053 0.00187444319526 594.953 -1181.906 -1.75449e-05
1514.12850738 9.89804039055 3.76450927874 0.00174313344631 573.168 -1138.336 -0.00515375
1407.19124492 10.7558916455 5.04451838723 0.00182600454116 623.27 -1238.54 -0.00588575
1591.7656887 10.6103857999 4.59773724014 0.00179942378862 720.716 -1433.432 -1.12789e-05
1556.6859033 10.4249455867 4.58751176839 0.00189652150854 660.529 -1313.058 -0.00436867
1688.354661 10.7430964174 4.86959354709 0.00189492965703 724.792 -1441.584 -9.05381e-06
1516.07965312 10.5328296206 4.36818240509 0.00195139312433 686.441 -1364.882 -5.15805e-05
1573.63343087 10.4749959732 4.56709787232 0.00204129919611 729.94 -1451.88 -0.0010769
1442.52161686 11.3731227458 4.76363280413 0.00199653282422 535.648 -1063.296 -7.61836e-06
1475.0570633 9.77419294867 4.12666879273 0.00183684849812 551.907 -1095.814 -5.66433e-06
1578.95349573 11.1020134146 5.2546949966 0.00194753167304 626.106 -1244.212 -1.35673e-05
1797.97055939 10.3841919505 5.35769922303 0.00211143339031 664.877 -1321.754 -0.000356247
1675.67442309 10.1893860665 4.79589910549 0.00179876300722 599.997 -1191.994 -8.85503e-05
1646.27163067 9.87311382297 3.9656333547 0.00205355249379 713.516 -1419.032 -0.000856298
1563.75210354 9.56495972711 4.22388562861 0.00219188714216 375.988 -743.976 -4.87091e-05
1635.23756272 9.99755103345 4.13696751139 0.00194548783044 692.789 -1377.578 -1.06166e-05
1579.589977 10.0348418056 4.27390185067 0.00182371453723 609.751 -1211.502 -3.14277e-05
1568.30303866 10.3301644173 4.52787241151 0.00215676585158 652.717 -1297.434 -3.22006e-05
1595.90166369 9.66613386092 4.63461658154 0.00199965557438 433.221 -858.442 -3.04311e-05
1596.40882873 11.1208795576 4.7458079432 0.00179924697142 809.215 -1610.43 -9.02237e-05
1493.43089989 9.98581807745 4.33561891457 0.00185930923209 604.541 -1201.082 -0.00120213
1447.56693128 10.1015424245 4.10068035917 0.00215992497826 650.994 -1293.988 -0.0011145
1279.56248073 10.3003171495 3.93706465603 0.00185051926899 636.647 -1265.294 -0.000124653
1674.52565243 10.3370097227 4.63850667643 0.0019726647225 733.307 -1458.614 -0.00261634
1579.23356806 10.3537244429 4.8265716359 0.00190750764345 753.362 -1498.724 -7.94652e-06
1346.12808979 10.992458668 4.55203954787 0.00200552921862 577.565 -1147.13 -0.000297227
1495.23109034 11.2520798565 5.5327807029 0.00184192696438 661.331 -1314.662 -2.31511e-05
1570.43386269 10.2647967566 4.58018037455 0.00201551933608 491.931 -975.862 -0.00268846
1616.46900039 10.3495797251 4.71829423525 0.00207610035316 612.259 -1216.518 -1.52201e-06
1757.0510893 10.3953118715 4.50699162224 0.0019228404893 852.525 -1697.05 -0.00219001
1420.26268279 11.1087908172 4.85738457465 0.00198224872129 570.252 -1132.504 -2.11388e-05
1734.92497957 10.7533973223 5.00837232463 0.00197587019908 728.473 -1448.946 -0.00563807
1473.22453393 10.337395687 4.11894644068 0.00197198969599 671.381 -1334.762 -0.000407474
1351.21758531 10.5725795889 4.33600875396 0.00195026044976 609.278 -1210.556 -1.70698e-06
1502.16365547 9.64532381673 4.18240858083 0.00217722562451 541.677 -1075.354 -0.00274651
1515.17099028 10.6143700847 4.2386095803 0.00188258022596 484.172 -960.344 -1.30917e-05
1141.65407333 11.0514575917 4.17701068709 0.0018916742229 500.92 -993.84 -0.00132317
1529.22153912 10.3731838091 4.49646588132 0.00190065966879 670.067 -1332.134 -0.000371282
1479.67766088 9.98765474395 4.10257356396 0.00184035673008 672.353 -1336.706 -0.000596022
1498.68931564 10.704104324 4.84154855573 0.00187015006033 636.017 -1264.034 -2.38787e-05
1695.70547402 10.1703747879 4.59421280049 0.00203671537361 671.374 -1334.748 -1.48792e-05
1639.02530846 10.1411666591 4.7239004806 0.00198127048211 687.025 -1366.05 -0.00197175
1522.51924457 10.2956497265 4.28278734906 0.00195654403264 606.188 -1204.376 -3.63857e-05
1546.68816791 10.5431236338 4.59796870986 0.0019935185247 559.422 -1110.844 -0.000112038
1517.2966092 10.8561627617 4.77242918692 0.00186241163746 622.679 -1237.358 -2.00425e-05
1471.37247216 11.2660293144 4.85133501408 0.00184899204559 577.373 -1146.746 -3.1752e-06
1438.27893026 10.9481867522 4.91592024575 0.00202927862262 727.283 -1446.566 -0.00017396
1461.29483755 10.9021273935 5.18454298312 0.00182752003447 624.217 -1240.434 -0.00534369
1542.11946612 10.3589487499 4.30679819362 0.00171608618742 565.512 -1123.024 -3.06922e-06
1508.32622484 10.2057589437 4.45999402835 0.00222314645988 472.366 -936.732 -0.00223232
1505.4799069 10.294757451 4.18870542297 0.00192058587117 592.47 -1176.94 -1.79838e-05
1443.35501892 11.1454476963 5.12966516512 0.00209617140427 738.949 -1469.898 -3.9965e-05
1441.19565884 10.2364362551 4.05283323213 0.00195484298858 665.186 -1322.372 -5.85355e-06
1664.00077359 10.0292618596 4.742053829 0.00196874375351 587.117 -1166.234 -7.7241e-05
1297.38291734 10.7911889931 3.99898850927 0.00182103918254 734.333 -1460.666 -0.00057655
1611.4739251 10.3940040147 4.20920639853 0.00203673684954 668.16 -1328.32 -0.000324008
1305.64958897 11.2751676352 5.01949469221 0.00189853679734 667.722 -1327.444 -8.08254e-06
1435.28046322 10.4617810593 4.26253591054 0.00194378933162 811.624 -1615.248 -0.00123695
1357.11871183 11.0008600225 4.21186400968 0.0021367249365 533.853 -1059.706 -5.31799e-06
1779.65689425 9.37092697026 4.25110405398 0.00180000056777 584.962 -1161.924 -12690.6
1654.91419057 11.0258589706 5.44972990272 0.001997716114 805.393 -1602.786 -1.33201e-05
1400.01678781 10.9902059649 4.56541501691 0.0023359853742 625.828 -1243.656 -3.87164e-05
1638.80427032 10.3504432436 4.91896343723 0.00190018003622 604.662 -1201.324 -0.00385585
1571.27926113 11.1441368765 4.98002306624 0.00194326449233 727.36 -1446.72 -5.621e-06
1427.6013497 11.141137759 4.74799706772 0.00201415115627 540.418 -1072.836 -1.31886e-05
1415.29497139 10.9265166259 4.76405944574 0.00200160045004 720.904 -1433.808 -2.75344e-05
1841.84335075 10.5175614784 4.99946875532 0.00200500513195 801.777 -1595.554 -0.001586
1399.20521939 10.1987478598 4.21978914128 0.00196300164268 777.092 -1546.184 -1.38497e-05
1473.51230159 10.1089170494 4.20601816326 0.00192740283919 606.334 -1204.668 -6.57583e-05
1661.09506054 9.9703011083 4.81772483678 0.00178436065071 542.171 -1076.342 -0.00237243
1626.53023168 11.0421776064 4.97945897013 0.00203219131151 836.34 -1664.68 -3.01714e-05
1608.24421144 10.4632446908 4.40548928285 0.00199084328806 736.206 -1464.412 -0.0021724
1774.11779734 10.3774783384 4.77585395059 0.00198428869148 884.832 -1761.664 -0.00127634
1475.36610122 10.8158186432 4.99549141224 0.002064893398 614.111 -1220.222 -6.42889e-07
1678.42966068 10.5788946202 4.76227497421 0.00189496477026 773.298 -1538.596 -9.14036e-06
1633.17602811 10.3996834518 4.52555376269 0.00189018040758 722.187 -1436.374 -2.05242e-06
1498.51503104 10.8377491839 4.68156524347 0.0020601219135 635.678 -1263.356 -2.26211e-06
1653.29884401 10.406124136 4.36070305269 0.00184878447118 699.224 -1390.448 -5.31482e-06
1501.45332136 10.3013487733 4.72452510098 0.00188608621932 510.1 -1012.2 -2.82572e-05
1516.07063569 9.84724103763 4.0393818025 0.00200335008614 488.042 -968.084 -5.08045e-05
1544.82734751 10.1929030973 4.6327041548 0.00200607973199 746.852 -1485.704 -6.97329e-05
1528.68092258 9.72280437367 4.2766597413 0.00178112856198 356.999 -705.998 -3.06446e-05
1480.88979242 10.0071191921 4.26507484706 0.00214106708909 473.992 -939.984 -0.00175884
1557.04964224 10.5843220197 4.23242028128 0.00194341862335 662.066 -1316.132 -0.00137243
1700.00577278 9.94723073254 6.09987361484 0.00180000000002 881.023 -1754.046 -55959.9
1717.41448083 10.096916248 4.40427573465 0.00196732258459 653.796 -1299.592 -3.10048e-05
1417.54789643 10.0652310867 4.44872692242 0.0019000547066 534.489 -1060.978 -3.39666e-05
1483.02875439 10.5255431792 4.47390356535 0.00184270223472 603.989 -1199.978 -0.000811717
1630.48967807 10.1809223975 4.39146479486 0.00214239597674 489.66 -971.32 -9.4494e-05
1619.55407643 10.0289527675 4.37144920186 0.00177080529998 630.052 -1252.104 -0.00398974
1680.8118389 10.7051028803 4.96816039874 0.00196030526969 722.852 -1437.704 -8.18412e-06
1600.24626793 11.1443255206 5.17144490251 0.00209854050121 693.107 -1378.214 -8.31985e-06
1533.97493374 10.2624798728 4.3819151696 0.00209483080483 566.67 -1125.34 -1.44526e-05
1595.72352962 9.79532084834 4.43194444118 0.00219543006064 426.823 -845.646 -0.00556529
1561.36714853 10.4187218863 4.90330971915 0.00202291318421 609.329 -1210.658 -0.000144778
1436.70503243 10.237070087 4.15644312775 0.00199308386308 493.408 -978.816 -7.9818e-06
1438.97317104 10.2523616179 4.21537141158 0.0020289767382 557.148 -1106.296 -0.000352295
1372.2446446 10.7422188168 4.04258249052 0.00205479616986 539.73 -1071.46 -4.79198e-05
1549.13764588 10.7376490053 4.66722324694 0.00186311536419 614.491 -1220.982 -1.17957e-05
1589.64028335 10.2621950552 4.75546125933 0.00190867533411 446.412 -884.824 -0.000241446
1434.71517024 10.5318118119 4.39928578428 0.001998579296 588.623 -1169.246 -2.481e-06
1398.6129876 11.1463158836 4.70941745975 0.00198012326266 705.786 -1403.572 -0.0028952
1433.92913014 10.5346133524 4.2038676931 0.00183778168671 737.511 -1467.022 -0.00402452
1559.61869733 10.9955210391 4.62500735153 0.00182024021324 477.544 -947.088 -9.72001e-05
1573.63655598 9.97740908396 4.23546364888 0.00195759267541 540.136 -1072.272 -0.00431411
1303.22989599 10.5441762165 4.10370142722 0.00202131108557 590 -1172 -0.00133944
1336.61208606 11.0937034514 4.64373414789 0.00206039612923 638.331 -1268.662 -0.000197695
1672.68508856 10.5398093134 4.33996806201 0.00210593388485 824.541 -1641.082 -0.000410324
1470.68458027 10.7045728589 4.14102815697 0.00184811648948 723.012 -1438.024 -1.79755e-06
1388.80977264 10.6567817374 4.34795824446 0.00224251556057 616.422 -1224.844 -6.18517e-05
1616.50661358 10.221454175 4.07462778349 0.00197625494611 707.519 -1407.038 -1.64542e-05
1522.44337404 10.6028842391 4.8504804723 0.00191741870594 676.792 -1345.584 -4.91541e-05
1700.01041834 9.98562235204 6.09978776343 0.00180000000002 760.117 -1512.234 -55591.1
1599.36442105 9.52485405209 4.19303490093 0.00204994589604 394.54 -781.08 -0.0006671
1706.70280861 10.6491002579 4.75248342163 0.00188355332655 772.697 -1537.394 -3.04743e-05
1370.44510126 10.3440643965 4.07651140022 0.00189475908677 629.603 -1251.206 -0.00364378
1333.94198753 10.1153081517 3.93852062028 0.00182525232295 667.301 -1326.602 -6.91539e-05
1503.97803692 11.1093032745 4.53180010567 0.00192259449346 793.188 -1578.376 -0.000326229
1448.90265396 10.9096464942 4.43064500609 0.00181151719027 609.288 -1210.576 -7.62945e-07
1407.59884335 11.0555901566 4.84164540511 0.0019350335413 628.648 -1249.296 -5.25401e-05
1758.60903002 10.20777125 4.38761998826 0.00198731350893 563.803 -1119.606 -0.000799893
1475.04929191 10.52100762 4.84182851036 0.00202788457001 727.533 -1447.066 -6.85159e-07
1288.3902492 11.1085887093 4.47687662709 0.00194579861997 561.52 -1115.04 -0.00359633
1653.12143357 10.0051917968 4.62818929817 0.00187114674841 741.163 -1474.326 -0.00147699
1389.7898543 10.9444049237 4.4666819547 0.00200715941697 776.166 -1544.332 -0.000107275
1385.87822314 10.6328801257 4.05574228271 0.00175256819005 764.493 -1520.986 -6.76629e-06
1513.33212587 10.2275489338 4.3323745854 0.00203143632537 732.612 -1457.224 -0.000195032
1587.90971756 9.82747423917 4.45604074422 0.00182199952297 627.719 -1247.438 -2.87931e-05
1462.4431313 10.5140542592 4.46219012802 0.00207505512587 622.187 -1236.374 -1.73473e-05
1480.85603596 10.7009062417 4.52949402365 0.00214739926469 692.088 -1376.176 -0.0033212
1416.64721606 10.1023847963 3.83291099311 0.00189791175521 554.52 -1101.04 -0.000736013
1711.33681118 10.1884328862 4.29580812792 0.00189541467837 794.73 -1581.46 -0.000323045
1533.61376999 10.6749133281 5.35610104456 0.00212093803012 649.192 -1290.384 -9.23428e-05
1438.71557698 10.4691220765 4.53704078213 0.00195265112804 549.961 -1091.922 -0.000210918
1534.91468502 10.4098009497 4.29938242695 0.0019195186969 683.045 -1358.09 -0.000173216
1374.16496905 10.6893711682 4.34085058094 0.00193517152617 630.185 -1252.37 -4.55263e-05
1829.77413009 10.3474724598 4.86922455743 0.00201742222675 669.195 -1330.39 -3.09898e-05
1724.75697928 10.3804507114 4.70452303667 0.00216548958001 751.509 -1495.018 -0.00233817
1611.85212378 10.1807238187 4.25297962413 0.00184167202622 687.528 -1367.056 -6.79238e-07
1717.52587402 10.8073502119 4.83267584968 0.00199920038962 752.76 -1497.52 -0.000831643
1773.44196256 9.63224733863 4.3127249553 0.00217980503928 509.352 -1010.704 -0.000190464
1601.27336917 10.4906974468 5.26428764705 0.0020117615953 504.39 -1000.78 -0.000700544
1632.8402608 10.4745103263 4.89637638603 0.00186722111585 707.147 -1406.294 -0.00717516
1380.32784585 10.998133753 4.35568884201 0.00190528929316 592.144 -1176.288 -0.00999558
1640.82346415 10.6561766064 4.71618994432 0.002145762272 838.867 -1669.734 -0.0206719
1535.3052729 10.7439292456 4.94794157446 0.00209068919509 726.779 -1445.558 -7.80544e-05
1656.7903131 10.6392460457 4.52658197448 0.00191357733675 795.327 -1582.654 -0.00503889
1488.82129828 10.6222752633 4.18117456411 0.00216262428085 719.923 -1431.846 -0.00199343
1616.66216591 11.0371923869 5.10763012567 0.00212680957564 569.151 -1130.302 -0.00500206
1630.82463565 10.0483870926 4.19636187355 0.00201738811568 682.683 -1357.366 -6.09918e-06
1547.11678037 10.4091430275 4.38041162644 0.00194324104844 705.728 -1403.456 -0.00015414
1651.21098776 10.1815069252 4.59694177305 0.00193699731665 596.695 -1185.39 -5.91343e-06
1611.86066927 10.416360065 5.1254068343 0.00218044630419 620.529 -1233.058 -8.77566e-05
1696.97448037 10.5262017888 4.42278243169 0.00201620699007 717.591 -1427.182 -0.00200682
1576.77633702 11.239801885 4.76914228083 0.00192375845792 656.392 -1304.784 -0.000500314
1375.58763401 10.2688186701 4.39811493776 0.00194144776053 555.526 -1103.052 -0.00128199
1435.98769746 9.96751855956 4.38864488486 0.0019886615861 539.505 -1071.01 -1.56292e-05
1540.49287514 10.5065514199 4.26363501314 0.00205092835518 810.017 -1612.034 -2.31424e-05
1482.71420158 10.3858732031 4.19944293622 0.00210049167553 568.807 -1129.614 -8.86179e-05
1347.14378147 9.55566099352 3.98964810952 0.00217282618112 348.791 -689.582 -4.78061e-06
1497.88976927 10.3254660949 4.56775168066 0.00188645831056 629.767 -1251.534 -0.00930813
1617.46753598 10.8588960057 5.118286153 0.0021354809833 715.773 -1423.546 -2.4378e-06
1476.34357517 10.6956162965 4.58190582919 0.0017074574934 593.898 -1179.796 -3.7877e-05
1652.17490301 10.3709873755 4.68737596099 0.00187200090274 651.136 -1294.272 -2.29397e-06
1291.95717733 10.4747461988 4.30832076006 0.00159200639849 700.31 -1392.62 -2.76567e-05
1369.75347951 10.8489001047 4.30224291332 0.00194180273654 764.963 -1521.926 -5.93525e-05
1593.11988655 10.7574329589 4.36725880506 0.00211352078856 708.901 -1409.802 -0.000401238
1525.95740944 10.1922182006 4.3700130514 0.00172929646719 798.864 -1589.728 -0.000300461
1616.72152255 9.44871588567 4.0130005766 0.00202031193204 517.268 -1026.536 -0.000654685
1404.54607937 10.1535157764 3.96744751308 0.00197755460235 692.439 -1376.878 -0.0107482
1772.40489534 9.54684015349 4.43343975862 0.00180000010445 865.64 -1723.28 -33076.1
1372.5986238 10.700841633 4.32065970497 0.00183013153204 749.505 -1491.01 -1.03876e-06
1557.53989083 10.2958707659 4.6890330586 0.00171770154072 548.952 -1089.904 -7.99515e-05
1671.74733058 10.6276021933 4.63483874676 0.00205500682428 726.871 -1445.742 -0.001798
1349.16509919 10.9773702979 4.20974602391 0.00163446184892 621.715 -1235.43 -4.37106e-05
1663.6729668 10.3734860357 4.7057384759 0.00184991273318 601.319 -1194.638 -0.00702558
1640.99561744 10.7184790857 5.04970583817 0.00185630643109 450.205 -892.41 -6.64189e-07
1322.38312276 9.93059073675 3.81505945956 0.00205800304087 510.995 -1013.99 -1.99001e-05
1608.65086268 10.639936143 4.51932043347 0.00182858666636 883.783 -1759.566 -0.00012994
1743.03273353 10.2049743563 4.28432370046 0.002212102724 982.598 -1957.196 -0.00522729
1311.82791803 10.7924565716 4.51882337043 0.00221893468656 698.757 -1389.514 -3.17282e-06
1609.07073504 10.458313977 4.70707606297 0.00180390532574 718.427 -1428.854 -0.000291429
1653.63979865 10.0881048522 4.41460650573 0.00221092767823 512.858 -1017.716 -1.87096e-06
1611.05404198 10.1185820945 4.18842392071 0.00178896660063 741.529 -1475.058 -5.94011e-05
1436.93742063 9.99072123107 3.69923503691 0.0017302724238 706.8 -1405.6 -0.0021015
1759.06974368 10.4823743632 4.86930182041 0.00203088409234 751.836 -1495.672 -0.000161754
1723.62386956 10.3803437976 4.96697396736 0.00180208849268 679.152 -1350.304 -0.0017692
1489.09753653 10.7799565467 4.41244563466 0.00207470722159 921.707 -1835.414 -0.00528471
1361.54531235 10.6662951222 4.25766384824 0.00198738917597 650.662 -1293.324 -0.000114565
1346.59283816 11.4817542206 5.19540049489 0.00209029666169 732.896 -1457.792 -5.62706e-05
1376.49304038 10.731134835 3.86020511035 0.00208661155385 689.45 -1370.9 -7.78523e-05
1528.324403 10.3353731564 4.39521802799 0.00160002261949 712.36 -1416.72 -0.00265923
1367.54149289 11.2085228308 4.57638424651 0.00187048153622 599.853 -1191.706 -6.08859e-05
1501.68604825 11.0495127053 4.79369427555 0.00207320348797 763.031 -1518.062 -0.00343094
1413.14265556 10.2207152707 4.11202802829 0.00177977471923 532.16 -1056.32 -2.99569e-05
1460.04935544 10.228780403 3.87498699148 0.00201512747582 711.066 -1414.132 -6.32075e-05
1667.2813287 10.3693750578 4.61667315548 0.00195019438799 670.406 -1332.812 -0.000872184
1415.11999495 10.5840146359 4.34472708001 0.00200990687744 657.553 -1307.106 -2.91105e-05
1362.01403375 10.9057898175 4.16770046156 0.00177184637732 798.589 -1589.178 -0.000320298
1469.50543077 10.9576210337 4.69053653883 0.00208821471979 686.374 -1364.748 -0.000708382
1463.19320048 10.4440532869 4.48360677515 0.00196915755245 498.858 -989.716 -4.0549e-05
1337.66080919 11.0004291476 4.52338926859 0.00195226061473 676.022 -1344.044 -6.68906e-07
1386.69849868 10.4170093917 4.30709375904 0.00195798079278 515.476 -1022.952 -9.35316e-05
1792.21144479 10.0641055809 4.80737252754 0.00202165069944 711.221 -1414.442 -4.80404e-05
1522.39958936 10.1125689759 4.09905494407 0.00194775056205 663.832 -1319.664 -0.00104841
1524.29599732 10.6325746284 4.47000386219 0.00212830656778 668.476 -1328.952 -2.98272e-05
1621.54691836 10.0450861286 4.06067020382 0.00203309411627 709.716 -1411.432 -3.33715e-05
1436.39956979 10.6914840451 4.79699846824 0.0021060322956 668.452 -1328.904 -0.000121426
1129.7397754 11.2730692826 4.75722793267 0.00205996344199 465.231 -922.462 -8.78392e-05
1661.89087617 10.5623445278 5.01354168822 0.00218824485244 573.803 -1139.606 -1.91852e-05
1482.44763485 10.3483342941 4.40783475774 0.00203060440655 640.629 -1273.258 -6.18015e-07
1671.76534824 11.041630988 4.79360548197 0.00177768810564 595.762 -1183.524 -0.000108643
1579.23705222 10.9823117786 4.36395268945 0.00197434648509 812.403 -1616.806 -1.29774e-05
1664.23715811 10.3121115806 4.42682610455 0.0019758991113 733.127 -1458.254 -0.00191681
1490.43201218 10.5052994003 4.74509444562 0.00178838590225 718.904 -1429.808 -0.000366958
1412.03789972 10.9253848164 4.48992579119 0.00190905333468 640.339 -1272.678 -1.82516e-05
1605.64501195 10.1365153633 4.05963892909 0.00187296645447 597.809 -1187.618 -0.0192168
1309.9151466 10.7838643566 4.0356179373 0.00188218645184 680.585 -1353.17 -7.54668e-05
1380.17091537 10.1175958856 4.0038329813 0.00171600115138 460.944 -913.888 -2.50463e-05
1576.15109236 10.6730062185 4.66509023863 0.00197823661602 571.199 -1134.398 -5.20384e-05
1418.02839906 11.0486776629 4.44091433493 0.00198767634921 633.664 -1259.328 -0.00129823
1790.83778706 9.45345090381 4.09683431342 0.00176548928413 672.741 -1337.482 -3.07582e-06
1507.27881706 10.7481731932 4.36611829071 0.00166579076052 688.494 -1368.988 -0.00167602
1605.67861958 10.2256481372 4.34740515692 0.00206231224819 564.847 -1121.694 -0.00873055
1622.24392928 10.1902339597 4.4156714429 0.00179994679238 701.963 -1395.926 -0.000565662
1404.16269102 11.1482277479 4.65507431949 0.00212430862427 555.081 -1102.162 -0.00513837
1431.6471952 10.6955539574 4.16383971565 0.00189565531178 488.166 -968.332 -1.7075e-05
1537.34752525 10.6717234726 4.7208968825 0.00213719283037 717.542 -1427.084 -3.73884e-05
1640.91275239 10.7303425416 4.80653791923 0.00195298239018 722.7 -1437.4 -0.00115322
1399.54393451 11.037554136 4.40952018946 0.0017711833146 728.739 -1449.478 -0.00111068
1555.92488842 10.8525121059 4.81820070129 0.0019736840039 806.797 -1605.594 -0.000332327
1518.82132842 10.3931679608 4.34056845409 0.00193706384832 611.416 -1214.832 -2.0539e-06
1262.27328555 9.77911094268 3.73609476134 0.00193777758025 445.589 -883.178 -0.00567834
1352.30419622 11.2914593763 4.85010269164 0.00192808630237 592.561 -1177.122 -0.000548903
1654.79563531 10.3362949081 4.64212236078 0.00197011808892 597.425 -1186.85 -4.9787e-06
1250.75268116 11.1298484662 3.9844014737 0.00204846040781 758.601 -1509.202 -0.000267405
1343.48498739 10.3704865464 4.23616715587 0.00181879327266 597.207 -1186.414 -4.19179e-05
1637.40677426 10.7436540959 4.88502746952 0.00168829016289 731.637 -1455.274 -0.00133263
1622.51274736 10.4273962251 4.4673710688 0.00190149573482 651.929 -1295.858 -0.000163221
1559.02596945 10.0774041358 3.90178387439 0.00201125665419 787.478 -1566.956 -0.000364
1482.62929576 10.8143797738 4.73031329375 0.00192937655546 621.278 -1234.556 -4.05326e-05
1312.47119357 10.4497067894 3.75059998938 0.00205443052526 700.387 -1392.774 -0.000244696
1453.17853766 10.843718309 4.31318102445 0.00201596494485 620.335 -1232.67 -0.000409821
1522.63387217 10.7208891323 4.53172715464 0.00206586543117 765.026 -1522.052 -3.69116e-07
1442.6041647 10.2638052563 3.78533257281 0.00182723942976 504.977 -1001.954 -7.13413e-05
1693.76678028 9.86859433636 4.24651187232 0.00179991473995 605.255 -1202.51 -6.99514e-05
1538.26870347 10.2294156717 4.349441386 0.0019934252925 674.554 -1341.108 -4.58595e-06
1487.39057501 11.6263449621 4.82704368492 0.00197569412945 777.482 -1546.964 -0.00404825
1845.45794914 9.83425507419 4.42751346022 0.00182851806062 710.237 -1412.474 -6.00959e-05
1517.49084873 10.9788018153 5.19640841989 0.00212085940887 585.581 -1163.162 -0.000393326
1671.92835072 9.81540148861 4.55461912958 0.00222076398876 594.515 -1181.03 -1.0765e-05
1442.11426624 10.4559660665 4.15818667134 0.00197130559432 638.996 -1269.992 -3.41873e-05
1612.02960409 10.1817627217 4.25423334944 0.00187147247406 736.192 -1464.384 -2.79586e-06
1403.73211058 10.2839375997 4.38921048255 0.00179530588127 624.651 -1241.302 -2.94133e-05
