"D" "g0" "sigma" "z" "sigmatoa" "logLik" "AIC" "maxgrad"
1845.44360358 0.977579581553 10.7795612898 5.88688128578 0.00193022298145 702.18 -1394.36 -8.89625e-05
1588.61198312 0.947848397597 11.2367961376 5.3810646591 0.00193510147906 518.857 -1027.714 -1.36114e-05
1417.86723817 0.936328143888 11.9097454962 6.03027440134 0.00190707831194 639.096 -1268.192 -5.26386e-05
1649.37923012 0.897865577943 12.6270902204 7.48482865481 0.00187657689388 725.803 -1441.606 -6.10922e-05
1493.19816317 0.935391734146 12.1601183252 5.36108924841 0.00171243643154 607.707 -1205.414 -1.07638e-05
1656.13267708 0.999999982402 10.5573332333 5.20908000636 0.00187238571869 835.577 -1661.154 -4.02504e-05
1439.03595309 0.894032227757 12.5478639284 6.50640726898 0.00185330908953 543.677 -1077.354 -0.000648344
1414.1868293 0.93132179627 11.8584424993 5.41141376849 0.00171183203723 722.215 -1434.43 -0.000586031
1442.15765502 0.940710996656 11.5965055532 5.40125557973 0.0017244559225 590.65 -1171.3 -4.49364e-06
1669.34784922 0.970777124498 11.2362296628 4.9784469064 0.00192268592158 684.699 -1359.398 -2.13069e-05
1679.35345157 0.948805537579 11.7602621229 5.83506408363 0.00193984292518 860.78 -1711.56 -6.04804e-05
1687.52729703 0.952159876954 11.1982099428 5.66082342886 0.00190070547634 524.272 -1038.544 -0.00134131
1505.62284075 0.942449000895 11.7176875709 6.0833907132 0.00204719516339 606.731 -1203.462 -0.000614881
1558.51179088 0.968333087604 10.9074290758 4.99163725828 0.00196993130142 476.517 -943.034 -4.91988e-05
1526.24959576 0.999999963394 10.6232452764 4.63737875093 0.0020278598023 603.6 -1197.2 -0.000618646
1821.97201021 0.957148839988 10.6074717976 4.83401379644 0.00190509777398 604.926 -1199.852 -0.00115636
1423.80188561 0.993431694552 10.7846041398 4.99731701467 0.00195283247351 496.205 -982.41 -2.46264e-05
1699.42493798 0.978882744928 11.0512113408 4.97885791986 0.00192855716397 784.944 -1559.888 -0.000266252
1508.59560034 0.913395391049 11.8577507012 6.48370352511 0.00190899548946 595.885 -1181.77 -4.88832e-06
1693.34880029 0.973505761209 11.3286435606 5.78649726981 0.00192279382416 662.038 -1314.076 -0.00407076
1486.70794326 0.935219774596 12.82558072 6.11222606917 0.00185241894046 775.029 -1540.058 -2.81295e-05
1495.64149031 0.960805873316 11.6564640102 5.31714023097 0.00170461774696 628.695 -1247.39 -1.4282e-05
1651.98342195 0.939911783863 11.5914479452 5.70331001865 0.00171494979884 667.216 -1324.432 -0.000388074
1550.05883604 0.898197592415 12.5605688666 6.24297693955 0.00183925916719 619.69 -1229.38 -2.01114e-06
1735.85688801 0.947462821239 11.4805007689 6.38384985059 0.00195462588337 823.622 -1637.244 -0.000114248
1468.89551805 0.924738023697 11.9351841267 5.93007673096 0.00192409486677 579.587 -1149.174 -0.00192629
1768.62991985 0.976723450996 10.3868860244 5.73550383105 0.00191107558112 436.444 -862.888 -0.000307835
1680.56678742 0.937621340686 11.8013726521 5.84886839281 0.00196909201722 637.348 -1264.696 -0.000465556
1574.99726206 0.900756989839 12.2261249059 6.82841339375 0.00176814209385 619.5 -1229 -0.000548379
1600.45035956 0.923565897782 11.6731577671 6.26738506424 0.00197906309674 644.734 -1279.468 -0.000471343
1836.25007316 0.920388068688 11.9474272669 7.02881785974 0.00189643448167 607.416 -1204.832 -0.000362309
1669.63923865 0.931155868706 12.0084897207 5.48325755146 0.00185937754638 738.46 -1466.92 -0.00101892
1719.11942029 0.939546779568 11.9448240405 6.33283387915 0.00182146018823 861.933 -1713.866 -0.00527094
1577.37578102 0.95860016463 11.7689385663 6.36482883938 0.00192622767736 803.847 -1597.694 -3.86281e-05
1600.23773351 0.921583144609 12.1120992857 5.93951642043 0.00170428430257 686.22 -1362.44 -3.45441e-05
1570.65116387 0.949184690672 11.0940041965 5.51145944377 0.0020912751697 550.305 -1090.61 -6.49309e-05
1709.36336792 0.952958685241 11.2285337215 5.62281140246 0.001855955295 630.53 -1251.06 -0.00117274
1532.28531543 0.999999948291 10.6697278354 4.6993958952 0.00172677627197 643.23 -1276.46 -6.23764e-06
1487.61675714 0.99999992791 10.6339537059 4.97360973876 0.00213444404928 534.833 -1059.666 -0.000189878
1776.08508488 0.959094862016 11.450602072 5.96222255568 0.00185065459624 788.423 -1566.846 -5.3801e-05
1692.55436458 0.985268855139 11.2323187779 5.33282336338 0.00168342962348 686.627 -1363.254 -5.27363e-06
1528.95245712 0.928078065899 11.3776726614 5.25963245023 0.00170218178996 577.985 -1145.97 -6.86649e-05
1490.5038846 0.887384842651 12.683550096 7.12310780976 0.00182530384696 599.455 -1188.91 -0.000261878
1568.82637587 0.865805361849 12.7677217483 6.79702917364 0.00170798085675 624.217 -1238.434 -4.43391e-05
1692.05678076 0.974765500553 11.2163993713 5.37767714976 0.00183770124673 661.967 -1313.934 -0.000201031
1784.90961275 0.950903963516 11.4195688595 6.07308192023 0.00205166258982 631.195 -1252.39 -8.46853e-05
1602.6939814 0.952568739062 11.2486582549 5.01655849976 0.00165439667521 550.618 -1091.236 -6.59171e-05
1524.80074631 0.973010881021 11.2500079935 5.79385230133 0.00176431739773 504.395 -998.79 -0.000101059
1507.50538854 0.971493414414 10.8502110998 5.27847200865 0.0020024001679 511.234 -1012.468 -0.000842611
1659.73712179 0.967829640598 11.0243889692 5.22242868054 0.00196651396278 644.912 -1279.824 -0.000306939
1706.49993176 0.94150672003 10.934107858 5.80973558687 0.00199580558191 722.514 -1435.028 -0.00237703
1721.38939219 0.948062960959 11.5226962286 5.98831689347 0.0019915709415 629.521 -1249.042 -5.1433e-06
1891.42231626 0.962250106823 10.5369527073 5.03606804662 0.00196205491854 617.871 -1225.742 -0.000288088
1684.87302692 0.964766725608 10.7155854311 5.65977427482 0.00203758444006 605.135 -1200.27 -1.24825e-05
1874.33981409 0.927944028407 11.289315158 6.04696886725 0.00177436423887 867.044 -1724.088 -0.000836724
1804.96183052 0.949666011866 11.6702957969 5.93222226909 0.00172397955911 929.127 -1848.254 -7.86531e-05
1934.34060518 0.92341231387 11.3911499299 5.75856374142 0.00191246078973 684.396 -1358.792 -8.86218e-05
1524.88796972 0.946026595666 12.1267896811 6.38577732004 0.00173699750139 690.357 -1370.714 -4.33615e-05
1725.29201079 0.954152904299 10.721352858 5.54989838301 0.00179274901591 601.634 -1193.268 -0.00244412
1651.54377485 0.94613217157 12.1636849037 6.0646696326 0.00177979202487 906.926 -1803.852 -0.00030673
1899.07939086 0.942642874439 11.430267623 5.94578717254 0.00177489431485 694.895 -1379.79 -6.18044e-05
1844.84393036 0.944133472154 11.3363968391 6.01517229884 0.00190192433469 687.422 -1364.844 -1.80946e-05
1533.19310648 0.972686053879 11.0593445254 5.38733698891 0.00193068935839 647.412 -1284.824 -3.56653e-05
1715.43307486 0.983477637868 11.4063476572 5.53697209112 0.00213463800525 803.83 -1597.66 -0.000412713
1636.74567215 0.944821638386 11.3765672378 5.73386517743 0.00172233665108 743.493 -1476.986 -2.4309e-05
1476.9116699 0.956277082933 12.0213001775 5.8559034101 0.00191511904668 715.841 -1421.682 -2.67244e-05
1627.07893704 0.938374858276 11.3989922403 6.05561361554 0.00205499706141 628.291 -1246.582 -0.000411248
1330.18734102 0.926418615589 11.9079566969 5.77848915268 0.00180512212955 649.524 -1289.048 -3.28269e-05
1676.29351655 0.935133372165 11.8350168736 6.13258485682 0.00175918133949 886.418 -1762.836 -0.00145697
1621.93568098 0.928081464903 12.0369646205 6.89088770211 0.00186487595366 950.92 -1891.84 -0.000169416
1494.61746659 0.954199872447 11.498356848 5.12846678902 0.00180776344449 749.805 -1489.61 -5.04839e-06
1675.60733726 0.967397952517 11.6370450252 5.89708208679 0.00208064473983 661.03 -1312.06 -0.00174076
1744.37616163 0.958040312966 11.9324040745 6.23542561702 0.00183881727067 838.037 -1666.074 -0.00106636
1522.81983429 0.957987550029 11.8669872829 5.36301034996 0.00187494207937 696.091 -1382.182 -0.00161541
1522.92860063 0.975863407653 11.8533772934 6.14507472199 0.001920006798 719.971 -1429.942 -2.61143e-05
1605.76544249 0.923456449897 11.7783994096 5.44707577567 0.0019405347329 598.384 -1186.768 -0.000104715
1530.9829836 0.964581429398 11.4345283828 5.81024213223 0.00186736288099 659.474 -1308.948 -0.00111379
1658.00985708 0.920602235039 11.2766771571 5.50547451368 0.00187055265721 701.304 -1392.608 -0.00110573
1753.36611804 0.946721661327 11.2463109505 5.70487189746 0.00180608603073 642.59 -1275.18 -0.00158342
1619.26332878 0.911630821684 12.1276468209 6.53079203923 0.00169149284024 744.574 -1479.148 -6.42263e-06
1779.90631652 0.976436522761 11.4078521206 6.04763231222 0.00186042798389 626.522 -1243.044 -1.17704e-05
1621.99807366 0.952316636236 11.4683722099 5.66758229944 0.00192026213819 626.034 -1242.068 -0.00103072
1647.34610024 0.94055138768 11.0329863359 5.63123367547 0.00183527914532 583.38 -1156.76 -2.38224e-05
1759.24446959 0.976381734127 10.8338005969 5.00249723091 0.00187912347349 703.914 -1397.828 -1.89902e-05
1897.6180367 0.929966102547 11.6373033713 6.72736910435 0.0018582498762 839.797 -1669.594 -0.000352911
1718.35392111 0.93362604709 11.0868574861 5.4570545742 0.00169383568838 582.929 -1155.858 -4.10861e-05
1456.42048063 0.923847528916 11.6044825965 5.51298865234 0.00177958738856 664.805 -1319.61 -1.65392e-05
1630.53898919 0.954459950864 11.5722835742 5.86654471177 0.00192755380546 758.546 -1507.092 -6.09653e-05
1785.02222728 0.951146173342 11.5686383737 6.42291925094 0.00205932100261 869.894 -1729.788 -0.0020251
1270.04334122 0.999999977098 10.8373367971 4.5665903316 0.00185973130229 440.466 -870.932 -0.00106866
1611.48838872 0.93770522174 11.5244195424 5.38910308515 0.00182266399751 775.732 -1541.464 -3.87931e-05
1264.43004468 0.979537757027 11.4578827499 5.36384527658 0.00164225489319 595.481 -1180.962 -2.02977e-05
1287.62443279 0.93347692167 11.7565309715 5.13759169791 0.0015683924659 435.903 -861.806 -5.18514e-05
1539.78840462 0.957799786773 11.9156577389 6.17820009694 0.00192707006463 696.463 -1382.926 -0.00319216
1602.07470014 0.942439242532 11.9352243452 6.18644699369 0.00183933888676 674.401 -1338.802 -0.000171516
1680.73320505 0.9533473001 11.2677322593 6.20515254282 0.00195805021086 646.47 -1282.94 -1.25824e-05
1622.92776895 0.956057651211 11.3500119417 5.46462121519 0.00183230315365 829.683 -1649.366 -0.00383848
1672.06681646 0.976665793889 11.2039012854 5.80735215397 0.00192972016699 597.674 -1185.348 -0.0104301
1690.88058683 0.950697949324 11.4175377523 5.79557805172 0.00172777909757 639.189 -1268.378 -7.35576e-05
1476.44836722 0.91555368781 12.6684522849 6.75292597216 0.0018348168207 725.994 -1441.988 -3.2269e-05
1594.2183187 0.951669451016 11.4354581834 5.22175228149 0.00183767704942 745.509 -1481.018 -0.000166778
1656.85186251 0.956361030896 10.8683259914 6.18604751476 0.00201810490541 558.092 -1106.184 -1.94197e-05
1449.79352006 0.912240400959 12.1035691941 6.42139925517 0.00176787537387 600.741 -1191.482 -0.000146908
1831.3708572 0.92626785135 11.0721513401 5.36293378766 0.0020412118884 742.217 -1474.434 -3.26656e-05
1529.62935816 0.940990323492 12.0523584464 6.17032533917 0.00203612177119 813.028 -1616.056 -0.00395792
1515.06526077 0.965023978004 11.3498987937 5.35955229812 0.00171677355665 799.293 -1588.586 -4.10812e-05
1647.2025414 0.928244845322 12.2923765723 6.94373144198 0.00190725127358 665.643 -1321.286 -7.57165e-05
1840.08954284 0.999999980088 10.3765839342 5.19745620019 0.0016520243673 602.445 -1194.89 -0.000407375
1507.25942318 0.96671789962 11.3766111518 5.9219869237 0.00179420479585 634.782 -1259.564 -0.00427604
1664.29032856 0.978779592243 11.1700776491 5.05772718007 0.00176292292986 632.592 -1255.184 -6.21129e-06
1429.77625524 0.884580063628 12.5491703573 6.92581958506 0.0018964179227 607.614 -1205.228 -1.59292e-05
1565.82406889 0.918339584945 11.3424363837 5.85897917911 0.00167044640342 509.394 -1008.788 -9.40847e-05
1454.47940517 0.91431334761 11.6395852944 6.04192760488 0.00180954830009 689.778 -1369.556 -0.000332204
1548.43769592 0.976517741238 11.0024966854 5.12892289781 0.00181436599078 697.783 -1385.566 -0.00506925
1595.72178864 0.948887562242 11.6898696636 5.96067682296 0.00185178484213 604.272 -1198.544 -3.43421e-05
1557.22613023 0.999999981826 10.8134501768 4.90028321464 0.00171126101067 551.67 -1093.34 -1.71673e-05
1514.66648429 0.951903537368 11.5712884885 6.8254638556 0.0018990328976 599.559 -1189.118 -1.28034e-05
1568.18063198 0.928643364899 11.6080519503 5.63164055772 0.00189207118861 698.276 -1386.552 -0.000990549
1517.87724277 0.950294550188 11.5874927015 4.97579036021 0.00180114531068 579.16 -1148.32 -7.43585e-06
1531.79509239 0.978210557938 11.2319106955 4.99863139621 0.00174563559718 645.369 -1280.738 -0.00204645
1663.76337414 0.974936046272 10.5230024093 5.88027691771 0.00184852719798 735.283 -1460.566 -7.53906e-06
1603.43017185 0.930579994651 11.773233898 5.99971200644 0.00188888110153 496.769 -983.538 -7.67204e-06
1428.8783704 0.935660520598 11.950980102 5.90644334951 0.00200254919869 515.348 -1020.696 -0.000826604
1506.80456285 0.966305284324 11.4442338022 5.27670887733 0.00174115676876 763.036 -1516.072 -0.000453244
1461.07243546 0.947504016771 11.7527815303 5.4774611241 0.00175889958154 755.189 -1500.378 -4.14643e-06
1712.27134632 0.960679854027 11.4261191277 5.60592478217 0.00203520527653 776.514 -1543.028 -5.34414e-05
1674.5710956 0.971823097851 10.8941244639 5.19829138748 0.00173579961515 620.176 -1230.352 -0.000264048
1881.84632602 0.934939909579 11.6090172172 6.02602733895 0.00193255879632 734.521 -1459.042 -2.45655e-06
1718.79182868 0.927399703633 11.7582189588 5.73058577442 0.00182950644634 644.468 -1278.936 -0.00220173
1596.28389198 0.936969401871 11.5772104776 5.43692048874 0.00203726897574 708.709 -1407.418 -1.08577e-05
1628.89343555 0.966521581191 11.2520462738 5.09118090156 0.00175231360533 728.76 -1447.52 -0.00064618
1547.0410007 0.94550463995 11.6190563183 5.35812328954 0.0021648414672 748.213 -1486.426 -5.73523e-05
1636.79621532 0.986704160525 11.087993698 6.08771761498 0.00191088416202 584.488 -1158.976 -0.000548878
1551.02376119 0.922006018889 12.2037056758 5.86604937273 0.0019576578747 713.152 -1416.304 -0.000210399
1531.55374547 0.940852195511 11.4997075008 5.41802063568 0.00168428381797 592.109 -1174.218 -0.00039742
1732.90917173 0.951430245263 11.0304084701 5.65386100745 0.00191280655759 717.798 -1425.596 -0.00161945
1461.33905401 0.949851797894 11.5815570538 5.2996100115 0.00205267373099 603.686 -1197.372 -0.000230332
1370.9831496 0.922129572837 12.0761875714 5.59646087166 0.00184910170509 560.728 -1111.456 -5.16714e-06
1614.05545217 0.939902082091 11.8182719239 5.98832724347 0.00188720926109 633.966 -1257.932 -6.25998e-06
1614.81050252 0.93749885342 11.8489961856 6.46144126637 0.00184212556875 641.803 -1273.606 -1.18373e-05
1367.38984927 0.984759345875 11.2346026808 5.39820518936 0.00178361090897 453.433 -896.866 -0.000686452
1621.24504962 0.961978628726 10.5779452081 5.37452716109 0.0019323578293 629.236 -1248.472 -0.000444863
1745.91629409 0.948551040074 11.1815632466 5.83724703475 0.00199445281956 593.291 -1176.582 -3.57263e-05
1491.68400977 0.922233944787 12.0299010764 6.2347490045 0.00197083039888 644.096 -1278.192 -0.00300045
1676.26186682 0.943629806706 11.2981403789 5.24884551213 0.00178087136704 625.004 -1240.008 -7.37306e-06
1686.87303223 0.959071267781 11.5598637649 5.87015637561 0.00187534927587 765.32 -1520.64 -0.000342993
1703.0193865 0.954405253012 11.4896903264 5.60913649903 0.00199817919433 652.105 -1294.21 -9.36564e-05
1752.69867557 0.933204159236 11.912951785 7.61503742392 0.00208477133334 722.168 -1434.336 -3.79344e-05
1672.75285391 0.931010153153 11.9990383869 6.90577919707 0.00199026041758 770.906 -1531.812 -0.000365095
1443.12938027 0.967011497676 11.1612635507 4.79860295047 0.00189342096446 608.147 -1206.294 -8.54899e-07
1498.24592612 0.985567805076 11.3218567351 5.42023938981 0.00206353673593 793.573 -1577.146 -3.08456e-05
1599.70016134 0.978829304034 11.2584165344 5.42810161812 0.00190904138608 741.587 -1473.174 -0.00249011
1943.75250046 0.954404085597 10.6397268031 5.77870344306 0.00196718348278 807.83 -1605.66 -1.89393e-05
1773.20949434 0.947079529879 11.2405702937 5.57229300582 0.00178242122728 667.201 -1324.402 -1.98064e-05
1534.19340464 0.965834655759 11.7486893597 6.77159082726 0.00184286763627 649.553 -1289.106 -0.00260808
1755.46447555 0.918050869793 12.0558199676 6.57648924809 0.00196596455226 844.573 -1679.146 -8.43936e-05
1535.2876165 0.948137783942 11.9139650573 5.63799720603 0.00177672087598 663.341 -1316.682 -7.69156e-05
1638.57488687 0.928865403172 11.6695135748 5.80324149782 0.00195344073139 711.41 -1412.82 -1.5442e-05
1656.02457484 0.978741198917 11.165959582 5.26132890467 0.00195782034473 631.327 -1252.654 -4.56592e-05
1767.55114462 0.914686432815 11.9840456945 6.83584233136 0.00202202889987 474.087 -938.174 -4.33699e-06
1879.21638783 0.935453439603 11.6499967523 6.41239723501 0.00179115439702 774.282 -1538.564 -0.000145572
1544.26544819 0.925549716836 11.730425041 5.84567896927 0.00173805865811 652.032 -1294.064 -0.00129679
1579.25587439 0.954092884309 11.7119091186 5.85617073239 0.00186125037605 790.728 -1571.456 -0.000280568
1601.60376248 0.975595852008 11.0466563034 5.22782191023 0.00196991258306 659.218 -1308.436 -1.94476e-05
1446.87390009 0.966967152895 11.6621093763 5.60440673543 0.00178499203196 695.14 -1380.28 -6.97418e-05
1519.80663053 0.944782838076 11.5727533131 5.74289805998 0.00186518033796 556.835 -1103.67 -0.000313498
1515.93123012 0.932413399834 12.0012430363 5.9055156348 0.00202801999638 852.91 -1695.82 -0.000570077
1706.74979409 0.973767915633 11.0074105548 5.6923675708 0.00190699112057 652.287 -1294.574 -0.0103808
1789.67251622 0.944272657685 11.5365089645 6.10781334846 0.00181768083363 813.835 -1617.67 -0.00113335
1547.92052834 0.937741460864 12.1252081749 6.41883719582 0.00196894861526 518.771 -1027.542 -4.05084e-06
1712.53219777 0.96921095493 11.7349980374 5.88122581425 0.00190974566161 790.775 -1571.55 -2.90316e-05
1613.33908466 0.963306504533 11.2908052437 6.07033080924 0.00195438550343 603.035 -1196.07 -0.00151094
1519.69927634 0.967076234065 11.8620805504 5.84890765824 0.00194132548925 893.984 -1777.968 -0.00207192
1715.48155298 0.964551851772 11.2820305217 5.77566314995 0.00196399568275 722.357 -1434.714 -0.000608354
1405.53382934 0.935932163901 12.3693288218 5.67002142986 0.0017343188885 688.836 -1367.672 -3.47814e-05
1650.96290646 0.982160549931 10.7022843883 5.56108439914 0.00181845552505 527.592 -1045.184 -2.46553e-05
1592.65418594 0.944500658558 11.3158361609 5.7343739076 0.00179051567462 671.833 -1333.666 -0.00104521
1471.7850231 0.983933869142 11.1623981099 5.31935652707 0.00171540278093 678.904 -1347.808 -0.00152052
1595.68237892 0.950032354772 11.3377147431 5.50733893603 0.00178041652532 599.556 -1189.112 -1.57037e-05
1670.76562114 0.933022987932 12.1101854606 6.20189980422 0.00182127764536 847.058 -1684.116 -5.59463e-06
1538.59010068 0.948846039638 11.4062956928 5.75631435739 0.00189653051041 666.436 -1322.872 -0.00187028
1489.32934381 0.942990282746 11.7740365418 5.84155435263 0.00187375859828 612.203 -1214.406 -2.36518e-05
1556.01134775 0.947331891527 11.8474000651 5.52358293284 0.00197246832201 699.808 -1389.616 -0.00597186
1687.15476643 0.947720716267 11.3791027008 5.83924447169 0.00193679800531 641.277 -1272.554 -0.00182482
1700.65975617 0.949544728085 11.02371131 5.31943808507 0.00193838563534 620.478 -1230.956 -4.03274e-06
1621.60795807 0.935343507368 11.9856196213 5.92801161837 0.00169342152523 713.701 -1417.402 -9.97528e-06
1637.34711341 0.980527515024 10.7954891227 5.35678393714 0.00194579736768 668.408 -1326.816 -0.00632751
1473.67478636 0.996854766643 10.9843607761 4.59481501794 0.00193062207887 636.413 -1262.826 -0.000465991
1495.4267128 0.940698906408 11.0669318448 4.99044361985 0.00182146242533 537.718 -1065.436 -0.0042092
1616.27632431 0.974224022893 11.3570156375 5.32424977481 0.0017332274449 780.706 -1551.412 -0.000438153
1809.89800228 0.934844440738 11.3697332922 5.77063971717 0.00192535835608 750.012 -1490.024 -8.21155e-05
1635.1740048 0.951550073616 11.3396402657 5.42724710564 0.00165394102858 694.113 -1378.226 -2.56224e-05
1577.08648365 0.884627775014 12.4707080113 6.1953710112 0.00218725833556 537.113 -1064.226 -4.47967e-05
1653.7566507 0.964414377679 11.5127636673 5.67278214713 0.0019702879106 746.308 -1482.616 -0.000756842
1807.66135388 0.944239414224 11.1550527272 5.19489448602 0.00184874378584 634.142 -1258.284 -4.15073e-05
1664.74520631 0.998023697222 11.2542271451 5.54238593588 0.00206817615811 595.107 -1180.214 -0.000903812
1767.04663635 0.919365902824 11.6312506752 5.98122401605 0.00172240480767 599.019 -1188.038 -4.64989e-05
1832.95537842 0.969737574679 11.2995826382 5.6766591885 0.00191933613447 888.387 -1766.774 -0.00101106
1517.36431661 0.944316517552 11.748060726 5.47980869171 0.00199116219068 717.769 -1425.538 -7.37705e-06
1460.88109251 0.975264535107 11.5746781131 5.66332960922 0.00159433653502 771.283 -1532.566 -3.33398e-05
1691.72354065 0.959285235674 11.1334547567 5.16879761206 0.00174492785776 566.853 -1123.706 -0.00159382
1444.60571608 0.927600777841 11.8772876819 5.65133416617 0.00156040314003 632.424 -1254.848 -1.87261e-05
1754.20991075 0.967893881672 11.1192166386 5.37564200499 0.00184364796763 641.713 -1273.426 -0.00378446
1536.08593945 0.982815994216 10.3728823773 5.08955621353 0.0021350053947 442.152 -874.304 -0.00119229
1432.51704038 0.929125893144 12.2100839968 5.36370307454 0.00188002988732 662.482 -1314.964 -6.90774e-06
1519.17170464 0.946060678486 11.8956214719 5.47465206224 0.00183168575862 661.292 -1312.584 -9.13911e-05
1709.20789016 0.965527657315 11.6780867044 6.22400319286 0.00174349445992 648.519 -1287.038 -0.0037745
1613.91822631 0.935339172888 11.5142889206 5.73454018258 0.00184139287152 439.464 -868.928 -0.000290784
1537.02665423 0.9002124839 12.6166436076 6.83525170119 0.00193704403628 684.554 -1359.108 -4.32489e-05
1685.94877035 0.944703978654 11.789886534 6.51175840702 0.00206270586167 667.21 -1324.42 -0.000892842
1739.90360775 0.935539880847 11.309766461 5.47569245947 0.00185373188466 667.921 -1325.842 -0.00034926
1790.86826539 0.943112404103 11.4302009698 5.51734169732 0.00185468253533 653.892 -1297.784 -0.00189178
1870.05374356 0.939038765883 11.7768294266 7.10950288512 0.00194422389299 708.614 -1407.228 -0.00361712
1732.8764487 0.941715028208 10.7115358065 5.33484025006 0.00185525073637 519.718 -1029.436 -1.72761e-06
1447.62199446 0.951890005791 12.2103987184 5.83014767079 0.00191077245137 677.983 -1345.966 -8.1658e-05
1464.46855804 0.963757542699 11.7766226117 5.80743064129 0.00193611554011 781.297 -1552.594 -6.9602e-06
1302.90896969 0.924950486559 12.8982730847 5.87233260074 0.00182777806779 734.993 -1459.986 -4.53431e-05
1732.88921558 0.917419299308 11.4522473963 6.69647029662 0.00195677981041 554.608 -1099.216 -5.44573e-06
1891.31841642 0.964675841467 9.99534421068 5.29032411328 0.00203403990318 482.622 -955.244 -0.000118449
1521.76204585 0.941993928875 12.0050796804 5.72241964144 0.002041317132 706.422 -1402.844 -4.13475e-06
1677.53048318 0.937284277081 11.5846602404 6.02294912486 0.0018198663021 676.23 -1342.46 -5.40826e-05
1629.31822932 0.904559196994 12.0674930309 6.79623554585 0.00191803942173 615.465 -1220.93 -6.36236e-05
1336.52016307 0.959952739647 11.120982425 4.64446043388 0.00173825969174 577.817 -1145.634 -7.3559e-05
1659.48539487 0.92136690485 12.012283449 6.01743379543 0.00181814677203 654.431 -1298.862 -8.46221e-06
1447.47709393 0.983295699194 11.5636747804 5.39181054702 0.00194916595087 569.451 -1128.902 -0.000106751
1622.54283585 0.917327746734 12.2593393922 6.6420800237 0.00182313077968 717.152 -1424.304 -0.000368021
1600.57604505 0.971307308755 11.3820496304 5.47416311075 0.00201208021355 700.264 -1390.528 -0.000572185
1751.33167298 0.894579346552 12.5168591406 7.16239167756 0.00181398741583 779.163 -1548.326 -6.7889e-05
1550.42877706 0.968102101487 10.9950453935 5.60064407053 0.00178873374446 585.014 -1160.028 -0.000156634
1358.34306809 0.971852817808 11.4750874356 4.84057276479 0.00182075077237 766.936 -1523.872 -0.00035555
1696.79823083 0.925693353887 11.4906472668 5.23137532747 0.00163125457586 575.955 -1141.91 -0.00609973
1805.20620557 0.945461415927 11.2221459722 5.56036528483 0.0016247474699 758.613 -1507.226 -3.41398e-05
1536.43025664 0.929654229043 12.0400675546 5.38164030032 0.00189424842478 720.714 -1431.428 -2.49843e-05
1636.7937715 0.974723908984 11.4027952148 5.37732133289 0.00175982218797 696.632 -1383.264 -0.00200794
1374.08170254 0.931770781888 12.1087674929 6.16335334097 0.00194916884855 734.381 -1458.762 -0.000747645
1656.09509841 0.969893367899 11.3138633784 5.83089101083 0.00181258389964 690.387 -1370.774 -0.000222678
1599.11354843 0.974921129956 10.3594504504 5.06425278856 0.00174098885863 460.85 -911.7 -0.0035356
1589.96077095 0.954383225078 11.5382859177 5.74086423601 0.00204108212554 672.484 -1334.968 -1.90629e-06
1736.68754285 0.999999908945 10.1425463044 5.45009935875 0.00190686922918 432.943 -855.886 -0.00606028
1434.22898185 0.930592949078 11.4274332269 5.07399821931 0.00184903040656 520.537 -1031.074 -5.9577e-05
1619.86904294 0.920629205977 11.9781150393 6.39112373717 0.00190484520379 643.087 -1276.174 -0.000529595
1645.60019496 0.920926179546 11.859322483 6.18143535399 0.0017526599505 711.079 -1412.158 -0.00212744
1426.8402406 0.900774269742 12.0708358276 6.78047543357 0.00209592608824 707.926 -1405.852 -0.000620432
1513.66695249 0.979750802069 11.2056689889 5.17675893442 0.00175546671088 591.474 -1172.948 -0.00316507
1407.65716602 0.970697037938 11.5804881839 5.21776209796 0.00196431766963 606.851 -1203.702 -0.000280969
1603.50126113 0.924933376368 11.6357527144 5.7401090646 0.00193474591348 594.012 -1178.024 -3.85335e-05
1526.9439054 0.919303637935 12.0810648463 5.799047509 0.00177360849341 616.437 -1222.874 -0.00343697
1711.07894064 0.86133713216 12.5853040849 6.86530848012 0.00170045808545 598.782 -1187.564 -0.00130957
1444.63850473 0.92724878281 12.2745014269 7.26843751271 0.00172131487397 637.913 -1265.826 -7.06524e-05
1681.02530277 0.958746709576 11.4965025677 5.79027251519 0.00179155994484 730.391 -1450.782 -0.000772996
1591.47054492 0.973274909312 11.1367086157 5.33734420023 0.00185054296331 670.901 -1331.802 -6.11297e-06
1722.4185434 0.95831330289 11.6187062969 5.86431242641 0.00184265392944 727.903 -1445.806 -0.000973258
1615.90212294 0.904757700951 12.6675295164 7.15477254878 0.00179325166383 710.19 -1410.38 -0.00427825
1663.65556457 0.940374539869 11.8402735173 6.39276411121 0.00199006521262 747.602 -1485.204 -1.71117e-05
1551.88187528 0.94226057873 11.9367254873 5.70391380467 0.00200161869857 538.946 -1067.892 -2.69988e-05
1524.92455045 0.955001937952 10.9339293861 5.18111909855 0.00175235982947 566.842 -1123.684 -0.000335907
1645.78313508 0.975732683745 11.2928642157 5.76268221878 0.00193146422189 627.827 -1245.654 -7.85633e-06
1807.22230775 0.991945763444 10.7519884679 5.86548656541 0.00205293215205 671.655 -1333.31 -5.67932e-05
1708.42444516 0.954824447722 11.1925955575 5.97342407206 0.00178606189283 608.734 -1207.468 -0.00273047
1852.10133887 0.909408131618 12.1562261877 7.20799359904 0.00194855372393 759.902 -1509.804 -0.00106036
1646.65226467 0.93833763956 11.385790089 6.48027312188 0.0019716045907 399.183 -788.366 -0.00043804
1807.69992376 0.91204421332 11.6406269224 6.27942275539 0.00188569085902 711.558 -1413.116 -3.33497e-06
1616.8382217 0.983071401062 10.3968987441 4.63876276965 0.0017852610279 614.416 -1218.832 -0.00122909
1594.32461127 0.928454966608 11.8948291944 6.10221298264 0.00206177117046 666.41 -1322.82 -1.52938e-06
1598.16140158 0.91338271959 11.3992943571 6.53632986178 0.00190063970673 441.817 -873.634 -9.89963e-07
1643.56988 0.962995344095 12.1353559066 5.91548167869 0.00176248413086 819.097 -1628.194 -0.00200388
1523.39803595 0.946177920995 11.284113217 5.53915005971 0.00169685923646 622.521 -1235.042 -0.000424673
1544.53425649 0.939405618537 11.3652732674 5.40820574322 0.00204427024197 666.7 -1323.4 -5.04765e-05
1452.51352664 0.926243571894 11.6762008368 5.67303670695 0.00179084898022 658.181 -1306.362 -0.000113206
1755.45085926 0.953879170257 11.0749665717 5.60313668232 0.00186960343873 744.969 -1479.938 -5.39613e-05
1674.63798188 0.943645180888 11.8132653941 7.41537460383 0.00181063966598 780.046 -1550.092 -0.000210775
1449.09419918 0.949881618794 11.5596195515 5.43459210345 0.0019896929826 580.41 -1150.82 -0.000142058
1576.34284626 0.953905149833 11.8259764042 6.83346702664 0.00183067364601 665.022 -1320.044 -0.000564474
1592.58508723 0.915795984245 11.7129964469 5.9630727428 0.00184252817448 501.303 -992.606 -0.000660893
1730.03754241 0.93200334956 11.3430021803 6.24778467538 0.00197610058317 622.606 -1235.212 -9.94511e-06
1834.24643726 0.965677552767 11.0267159732 5.27578158128 0.00191193089694 859.562 -1709.124 -1.96922e-05
1430.57725706 0.991643285095 11.193192269 4.95790581648 0.00197141160618 570.294 -1130.588 -0.000989238
1803.3577806 0.971369018384 11.0632897821 5.56483549544 0.00191269713956 733.332 -1456.664 -8.04363e-05
1569.20605896 0.919912855668 12.0894606982 5.91786837827 0.00194425551214 685.342 -1360.684 -8.14196e-06
1435.80445173 0.944817971498 11.6888529648 5.60995935482 0.00189887093272 619.382 -1228.764 -3.3886e-05
1559.59446168 0.936056819178 11.0649885873 5.57181444861 0.00201983490489 557.637 -1105.274 -0.000651713
1594.38632537 0.934492396354 12.0317131405 5.64636811787 0.0018033653959 499.006 -988.012 -6.21749e-05
1191.76962613 0.95858654633 11.9233005434 4.96197542229 0.00185409638753 507.08 -1004.16 -1.95749e-05
1576.80393584 0.955777540239 11.1742550649 5.3141928399 0.00186838273741 676.967 -1343.934 -4.41302e-05
1585.86937803 0.925916635795 11.4212729681 5.61927792907 0.0017905036398 690.377 -1370.754 -6.60217e-05
1510.2390576 0.983750389412 11.1239382255 5.261049333 0.00183837703394 638.541 -1267.082 -1.0696e-05
1751.73423327 0.955283310216 10.968480668 5.49402816515 0.00193800333559 680.435 -1350.87 -5.16465e-05
1663.88630773 0.946879560988 11.6418646597 6.56666303035 0.00190751139328 705.386 -1400.772 -1.0979e-05
1601.04826763 0.915150290607 12.1119532281 6.25908286425 0.00188358346143 625.964 -1241.928 -0.000277426
1593.00393789 0.955517122324 11.3152051227 5.41061450221 0.00199079581154 561.749 -1113.498 -0.000945849
1587.82608501 0.960775235301 11.5807843318 5.76560472723 0.00186273015346 626.832 -1243.664 -0.00125979
1488.1912489 0.971670813335 11.7729115048 5.33106295148 0.00183534169529 577.734 -1145.468 -4.53895e-05
1487.82638668 0.967108308737 11.6430490167 5.85457358107 0.00197632614163 735.01 -1460.02 -1.44022e-05
1517.82838346 0.978668208592 11.0786730562 5.63839515662 0.00179132648159 628.277 -1246.554 -3.33513e-06
1631.36519841 0.953584659655 10.9676887398 5.02121159678 0.00170134126787 569.073 -1128.146 -7.93724e-06
1565.85423089 0.925992392658 11.6580133654 6.04669520624 0.00204997886999 488.485 -966.97 -7.14698e-06
1539.0214469 0.95893398747 11.3049522815 5.01210501834 0.00188116491273 599.712 -1189.424 -4.8382e-05
1478.24136037 0.972692916663 11.7617066029 5.97257028819 0.00200380673721 748.296 -1486.592 -0.000158649
1558.68385321 0.89545854312 12.5013381373 6.60649085057 0.00185205352721 693.848 -1377.696 -0.000137246
1723.77439844 0.947483013338 11.0375000284 6.05647953852 0.0018878213992 596.798 -1183.596 -0.000426036
1483.14242854 0.871691217723 13.0816572536 6.95317914758 0.00183363372819 750.719 -1491.438 -0.00421178
1739.54456849 0.936541183985 11.569035287 5.57173161506 0.00197356120335 685.733 -1361.466 -0.00198216
1331.53088908 0.982390101843 11.5094175295 5.34852666657 0.00189902948367 668.056 -1326.112 -5.94596e-05
1506.49731976 0.970687530352 11.5739789958 5.46939657248 0.00181694504442 838.266 -1666.532 -0.00216451
1472.02092007 0.931117553226 11.9840037078 5.32266465068 0.00198004517782 547.291 -1084.582 -0.00186146
1904.45291481 0.907167572322 11.6025252537 6.88444649373 0.00194327073877 607.888 -1205.776 -0.00222871
1727.23334656 0.955934775798 11.8253800727 7.03060761222 0.00195733689812 812.455 -1614.91 -0.000103334
1585.13764471 0.938029619503 11.7542555298 6.18392283721 0.00216396126018 644.13 -1278.26 -3.2908e-05
1703.45419646 0.957025242797 11.2743560044 6.29272967376 0.00185510792838 615.322 -1220.644 -6.49539e-05
1627.18545082 0.957808469392 12.0245973888 6.173892538 0.00187707461796 735.164 -1460.328 -2.22747e-06
1447.3748885 0.972585243811 11.5157049137 5.09711602549 0.00178392003392 550.393 -1090.786 -0.000397903
1503.70260401 0.962951855879 11.4171384579 5.60519391713 0.0019883705904 726.072 -1442.144 -0.000282362
1873.11723022 0.947063836359 11.4110045578 6.04422197755 0.00195070316011 804.295 -1598.59 -2.2336e-06
1523.11674655 0.928463601984 11.8527855549 6.3685043849 0.00186765158339 802.509 -1595.018 -8.42135e-06
1551.51010826 0.941355451861 11.562122951 5.73909907054 0.00192589539871 622.207 -1234.414 -4.4843e-05
1671.00736847 0.95279734734 10.9016840432 5.78357878369 0.00173011024396 548.508 -1087.016 -1.03183e-05
1712.70497688 0.92525163128 12.6046622099 7.56982718175 0.00200959202612 856.956 -1703.912 -0.000429819
1666.75620779 0.96401319338 11.2587079975 5.23218292869 0.00191617004486 747.495 -1484.99 -0.00404895
1863.62639532 0.944076193422 11.4674349069 6.35074563763 0.00197356593845 893.007 -1776.014 -0.00030002
1543.68875826 0.927490053621 12.2509077298 7.28535395144 0.00189286095131 634.996 -1259.992 -0.000224963
1808.29995341 0.919038721563 11.8657091922 6.86179903083 0.00185168134714 788.429 -1566.858 -0.00267316
1713.68162297 0.94270680976 11.5788937404 5.94882592851 0.00181403423394 737.424 -1464.848 -0.00013747
1664.89661005 0.918886262922 11.7414902416 6.3472013435 0.00204905807322 647.521 -1285.042 -0.000350878
1728.53498808 0.906521431618 12.1509840204 6.19867806236 0.00177752475516 708.403 -1406.806 -0.00175509
1636.77955228 0.922614482518 11.2881500397 6.4528120859 0.00176830879384 524.522 -1039.044 -0.00114041
1652.38676749 0.901509173439 11.7422112848 6.21121442115 0.00197830987148 508.664 -1007.328 -0.000116228
1610.28999895 0.934106262361 12.0123906126 7.32151560462 0.00195005639414 774.11 -1538.22 -1.08949e-06
1575.06863587 0.939394409638 10.6254589236 5.08125153188 0.00176781471128 358.554 -707.108 -0.000718647
1567.9510463 0.920963573715 11.6586992623 6.14632062045 0.0020467663453 491.5 -973 -0.00059081
1654.10024997 0.935807063396 11.7366884331 5.42254563586 0.0019169736909 672.13 -1334.26 -0.000455828
1557.48335497 0.999999983122 11.2167514506 5.3391631911 0.00186326166163 906.079 -1802.158 -1.11767e-05
1782.11836232 0.937126840471 11.2139448288 5.54559401267 0.00193504125501 662.212 -1314.424 -7.13332e-05
1481.99952878 0.920730084171 11.7258840398 6.45360186415 0.00180045319209 551.259 -1092.518 -9.41897e-05
1575.21955024 0.944840584903 11.4262917953 5.59776292503 0.00178620522262 613.063 -1216.126 -5.55208e-05
1709.63807504 0.946021769284 11.063736068 5.36100916189 0.00210045250082 495.857 -981.714 -7.78489e-06
1657.37539169 0.950557746802 11.2988912694 5.61090093487 0.0016897749866 644.635 -1279.27 -0.000293472
1680.81179736 0.99999995007 10.7051043505 4.96816149944 0.00196030507382 722.852 -1435.704 -0.00649965
1675.48779813 0.962356419514 11.6295692592 6.04768120221 0.00204654679314 699.543 -1389.086 -1.5047e-05
1589.56012076 0.912537014353 11.6785927046 5.7412931509 0.00207597244395 571.904 -1133.808 -2.90529e-06
1692.75916911 0.935370672192 10.9642033191 5.93411485752 0.00201346170292 448.039 -886.078 -5.35264e-05
1560.67017906 0.944389289067 11.6993780553 6.27488971931 0.00195289085458 619.343 -1228.686 -0.000191072
1609.22564553 0.903737129483 11.5995964191 5.95492756557 0.0018812003455 507.456 -1004.912 -0.000612216
1522.21753743 0.931321794677 11.6529536385 5.67060892854 0.00194771394568 570.129 -1130.258 -0.000160476
1491.93252946 0.925005751989 12.4077738376 5.78544813091 0.00200535190675 553.073 -1096.146 -6.21196e-05
1589.5111568 0.977964436269 11.2769391865 5.28621986747 0.00183037650592 620.897 -1231.794 -7.08523e-05
1649.42884753 0.941098320644 11.3786634113 6.20157460235 0.00176303086574 460.979 -911.958 -1.00145e-05
1575.67279241 0.93058194053 11.6941961791 6.09063254364 0.00186136495106 604.743 -1199.486 -0.00078937
1545.30232016 0.933894423235 12.4522854162 7.12156363762 0.00189037327458 732.338 -1454.676 -0.00666574
1587.96366547 0.908261803282 12.1268909207 6.25131432631 0.00180791188131 751.557 -1493.114 -0.00184359
1581.81051449 0.982038770303 11.248162558 4.87546786604 0.00181574085212 477.845 -945.69 -3.43631e-05
1590.1084312 0.928973983075 11.797324469 5.84169773752 0.00193460303888 550.61 -1091.22 -5.12238e-05
1330.29302058 0.983410330915 11.1037341726 4.55678040321 0.00199800491707 597.303 -1184.606 -0.000232101
1409.50504635 0.969449871616 11.3292472915 5.11224400202 0.00201828492807 642.404 -1274.808 -0.000391222
1768.82124433 0.939224270617 11.5952987939 5.48321274115 0.00206211380194 833.438 -1656.876 -0.00137222
1602.31051677 0.904961207372 12.3677209618 5.95326417623 0.00174309310874 748.162 -1486.324 -0.00735914
1445.09625324 0.955323579563 11.9990411477 5.7406750626 0.0021069355316 635.353 -1260.706 -7.42434e-06
1766.47036673 0.893904524568 12.2218103445 6.36622342415 0.0019450213995 722.453 -1434.906 -1.15911e-05
1560.11335297 0.944019923859 11.9327684908 6.54161242512 0.00188598744399 684.558 -1359.116 -4.01906e-05
1753.4916576 0.969642798557 11.5162781446 5.71383313371 0.00182691181072 804.183 -1598.366 -0.0025322
1668.29750861 0.925745954476 10.9858184035 5.67200392768 0.00183901845419 413.366 -816.732 -0.000128661
1747.6361111 0.954000123258 11.7501874377 6.01268503068 0.00187774266136 780.638 -1551.276 -0.00133368
1436.7418658 0.946392297441 11.5384636908 5.14707881658 0.0018657216716 636.975 -1263.95 -6.21722e-05
1473.24742242 0.91154802553 11.8981388221 5.89966413299 0.00173103966161 691.466 -1372.932 -0.00248924
1581.254187 0.912460295089 12.9015735295 6.63437264542 0.00186163548466 804.779 -1599.558 -0.000169233
1516.82608035 0.958839936192 11.687849889 5.2829603432 0.00179913132725 613.72 -1217.44 -0.000835582
1485.66858248 0.956020203812 11.8292922228 5.9983837863 0.00189238637538 635.201 -1260.402 -0.000312624
1881.26149381 0.902486516627 11.5363368076 5.92945877876 0.00170731549454 584.141 -1158.282 -0.000723386
1509.71306242 0.974847579159 11.1265718184 5.58904899443 0.00202971248697 732.688 -1455.376 -4.45958e-05
1317.62934489 0.983180415571 11.4997010013 4.87703017669 0.00194431273859 563.904 -1117.808 -0.000218986
1717.80274861 0.933213462064 11.9753807982 7.73028550046 0.00175661018509 773.009 -1536.018 -2.74743e-05
1469.80382651 0.943294082553 12.4582054181 6.30825048938 0.00195332306996 796.898 -1583.796 -0.00046384
1519.46715162 0.903758768564 12.7536816444 6.4829655822 0.00171077109701 789.261 -1568.522 -0.00277194
1555.48322831 0.928664177535 11.8874934373 5.96246865145 0.00198946155661 743.098 -1476.196 -2.02131e-05
1597.98888251 0.912038955206 11.7036956972 6.35306694331 0.00174565638611 640.719 -1271.438 -4.95634e-06
1588.31508462 0.950700662278 11.2012075309 5.54373911728 0.0018273699276 647.452 -1284.904 -6.30463e-06
1567.8408828 0.954618031734 11.5983098023 5.68148990084 0.0021386219573 703.652 -1397.304 -0.00163631
1512.14290075 0.945149384803 11.4537396532 5.01576846368 0.00190178091608 567.148 -1124.296 -1.67552e-06
1786.12078586 0.934778939013 12.1918979144 6.65259959186 0.00180931259974 827.462 -1644.924 -0.00394045
1553.19088238 0.975315828375 11.1523240679 6.01778255741 0.00207790960549 651.393 -1292.786 -3.32466e-05
1499.2552954 0.966345779772 10.895034628 5.08579636729 0.00194530402342 551.281 -1092.562 -0.00038049
1621.66048097 0.969765798105 11.1356550863 5.1673277789 0.00191094337576 691.538 -1373.076 -5.35786e-05
1418.82204372 0.947430532677 11.5768504743 5.12876579547 0.00191816897366 633.853 -1257.706 -5.67114e-06
1871.48792536 0.9370104048 11.7490382176 6.71508794492 0.00185087778437 689.66 -1369.32 -9.30938e-06
1781.59758464 0.973099272579 11.2628071661 5.83428679548 0.00205788847629 771.569 -1533.138 -4.65304e-06
1675.60423666 0.95558865546 11.6121747288 5.72998125528 0.0017773489458 709.718 -1409.436 -3.40234e-05
1764.81764145 0.966294262939 11.2442115107 5.36258414377 0.00194217307237 755.587 -1501.174 -0.000984102
1831.64098144 0.941378449495 10.7823256609 5.46035254526 0.00214915767405 520.842 -1031.684 -6.70693e-05
1652.31722348 0.968699289776 10.8020201959 5.8349777912 0.00202627947199 505.423 -1000.846 -0.000209391
1676.94683567 0.963361972478 11.2572323155 5.90194083585 0.0017967988819 714.541 -1419.082 -0.00473158
1422.11809633 0.971936881906 11.3195815045 4.69101482775 0.001913060238 592.751 -1175.502 -2.71048e-05
1670.7846079 0.950549579271 12.000002598 6.22050018924 0.00192661621656 864.593 -1719.186 -0.00199
1583.02694399 0.958311213311 11.347180545 5.72847566391 0.00208168386973 728.188 -1446.376 -2.89425e-05
1749.47476896 0.961574762661 11.3721249432 5.48481193735 0.00190968367786 806.395 -1602.79 -4.19578e-06
1590.44366582 0.945151378406 12.1282875205 5.8261700917 0.00210360192043 742.874 -1475.748 -0.00197704
1698.98460178 0.940809196353 11.8283596032 6.3721784508 0.00200903265135 578.708 -1147.416 -0.000560255
1695.07842872 0.910979824684 12.1074739955 6.3136726366 0.00188131497048 704.92 -1399.84 -0.000203492
1617.0980605 0.941933069827 11.4317589827 5.43800580807 0.00185910609685 715.175 -1420.35 -0.000861473
1705.94530654 0.930376355319 11.6255092928 6.30812898927 0.00183005044452 612.807 -1215.614 -8.2426e-05
1676.96358096 0.945587492543 11.5167873416 7.00863190422 0.00200247032289 640.44 -1270.88 -1.76301e-05
1762.51631801 0.937930466362 11.7197328133 5.6286459755 0.00200790877813 723.1 -1436.2 -3.47931e-05
1698.34239713 0.938771027755 12.0025840999 5.982440989 0.00184590676633 666.659 -1323.318 -0.00305077
1447.51232326 0.946418958613 11.464009198 5.78390093529 0.0019106409288 570.809 -1131.618 -0.00197437
1416.90399227 0.905794948464 12.0063554558 6.12645627802 0.00182557519657 549.789 -1089.578 -7.3787e-05
1669.22225105 0.926834194397 11.9492234429 6.01948812595 0.00190058330185 836.592 -1663.184 -6.54492e-06
1619.60746741 0.932779569029 11.3655987474 5.41430097558 0.00183508925278 592.163 -1174.326 -0.00183736
1420.58589995 0.914480708692 11.697176047 6.21066500405 0.00208011033953 371.096 -732.192 -6.04185e-05
1580.08592852 0.92002244207 12.0787418652 7.01784647152 0.00181358371099 647.964 -1285.928 -3.68071e-06
1660.8288014 0.957775249169 11.5750814583 6.08977796255 0.00206616879717 720.354 -1430.708 -2.70294e-05
1494.39238977 0.943657931091 12.0028133921 5.80779715886 0.00169577912268 600.841 -1191.682 -0.000728436
1685.1571136 0.970872761618 10.9922454035 5.35395268407 0.00180982657194 658.954 -1307.908 -6.50026e-05
1359.13477298 0.974458740935 11.4473292894 5.42399553421 0.00158798770244 711.909 -1413.818 -2.3938e-05
1535.03082221 0.92674499114 12.0540948741 6.0923658517 0.00188949962343 782.977 -1555.954 -4.69132e-06
1693.16183092 0.941469424172 12.3188124395 6.23431744256 0.00208344624331 729.563 -1449.126 -4.00709e-06
1595.42650969 0.936633102916 11.4434729256 5.70801825827 0.0016856305296 810.674 -1611.348 -0.000104526
1647.35088084 0.919316992818 10.9726411824 5.17288826448 0.00199747328122 524.186 -1038.372 -0.000110619
1498.91066624 0.919713656681 11.9857451161 5.71441601333 0.00190702039715 713.468 -1416.936 -8.98872e-06
1760.70641378 0.958302859846 11.1935167823 5.14025638343 0.00180096130786 876.197 -1742.394 -4.45376e-06
1437.13952726 0.941098770461 12.1788565695 5.85437224479 0.00178538114293 761.917 -1513.834 -1.16664e-05
1579.32224875 0.971005859665 10.9199140417 5.31643218018 0.00168429003522 554.34 -1098.68 -3.47787e-06
1713.34116686 0.954123894927 11.835797297 5.95940462151 0.00200146249019 735.518 -1461.036 -8.5422e-05
1396.56222757 0.973765521264 11.3526998754 4.59068502291 0.00163969063882 622.917 -1235.834 -0.000202899
1711.08674708 0.959164530745 10.8750779989 5.2710067316 0.00178932745842 602.763 -1195.526 -2.28467e-05
1679.91753499 0.979979103893 10.99202052 5.46918934113 0.00186561631699 450.972 -891.944 -4.39746e-06
1428.57031727 0.918663458122 11.5295301821 5.24708738441 0.00204247095348 520.508 -1031.016 -0.000393074
1678.99631674 0.944428071581 11.8100380707 5.83809791691 0.00179576051251 897.085 -1784.17 -0.000269783
1911.38834825 0.924104203056 11.9573179037 6.82583733564 0.00197062751117 1038.77 -2067.54 -7.88063e-06
1408.62688421 0.932855586333 11.8107589768 5.85847976905 0.00209714417498 710.61 -1411.22 -0.000665335
1723.2020816 0.950637119963 11.265941991 6.01422985737 0.00178661134775 729.668 -1449.336 -6.46598e-06
1783.22561279 0.91678811613 11.3252236511 6.03824149857 0.00206446778561 526.808 -1043.616 -0.000530054
1665.88339944 0.949362713284 11.1848940648 5.13421213186 0.0017911360839 745.989 -1481.978 -0.000359163
1635.20018316 0.911062654523 11.9342484057 5.79387529633 0.00164412842785 745.523 -1481.046 -0.00889242
1800.64888294 0.959726396472 11.4518416216 6.07708250638 0.00179738164352 771.876 -1533.752 -2.88895e-05
1727.17976977 0.978309958338 11.1042910644 5.74628442172 0.00177564625226 685.627 -1361.254 -0.00244606
1591.56540544 0.952824656083 11.8023705928 5.70099853284 0.00203152548117 937.88 -1865.76 -1.34103e-05
1449.21710539 0.909192075409 12.6265263293 6.44322960121 0.00187542337771 669.503 -1329.006 -0.00131787
1471.17478431 0.9594184731 11.7483193609 6.22011563653 0.00208484539632 738.651 -1467.302 -8.76299e-05
1522.58490264 0.919624613433 12.1327155132 5.23539646413 0.00198446746813 703.681 -1397.362 -8.51057e-05
1553.30530513 0.98418549702 10.7607199876 4.79262844083 0.00159746136319 715.806 -1421.612 -0.0122855
1450.98901985 0.931186891018 12.3139721372 5.89927192546 0.00183353076055 603.146 -1196.292 -3.78446e-06
1591.34305721 0.933598433036 12.421929461 6.8135123359 0.00191003918237 778.796 -1547.592 -0.00141249
1472.39125317 0.867519733951 12.914722819 6.8503202101 0.00176202749613 548.571 -1087.142 -0.00150823
1630.89944489 0.93489225404 11.6853995525 5.52156975845 0.00188785754252 742.235 -1474.47 -4.64703e-05
1758.35348411 0.880653155013 12.8165026696 8.7672436152 0.00180681953843 704.031 -1398.062 -5.10625e-06
1448.01938991 0.970747148698 11.1538440345 4.85299727322 0.00200831838382 658.811 -1307.622 -1.82028e-05
1443.2673944 0.968431534344 11.80142343 5.11341103912 0.00175666726165 811.122 -1612.244 -2.41156e-05
1510.58741207 0.949831617416 11.8066650593 5.5676312104 0.00201254269361 690.577 -1371.154 -0.00124405
1544.45199189 0.913198715878 11.6023713742 5.75971895105 0.00182636031854 504.502 -999.004 -0.00316215
1474.62782285 0.922245222098 12.2364435635 6.41817330622 0.00189357543534 692.207 -1374.414 -7.17028e-06
1473.43213463 0.916792885719 12.1896718237 6.36244797496 0.00184466200093 529.224 -1048.448 -8.59217e-05
1835.83835638 0.947496336529 11.2031048671 6.25421787973 0.00189071241441 727.571 -1445.142 -0.000136477
1606.58544115 0.925189461526 11.5383981167 5.43996449437 0.00187969018683 677.537 -1345.074 -0.00123083
1587.28913066 0.961447950397 11.418218195 5.33692742737 0.00206574922168 679.092 -1348.184 -5.76663e-05
1725.02068612 0.932089034567 11.5876213472 5.60936111151 0.00199288793246 728.636 -1447.272 -9.02805e-05
1484.32032901 0.96697544618 11.1875163268 5.43860669597 0.00210059518668 669.607 -1329.214 -0.000125713
1169.37301563 0.964825303461 11.7987364208 5.3939421342 0.00205542580178 466.376 -922.752 -0.000219352
1692.40443528 0.98813662414 10.6435967793 5.19551292333 0.00216636197869 574.56 -1139.12 -0.00125411
1642.47813439 0.912028894612 11.7920924491 6.64322446109 0.00188112104227 670.467 -1330.934 -1.33447e-05
1696.99227723 0.972455433298 11.5387364864 5.28901999607 0.00176837911536 597.328 -1184.656 -9.8947e-06
1748.83502939 0.943997902732 11.7263218896 5.55304321745 0.00187472313784 831.239 -1652.478 -4.94565e-05
1722.8244642 0.929619599187 11.9937122914 6.28288673797 0.00184196747854 758.729 -1507.458 -7.85386e-05
1539.98687723 0.963840486629 11.2335792886 5.64700946742 0.00179044977733 724.747 -1439.494 -0.00128088
1490.15929312 0.947536201609 12.1088797395 5.8875872075 0.00180899116242 659.118 -1308.236 -0.000796242
1757.23380514 0.910744776055 12.2030768519 6.57887138012 0.00173188550723 632.981 -1255.962 -2.57685e-05
1434.16334235 0.904774989957 12.7038396951 6.07534050323 0.00181141798228 696.439 -1382.878 -0.000301948
1422.9906962 0.962747889553 10.9280791176 4.6439295946 0.00167334888723 466.186 -922.372 -1.75899e-06
1656.37076653 0.925775981215 12.0930974966 6.50969528548 0.00193413704497 582.209 -1154.418 -3.14018e-05
1465.78666473 0.900093433182 12.9257403741 6.26417920818 0.00194502215445 636.887 -1263.774 -0.000414567
1879.61264878 0.949792627255 10.4449121 5.08294993797 0.00169706594333 687.209 -1364.418 -5.70678e-05
1561.41879915 0.965472000815 11.4723778632 5.08514040929 0.00164446514184 693.126 -1376.252 -9.40647e-05
1727.72422351 0.916648055821 11.9224281364 6.57235777831 0.00195304062367 583.937 -1157.874 -0.000858973
1685.90406517 0.952327682418 11.2061832789 5.50403801153 0.00176910108785 711.619 -1413.238 -0.000144306
1466.94607059 0.951767802913 11.9850880835 5.63801684141 0.00212595679394 560.282 -1110.564 -0.000188057
1559.571354 0.879322868304 12.6600216458 6.31461145659 0.00188526453893 498.087 -986.174 -8.79198e-06
1574.70282807 0.959499928175 11.7430607081 5.93810241957 0.00203376565588 732.007 -1454.014 -2.515e-05
1686.47985582 0.942795379333 11.9776896592 6.31488959031 0.0018810430269 736.262 -1462.524 -9.2585e-05
1496.18759842 0.958102095602 11.7662367569 5.35659320852 0.00176870242341 737.834 -1465.668 -0.00023793
1589.03208557 0.979267006191 11.1924401497 5.23206971201 0.0019640924831 808.625 -1607.25 -0.00146725
1590.18511243 0.972821217084 11.1002843588 5.15381785692 0.00171375417191 634.228 -1258.456 -0.000290616
1417.89836357 0.946830824739 11.512778385 5.69252311533 0.00175125199897 481.054 -952.108 -0.000167713
1368.98703322 0.974361828683 11.8499563101 5.39963094753 0.00190194683336 594.121 -1178.242 -0.000784393
1701.47228024 0.973486633514 10.9182697296 5.3237526135 0.00195562777083 603.443 -1196.886 -8.71262e-06
1404.75914289 0.93477257584 12.4435696891 5.5421110231 0.00193413101646 784.99 -1559.98 -3.47324e-05
1410.27130974 0.90802529497 12.3276246812 6.27548582145 0.00177886511632 606.189 -1202.378 -2.68623e-05
1679.65954529 0.954619537944 11.5625305161 5.85340534016 0.00163867212577 736.178 -1462.356 -8.40021e-06
1679.5307247 0.964749936838 11.2082949243 5.30648302921 0.00188324581485 660.001 -1310.002 -6.5318e-05
1679.67792179 0.938714731735 11.6299307157 5.41116665735 0.00194043444091 809.084 -1608.168 -3.63253e-05
1488.3219028 0.993653897923 10.9471393527 4.85284564554 0.00192144453126 621.427 -1232.854 -2.0168e-05
1495.85581625 0.901126447677 12.5768586345 6.06271983811 0.00200352898716 723.565 -1437.13 -1.49252e-05
1523.09968821 0.944455524373 12.2255180351 5.72115300981 0.00194771894724 637.297 -1264.594 -0.000681525
1594.64177634 0.957898926212 11.6560273003 5.6395264961 0.00198739522062 776.961 -1543.922 -0.000417933
1603.53737577 0.932563549295 11.3736509796 4.93237105984 0.00177498878928 516.545 -1023.09 -0.000720695
1760.52444907 0.939797780158 11.2837733568 5.68399739244 0.00178041656418 618.855 -1227.71 -0.0155145
1588.26628954 0.957684646238 11.3418576553 5.46124886546 0.00193906616874 689.742 -1369.484 -3.87255e-06
1573.36298475 0.963317326288 12.0106271269 5.50024111848 0.0019392543571 781.565 -1553.13 -3.92697e-05
1894.82983272 0.941221292019 11.2507672164 5.9515721426 0.00169394477889 732.534 -1455.068 -0.00118508
1594.78165569 0.957107468772 11.4766836766 6.13767281986 0.00204320103614 590.327 -1170.654 -0.00027599
1721.21987959 0.918726673056 11.4130791943 6.46288512756 0.00206109830314 610.571 -1211.142 -0.000190809
1540.62337268 0.948725091427 11.6151140345 5.40277959881 0.00191907745806 652.37 -1294.74 -4.23421e-05
1690.1958752 0.940950878938 11.3359529922 5.41666538656 0.00184613479504 741.745 -1473.49 -0.000174968
1471.00641119 0.927811952969 11.5706432916 5.76269071656 0.00170049512249 636.089 -1262.178 -0.00221453
