"D" "g0" "sigma" "sigmatoa" "logLik" "AIC" "maxgrad"
1616.34955978 0.999999994952 8.84173926106 0.00189653370786 656.399 -1304.798 -0.000397306
1487.3080358 0.99999999247 9.03476936349 0.00187293265896 496.909 -985.818 -0.00377789
1208.51456802 0.999999993558 9.64996286715 0.00187731443169 610.822 -1213.644 -9.55205e-05
1422.28450816 0.999999993067 9.4491865226 0.00186602278074 689.049 -1370.098 -5.92097e-06
1362.18901508 0.999999993443 9.84052012575 0.00168966742264 584.558 -1161.116 -0.00285838
1409.15889015 0.999999995372 9.28210658101 0.00183477332771 785.169 -1562.338 -0.000181207
1313.72087922 0.999999992241 9.39344563733 0.00182095602486 521.179 -1034.358 -0.000561394
1261.36792379 0.999999993779 9.70276788032 0.00169054102939 701.532 -1395.064 -0.000187228
1309.34254514 0.99999999284 9.43826968581 0.00169738442746 568.058 -1128.116 -6.9487e-05
1521.5812044 0.999999994456 9.53109933092 0.00184635919886 656.277 -1304.554 -5.28267e-05
1353.88467617 0.999999995145 9.9969517561 0.00190599762639 819.849 -1631.698 -2.19527e-05
1536.0227851 0.999999993032 9.00151199444 0.00178654715466 498.506 -989.012 -0.000526346
1350.93029581 0.999999993521 9.2124713015 0.00193554673955 574.656 -1141.312 -3.65121e-06
1503.47514416 0.99999999238 8.95247034576 0.00191497563362 453.674 -899.348 -4.57617e-06
1423.76540843 0.999999993592 9.29836522896 0.00192560882795 579.37 -1150.74 -1.36989e-05
1710.45415312 0.999999993368 8.97103954625 0.00184212522458 590.019 -1172.038 -2.80015e-05
1329.97566874 0.999999992704 9.088409879 0.00192524188258 468.251 -928.502 -8.58366e-05
1528.51987512 0.999999995112 9.48313309434 0.00190691929469 750.81 -1493.62 -2.13898e-05
1316.6402309 0.999999992856 9.22324778839 0.00183449108682 567.767 -1127.534 -5.83016e-05
1493.71611648 0.999999994479 9.24718231564 0.00185707029199 622.243 -1236.486 -2.12875e-05
1308.33061997 0.999999994699 10.0774020057 0.00181069958471 739.038 -1470.076 -0.000235071
1347.52846294 0.999999993754 9.63263035922 0.00166959403525 599.545 -1191.09 -0.0023481
1508.40316366 0.999999993834 9.21643875194 0.00165483461934 637.816 -1267.632 -4.95164e-05
1409.42980739 0.999999993448 9.54844005265 0.00181314512293 596.188 -1184.376 -7.08037e-05
1446.34349787 0.999999994839 9.3314670123 0.00182776458413 780.18 -1552.36 -1.39191e-05
1315.33116365 0.999999993139 9.41268141784 0.0018668554147 557.092 -1106.184 -2.2919e-05
1621.09833319 0.999999991293 8.39092725941 0.00186500789812 400.104 -792.208 -2.92504e-05
1482.63443467 0.999999993903 9.4738279958 0.00190094522901 609.995 -1211.99 -0.000699229
1369.45764551 0.999999993291 9.34119509733 0.00170286562073 592.221 -1176.442 -0.00228014
1418.58468972 0.999999993682 9.12179530316 0.00196083349002 612.739 -1217.478 -8.88825e-05
1624.68385382 0.999999993918 9.03549218846 0.00183700832879 568.54 -1129.08 -4.06771e-06
1471.03753456 0.999999994093 9.83653477851 0.00182421057704 712.881 -1417.762 -9.49262e-06
1436.72601257 0.999999994933 9.65229024548 0.00176424627685 819.74 -1631.48 -3.9904e-05
1321.48633628 0.999999995166 9.54140987521 0.00190504709785 757.271 -1506.542 -0.000511833
1402.129985 0.999999993797 9.64988817541 0.00164453670681 659.506 -1311.012 -0.00209158
1378.13194944 0.999999992934 9.20514847951 0.00202049311726 525.628 -1043.256 -8.48372e-05
1547.90341082 0.999999993978 9.07490461062 0.00178156847608 600.771 -1193.542 -0.00102796
1431.9067297 0.999999994214 9.26678066959 0.00169048954834 615.345 -1222.69 -0.00809195
1365.55796163 0.999999993524 9.10174329626 0.00205508817186 508.098 -1008.196 -0.00023274
1501.93175584 0.999999995047 9.44682402938 0.00179185482008 743.55 -1479.1 -5.95244e-06
1488.98275427 0.999999994423 9.49556824653 0.00166410780156 646.728 -1285.456 -0.0006558
1396.15982442 0.999999991968 9.30879794194 0.00165952966369 558.184 -1108.368 -8.82375e-05
1370.2833444 0.999999992163 9.21116174885 0.00180733891186 569.675 -1131.35 -1.90283e-05
1395.79754436 0.999999993067 9.50672171027 0.00168879100149 607.234 -1206.468 -0.00142559
1555.8849486 0.999999994241 9.1829114737 0.00179278862866 625.778 -1243.556 -0.00010812
1625.48182902 0.999999993972 8.94497591007 0.00198350725289 594.068 -1180.136 -4.70604e-05
1491.48724508 0.999999992757 9.34829663043 0.00159870211514 532.642 -1057.284 -7.26324e-06
1414.15004461 0.999999992075 8.91253861674 0.00172036318524 467.758 -927.516 -7.97985e-05
1394.62015918 0.999999992846 8.93608814912 0.00194201407178 486.588 -965.176 -7.87184e-05
1535.22592524 0.999999994047 9.09676711247 0.00194925436348 615.032 -1222.064 -2.22107e-05
1540.16970768 0.999999994546 8.75232576918 0.00189424968489 695.854 -1383.708 -0.00158213
1556.77644309 0.999999993839 9.0893487094 0.00192886513983 594.749 -1181.498 -0.00181137
1760.8455903 0.999999994002 8.81543686981 0.00187392904527 595.019 -1182.038 -3.74491e-06
1487.07101699 0.999999993624 8.84260838589 0.00198022459541 571.203 -1134.406 -0.000433768
1655.51583353 0.999999995085 8.97723215788 0.00172536102627 835.646 -1663.292 -8.4176e-05
1553.99473168 0.999999995557 9.50028257283 0.00167440222243 890.538 -1773.076 -1.20128e-05
1770.32934001 0.999999993438 8.99058842994 0.0018725858475 657.224 -1306.448 -0.000545848
1320.72270985 0.999999994013 9.57028719525 0.00170290597734 648.405 -1288.81 -4.10441e-05
1517.7451814 0.999999993662 8.90169892346 0.00175175716155 571.325 -1134.65 -1.12634e-05
1371.34435363 0.999999995269 9.99316421834 0.00174593523528 862.86 -1717.72 -0.000416759
1717.04342423 0.999999994502 9.03345896768 0.00172792826159 659.819 -1311.638 -4.38633e-05
1640.24779617 0.999999994301 9.02734824242 0.0018425061421 652.425 -1296.85 -1.20557e-05
1356.69027262 0.999999994156 9.26618053164 0.00189368592474 617.546 -1227.092 -0.00010148
1503.70243825 0.999999995246 9.50818505728 0.00207046714773 759.643 -1511.286 -8.87706e-05
1483.67170932 0.999999994491 9.09578304468 0.0016855286944 715.65 -1423.3 -4.42587e-06
1231.8028984 0.999999993916 9.99938344798 0.00186622203802 678.936 -1349.872 -4.97671e-05
1438.86610699 0.999999993796 9.0691263172 0.00200274379858 596.917 -1185.834 -5.94496e-05
1135.87405265 0.999999990363 9.74938052636 0.00175244355693 626.859 -1245.718 -5.67708e-05
1411.98169877 0.999999995098 9.6099321701 0.00172243531105 848.099 -1688.198 -3.77641e-05
1347.20080092 0.999999995451 9.50867374254 0.001823680984 906.234 -1804.468 -7.81929e-06
1323.70284059 0.999999994468 9.73490438021 0.00173788772817 726.38 -1444.76 -0.000923681
1475.68328972 0.999999994473 9.4077883292 0.00203481918537 620.7 -1233.4 -0.000973218
1434.94324978 0.999999995117 9.82169315317 0.00178723454369 788.045 -1568.09 -0.00154737
1342.19181185 0.999999994173 9.87789546747 0.00182885784294 665.566 -1323.132 -8.62262e-05
1295.18804584 0.999999993931 9.65580999964 0.001866992555 672.019 -1336.038 -0.000828852
1472.38011968 0.999999992705 9.44357349291 0.00187107441207 577.001 -1146.002 -1.34351e-05
1346.37901755 0.999999994031 9.30845966609 0.00180897952173 624.872 -1241.744 -0.000168836
1474.97364166 0.999999993037 9.19925527306 0.0018176018135 680.321 -1352.642 -9.00514e-05
1556.37404477 0.999999993852 9.13607132129 0.00177868765272 610.672 -1213.344 -4.78886e-05
1439.37261702 0.999999994261 9.28634244162 0.00166173328986 713.419 -1418.838 -0.000109607
1556.8869609 0.999999994221 9.22428610976 0.00182810837579 577.151 -1146.302 -0.000759013
1474.58814239 0.999999994068 9.20069295859 0.00187711373112 595.83 -1183.66 -0.00143233
1476.87832395 0.999999993331 8.95242161522 0.00180833464314 557.255 -1106.51 -0.000305612
1586.81077633 0.999999994611 9.27411006315 0.00182995935072 674.877 -1341.754 -5.67758e-05
1650.41306715 0.99999999544 9.03705438829 0.00178035564624 796.136 -1584.272 -0.000111889
1581.16671191 0.999999992804 8.93708310012 0.00168273052159 558.855 -1109.71 -0.00320487
1289.44016008 0.999999993293 9.47183684488 0.00173564820849 643.292 -1278.584 -0.000228327
1439.97224054 0.999999994337 9.33209965052 0.00189300060627 720.793 -1433.586 -9.37439e-06
1550.03647345 0.999999995562 9.15841521032 0.00199894126252 823.401 -1638.802 -7.44884e-06
1262.57335602 0.999999991328 9.18286370742 0.00182561950557 419.818 -831.636 -8.75498e-05
1446.42614987 0.999999994347 9.44985042723 0.00179133636813 750.137 -1492.274 -1.95402e-06
1097.85225375 0.999999993412 9.70673478658 0.00160753614864 564.802 -1121.604 -0.000303818
1203.434739 0.999999989786 9.56228272497 0.00156070503188 417.906 -827.812 -0.00139571
1344.49971077 0.999999994504 9.49474800271 0.00188385749222 657.987 -1307.974 -0.00162895
1436.45642524 0.999999993273 9.32167344841 0.00180683004669 636.712 -1265.424 -3.80498e-05
1495.35383593 0.999999993862 8.90974463044 0.00191825264007 606.726 -1205.452 -3.32922e-05
1407.0952171 0.999999994563 9.50967098747 0.00180185841803 793.186 -1578.372 -9.5732e-05
1500.37123591 0.999999994091 9.05857468366 0.00186285303849 558.116 -1108.232 -2.15719e-05
1478.66573904 0.999999993854 9.30324426041 0.00170443186787 604.498 -1200.996 -1.53988e-05
1279.8986637 0.999999992527 9.7239268667 0.00182819184791 684.959 -1361.918 -8.62453e-05
1431.34148195 0.999999994288 9.53261157863 0.00178817735619 720.82 -1433.64 -9.08362e-05
1468.93022361 0.999999993501 8.66012973657 0.0020075536844 518.975 -1029.95 -0.00267595
1232.865763 0.999999992935 9.56392548132 0.00166072284258 576.467 -1144.934 -1.27644e-05
1654.94418331 0.999999993941 9.06509971363 0.00196303260314 720.801 -1433.602 -4.61697e-05
1305.66527239 0.999999995115 9.68688787208 0.00198170615473 779.702 -1551.404 -2.91623e-05
1312.92837112 0.999999994746 9.60394053482 0.00170528312027 764.846 -1521.692 -3.25833e-06
1422.29255896 0.999999994123 9.44915471568 0.00187867276735 626.239 -1244.478 -1.47489e-06
1655.45420126 0.999999994267 8.84703556392 0.00161714995284 563.06 -1118.12 -0.000196938
1347.27005978 0.999999993954 9.1233581921 0.00173735936748 599.079 -1190.158 -0.000255956
1520.45134134 0.999999994188 9.4233068093 0.00174415815124 599.231 -1190.462 -0.000152128
1259.93817029 0.999999993058 9.41416001906 0.00184707052431 587.977 -1167.954 -3.18164e-05
1425.65260491 0.999999992027 8.91969634941 0.0016447103679 488.322 -968.644 -6.39228e-06
1290.32589593 0.999999993773 9.17329853264 0.0017911124528 667.181 -1326.362 -8.46232e-05
1351.01259455 0.999999993153 9.49272814999 0.00176083126968 668.535 -1329.07 -6.81564e-05
1395.06477327 0.999999992773 9.41187053412 0.00184495024813 565.789 -1123.578 -0.000498974
1464.65825198 0.999999993579 9.16631519502 0.00164928214419 519.18 -1030.36 -4.20446e-06
1329.88127657 0.999999993828 8.9550123766 0.00187390798989 554.802 -1101.604 -0.00379517
1361.52143632 0.999999993731 9.52410228308 0.00185428324362 675.977 -1343.954 -8.51033e-05
1422.2476494 0.999999993415 9.59246248147 0.00173158334338 559.44 -1110.88 -0.00144127
1425.68898912 0.999999993622 9.41174994772 0.00166583036809 619.646 -1231.292 -2.30483e-05
1420.820663 0.999999994344 8.78522945952 0.00178986887533 692.057 -1376.114 -0.000363811
1477.89244644 0.999999992624 9.1170811263 0.00182931228498 471.07 -934.14 -0.000304786
1333.37320199 0.999999990833 9.23257306107 0.00197357069021 487.447 -966.894 -0.000410691
1363.92260727 0.999999994743 9.48922395329 0.00167739728774 734.061 -1460.122 -0.00317517
1269.56153182 0.999999994018 9.770675163 0.00171909517732 726.999 -1445.998 -0.00331701
1475.88173831 0.99999999492 9.52256814739 0.00200979384801 741.17 -1474.34 -0.00102623
1502.16401705 0.999999993792 9.19280960553 0.00170508631658 590.422 -1172.844 -0.000716951
1662.76045884 0.999999994707 9.22997385381 0.00188689062708 700.288 -1392.576 -6.594e-06
1503.32622121 0.999999992942 9.53216653479 0.00178657772465 614.47 -1220.94 -3.19552e-06
1409.72515979 0.9999999941 9.54725275446 0.00199385382649 684.386 -1360.772 -0.000230892
1467.19844032 0.999999994243 9.50978280427 0.00173979051721 696.429 -1384.858 -9.27176e-06
1342.42226323 0.999999994266 9.75377208827 0.002121819348 720.367 -1432.734 -0.000658366
1487.42750202 0.999999994118 8.79248024176 0.00188424422176 535.796 -1063.592 -0.00113297
1350.92733011 0.999999993161 9.79119600685 0.00193801470427 683.131 -1358.262 -0.000133855
1385.8229696 0.99999999296 9.37497116685 0.00168341813822 566.878 -1125.756 -0.0010811
1558.74351242 0.999999992963 8.94539100814 0.00183563220735 683.729 -1359.458 -5.55032e-05
1328.73661134 0.999999993051 9.51046425459 0.00200111896498 579.28 -1150.56 -3.93455e-05
1255.74576895 0.999999992413 9.5681879506 0.0017903311389 542.613 -1077.226 -4.17411e-05
1417.25083974 0.999999993726 9.44504488244 0.00187318284772 599.44 -1190.88 -9.89185e-06
1418.33032798 0.999999994058 9.24622675881 0.00180993591781 603.985 -1199.97 -0.00112272
1254.75575335 0.999999992113 9.21702820141 0.00175480601716 422.046 -836.092 -3.69245e-05
1492.09375096 0.999999993963 8.67754357388 0.00191771590274 603.062 -1198.124 -3.74089e-05
1586.97576807 0.999999993241 8.89468854072 0.00191476633993 561.859 -1115.718 -0.000279759
1324.11030973 0.999999992873 9.37547945803 0.00189881417811 615.555 -1223.11 -0.000115558
1567.66341795 0.999999993204 9.16396736651 0.00177439773985 600.554 -1193.108 -0.000851474
1527.0691071 0.999999995029 9.19480848349 0.00186156959292 726.756 -1445.512 -9.89035e-05
1572.40620907 0.999999994033 9.16974051118 0.00184676391957 623.794 -1239.588 -1.73157e-05
1491.91598283 0.999999994878 9.08932959632 0.00201398533961 673.547 -1339.094 -7.62456e-05
1461.10554494 0.999999994965 9.2035940119 0.00193688189376 729.627 -1451.254 -6.0832e-05
1333.41500574 0.999999993344 9.54153929235 0.00181959098899 588.724 -1169.448 -2.94502e-05
1299.78439367 0.999999995005 9.58377903455 0.00200093199787 750.413 -1492.826 -2.16312e-05
1378.248336 0.999999994807 9.55386873382 0.00183132892184 702.068 -1396.136 -4.06226e-05
1695.64552266 0.999999995062 8.76286235625 0.00190999387972 771.946 -1535.892 -0.000370183
1587.01317274 0.99999999392 9.16343561471 0.00174960554933 636.98 -1265.96 -0.000484925
1318.13236106 0.999999994122 9.243456748 0.00181589676629 600.083 -1192.166 -6.07461e-05
1511.14093484 0.999999994475 9.41253481011 0.00186667141189 806.282 -1604.564 -3.01088e-06
1381.71764737 0.999999993852 9.58854160463 0.00174651481055 632.179 -1256.358 -4.73066e-05
1439.18927781 0.999999994191 9.40683520105 0.00188929024647 685.75 -1363.5 -6.85525e-05
1550.26228138 0.999999994301 9.13494363112 0.00193271862958 597.273 -1186.546 -5.45402e-05
1620.06927765 0.999999992551 8.91865613447 0.00191569376473 444.606 -881.212 -0.000135092
1657.09708261 0.999999994925 9.10073468713 0.00174453512747 734.006 -1460.012 -8.07827e-05
1361.94461745 0.999999993935 9.39708827617 0.00169781395054 629.382 -1250.764 -0.000310366
1397.76635515 0.999999994672 9.42555421869 0.00183263290099 752.017 -1496.034 -5.81128e-06
1428.7451299 0.999999994261 9.32747923164 0.00189274346751 629.852 -1251.704 -0.00022729
1265.52101482 0.999999994312 9.63094214952 0.00174477542414 660.752 -1313.504 -0.00337961
1413.5699181 0.999999993284 9.09128371678 0.00182724904652 528.282 -1048.564 -2.40145e-05
1266.567997 0.999999994947 9.88852842719 0.00198541887375 821.591 -1635.182 -7.34604e-05
1523.24963546 0.999999994268 9.00005042718 0.00185591079727 611.707 -1215.414 -9.93282e-05
1571.23056571 0.99999999508 9.19613131203 0.00178200301182 773.498 -1538.996 -0.000240809
1407.02183872 0.999999993035 9.2658511704 0.0018705934135 489.582 -971.164 -7.71797e-05
1439.46232748 0.999999995164 9.75739749294 0.00184414700732 745.863 -1483.726 -0.000829491
1459.02014834 0.999999994027 8.92005896357 0.00192278751254 564.883 -1121.766 -0.00038006
1295.49182287 0.999999995438 9.78312092215 0.00192361059859 850.283 -1692.566 -1.41064e-05
1481.03117448 0.999999994718 9.31774824103 0.00192548375577 680.918 -1353.836 -2.76527e-06
1238.10002089 0.999999994011 9.99570207226 0.00171995422904 662.068 -1316.136 -1.44051e-05
1504.80541933 0.999999993236 8.7552509067 0.00178301968745 493.351 -978.702 -7.60772e-05
1417.75961174 0.99999999329 9.14978853677 0.00173491495614 644.753 -1281.506 -1.07284e-05
1301.63740439 0.999999994256 9.41895420736 0.00167571365117 641.669 -1275.338 -4.29729e-06
1458.50519265 0.999999993779 9.16540190736 0.0017497786331 576.577 -1145.154 -0.000197175
1435.90858007 0.999999994759 9.65554456571 0.00176302813459 811.638 -1615.276 -0.000681881
1315.08875348 0.999999994124 9.43973694758 0.0018657557832 633.125 -1258.25 -5.35246e-05
1327.49556451 0.999999992373 9.41298199854 0.00184369843281 580.794 -1153.588 -7.30085e-05
1334.48688644 0.999999994006 9.88691632076 0.00191124819859 669.022 -1330.044 -2.03091e-05
1452.20610355 0.999999993871 9.33278796632 0.00190892547325 605.832 -1203.664 -9.64025e-05
1576.1903363 0.999999993905 8.97675525544 0.00189750627433 597.075 -1186.15 -0.000100501
1424.37300861 0.999999994183 9.58397152703 0.0016932314939 678.524 -1349.048 -3.07657e-05
1499.88969833 0.999999994594 8.91750500706 0.0018502325061 637.189 -1266.378 -0.00259154
1371.99476208 0.999999993818 9.62876595123 0.00186634169785 607.836 -1207.672 -4.85414e-06
1413.28376179 0.999999992739 9.11735898215 0.00178834763664 525.364 -1042.728 -9.34686e-05
1415.004745 0.999999995034 9.59775484143 0.00168608530471 744.564 -1481.128 -4.52441e-06
1576.53626631 0.999999994349 9.26613869285 0.00187470087787 717.14 -1426.28 -1.62296e-05
1468.76292308 0.999999994344 9.31707719178 0.00160484647238 667.941 -1327.882 -1.17649e-05
1425.62109354 0.999999990847 9.50774464323 0.00213785845138 517.786 -1027.572 -3.04828e-05
1446.31899866 0.99999999464 9.47385145006 0.00187320405853 712.968 -1417.936 -0.000442811
1664.05767451 0.999999993592 9.1836676147 0.00180181655707 610.447 -1212.894 -2.22694e-05
1517.9494807 0.999999994211 9.20478924942 0.00197075767927 550.971 -1093.942 -6.45354e-05
1616.88751455 0.999999993029 9.03966866125 0.00169311132336 573.834 -1139.668 -4.30423e-05
1595.70298156 0.999999995702 9.35176225781 0.00188191697226 844.604 -1681.208 -1.08482e-05
1343.31224195 0.999999994372 9.65053124051 0.00196568748501 691.334 -1374.668 -2.68746e-05
1299.91181589 0.999999994687 9.45268669058 0.00155910732103 730.622 -1453.244 -0.000217327
1618.94892529 0.999999993108 9.01077753433 0.00168099675846 541.579 -1075.158 -2.88804e-05
1244.92690028 0.999999992682 9.75168887312 0.00152597026681 607.807 -1207.614 -3.94664e-05
1626.19285137 0.99999999434 9.05229649967 0.00180921149173 611.339 -1214.678 -0.00171077
1446.22386996 0.999999992527 8.64046604319 0.00209602367129 419.702 -831.404 -0.000510047
1326.44691134 0.9999999936 9.77311685595 0.00180572357067 644.226 -1280.452 -0.000433138
1375.85185381 0.999999993639 9.6371870097 0.00178303523612 635.525 -1263.05 -0.000577347
1523.33818319 0.999999994435 9.20826564252 0.00169254263382 601.168 -1194.336 -0.0040754
1506.38640487 0.999999991795 9.01323482339 0.00182581220143 417.296 -826.592 -3.67201e-06
1343.06791105 0.999999993555 9.57642163034 0.0018990908679 654.406 -1300.812 -0.00125372
1534.24708911 0.99999999419 9.0077698612 0.00198560874409 628.694 -1249.388 -0.00105949
1566.60359897 0.999999993467 9.21235935886 0.00180449237774 644.342 -1280.684 -3.54853e-05
1652.398814 0.999999993871 9.15881130266 0.0018127427448 628.271 -1248.542 -9.21234e-06
1622.70030627 0.999999994752 9.04212049587 0.00187701689192 660.404 -1312.808 -1.80104e-05
1609.41735747 0.999999992966 8.70616890704 0.00180619848522 500.555 -993.11 -1.77872e-05
1266.09040211 0.999999994157 9.86475874095 0.00184373983303 645.172 -1282.344 -0.000692643
1267.82952663 0.999999995011 9.64703574644 0.00188829287207 741.006 -1474.012 -0.00315595
1108.48969759 0.999999994151 10.4416015982 0.00178580945587 707.588 -1407.176 -0.00487069
1578.89822553 0.999999993413 8.64500249927 0.00189193632982 524.622 -1041.244 -5.01984e-05
1819.44584173 0.999999993082 8.07648696046 0.00199330992823 457.6 -907.2 -0.000281509
1315.80991632 0.999999994142 9.81972966844 0.00192494784002 678.755 -1349.51 -5.46986e-05
1518.65428243 0.999999994244 9.08648763303 0.00177573891702 645.982 -1283.964 -5.22669e-07
1436.31507509 0.999999993011 9.1768480568 0.0019046436095 583.328 -1158.656 -3.85821e-05
1228.71673119 0.99999999289 9.66513865081 0.00170229884633 564.048 -1120.096 -3.42043e-05
1466.03153959 0.999999993652 9.49109681931 0.00178960346542 626.156 -1244.312 -0.00185494
1294.09391909 0.9999999937 9.60874488695 0.00191346758438 533.859 -1059.718 -0.000222221
1367.07750971 0.999999992889 9.64927122977 0.00178500253467 679.586 -1351.172 -2.82467e-05
1365.43101343 0.999999994573 9.65616184853 0.00195187395691 663.832 -1319.664 -3.16982e-05
1557.78946652 0.999999994766 9.28807760868 0.00176529411644 748.238 -1488.476 -1.14317e-05
1408.79773805 0.999999993529 8.93291139232 0.00178841325083 551.724 -1095.448 -5.44303e-05
1208.23084879 0.999999994386 9.97962979577 0.0017678553399 743.932 -1479.864 -0.000890192
1545.26054349 0.999999992073 9.42191251538 0.0015960859856 555.534 -1103.068 -0.00135747
1610.48190668 0.999999994674 9.17067961445 0.00159416230772 727.524 -1447.048 -8.12372e-06
1353.8380643 0.999999993889 9.92479568855 0.00182832671225 698.312 -1388.624 -9.17858e-06
1433.89407624 0.999999994276 9.59327807917 0.00175308670913 659.416 -1310.832 -0.000123883
1142.28041737 0.999999993777 9.8620145277 0.0019090434733 702.516 -1397.032 -4.50116e-05
1445.48498852 0.999999994608 9.26288477189 0.0017692511789 649.103 -1290.206 -0.000400195
1532.50759876 0.999999992154 8.53776018911 0.00170271048372 438.237 -868.474 -9.74034e-05
1401.78325884 0.999999993727 9.38499277565 0.00194504959361 641.132 -1274.264 -0.00196303
1694.97041299 0.99999999273 8.0951255674 0.00186003452085 399.345 -790.69 -3.90397e-05
1317.6613302 0.999999991886 9.45470670844 0.00181669040922 507.2 -1006.4 -0.00371681
1417.3767543 0.999999993567 9.34768960428 0.00183345144067 611.418 -1214.836 -0.000133558
1422.4375717 0.999999993952 9.42454466136 0.00170248963816 683.629 -1359.258 -1.50151e-05
1221.58154224 0.999999993961 9.33735119668 0.00205098190098 684.675 -1361.35 -9.62668e-06
1348.18906479 0.999999993548 9.5045332265 0.00172092021189 558.471 -1108.942 -0.000112014
1308.9071935 0.999999993635 9.49223818344 0.00190742777129 577.529 -1147.058 -7.01954e-05
1406.69552447 0.999999993119 9.41428569914 0.00191833177676 567.687 -1127.374 -1.52898e-05
1383.68686377 0.999999993176 9.50703969475 0.00172955336164 593.718 -1179.436 -0.000236731
1555.86537765 0.999999992523 9.22790466273 0.00167137423346 578.696 -1149.392 -0.00432833
1243.58267585 0.999999993769 9.34988683803 0.0016726809382 598.517 -1189.034 -0.0115425
1459.00649848 0.99999999463 9.42477625871 0.0017499262206 693.784 -1379.568 -0.00250432
1457.99935885 0.999999994352 9.16730454639 0.00183458361835 638.448 -1268.896 -4.64104e-05
1493.54940807 0.999999994971 9.47830622829 0.00178849980381 688.254 -1368.508 -0.000750424
1387.61850082 0.999999994315 9.61293575913 0.00175012703774 675.551 -1343.102 -0.000185724
1419.97142753 0.999999994699 9.43427825469 0.00196045997214 707.298 -1406.596 -0.00496814
1389.38379449 0.99999999281 9.58143434361 0.00193089483291 512.491 -1016.982 -2.21012e-06
1410.02851213 0.999999992812 9.02959536478 0.00173524185576 545.539 -1083.078 -0.00120854
1454.81868689 0.999999993903 9.22734444507 0.0018844370564 586.472 -1164.944 -0.000180588
1608.22200092 0.999999994723 8.77836929601 0.00201882164319 621.442 -1234.884 -0.000145765
1541.60443313 0.999999993912 8.88877632091 0.00174206007397 573.524 -1139.048 -3.62338e-06
1618.94212716 0.999999994355 9.16366353956 0.00188226350617 716.37 -1424.74 -0.000352447
1560.0673384 0.999999991665 8.51782527024 0.00196206512149 368.448 -728.896 -6.79217e-05
1611.08805145 0.999999993959 9.03715363076 0.00185330842339 681.371 -1354.742 -2.65259e-05
1525.40427006 0.99999999385 9.01577743996 0.0017782793682 590.783 -1173.566 -0.00225763
1390.19387855 0.999999993807 9.45605496979 0.00200415536389 639.222 -1270.444 -6.61937e-06
1498.98869942 0.999999992204 8.50422731676 0.00183194269754 418.727 -829.454 -7.47913e-05
1419.39612497 0.999999995235 9.86190010374 0.00174214270787 772.86 -1537.72 -0.000341307
1337.47986805 0.999999993166 9.31951952948 0.00166838573512 592.374 -1176.748 -0.000156844
1386.4966915 0.999999993804 9.32252456337 0.00201974183489 645.145 -1282.29 -0.00184773
1244.83328462 0.999999992882 9.61783701917 0.00174674835152 632.714 -1257.428 -0.00116582
1526.78780622 0.999999994411 9.19582144331 0.00183128996412 711.09 -1414.18 -1.15225e-05
1384.0429383 0.999999994875 9.257268851 0.0017505790928 724.96 -1441.92 -4.75446e-06
1298.16066598 0.999999992948 9.48651475288 0.00190171889347 557.165 -1106.33 -0.000359317
1366.54233507 0.999999994244 9.2006692667 0.00177700517079 617.987 -1227.974 -1.5492e-05
1520.78353713 0.999999992366 8.86724122412 0.00178833742814 481.767 -955.534 -0.00101865
1498.98624965 0.999999993847 9.03992713299 0.00192380006925 589.932 -1171.864 -5.76386e-06
1605.89332443 0.999999995448 9.35932169057 0.00185715017254 825.212 -1642.424 -0.00106659
1325.67340832 0.999999993269 9.47221481156 0.00185889751925 541.843 -1075.686 -2.26258e-05
1585.1754182 0.999999994717 9.19189029084 0.00188086415331 692.36 -1376.72 -2.19283e-06
1422.40862994 0.999999993382 9.44869617786 0.00189331997302 659.64 -1311.28 -0.000349372
1281.61250845 0.99999999301 9.47962631478 0.0018935562951 590.792 -1173.584 -4.38066e-05
1404.91155779 0.999999992978 8.97325839713 0.00195604266673 534.94 -1061.88 -0.000905626
1485.32084768 0.999999992513 9.44065301687 0.00177711955152 471.893 -935.786 -5.22025e-06
1082.91141954 0.999999991905 10.0579976033 0.00182938916238 485.317 -962.634 -4.4976e-05
1396.6480178 0.999999993963 9.35630280435 0.00184726993147 649.408 -1290.816 -3.65354e-05
1401.1828732 0.999999993652 9.28887665295 0.00175816357029 668.177 -1328.354 -1.2029e-05
1329.05694287 0.999999994196 9.4578728233 0.00179502144815 603.298 -1198.596 -1.28854e-05
1583.751555 0.999999994534 8.97355615266 0.00191118822435 650.131 -1292.262 -0.00130424
1411.9247741 0.999999994618 9.27124997236 0.00183991045732 664.053 -1320.106 -0.000197793
1435.27639 0.999999993631 9.35028416911 0.00185608614589 599.505 -1191.01 -0.000483469
1454.67311629 0.999999993488 9.22789613001 0.00194561303735 536.222 -1064.444 -0.00159712
1366.90361193 0.999999994014 9.55142899815 0.00181876056993 592.458 -1176.916 -1.81691e-05
1353.45660738 0.999999993632 9.6819699862 0.00181899723617 545.881 -1083.762 -4.45445e-06
1296.16338737 0.999999994625 9.49519710562 0.00193465001797 694.918 -1381.836 -0.00122768
1344.47611391 0.999999993836 9.13470852219 0.00168732611217 592.636 -1177.272 -0.00010544
1487.54214083 0.999999992994 9.24670477076 0.00168551294588 547.535 -1087.07 -7.59582e-06
1450.73864752 0.99999999227 8.97534651241 0.00196398830532 463.77 -919.54 -4.19733e-05
1446.33067652 0.999999993372 9.35536316424 0.0018382447009 578.454 -1148.908 -3.11924e-05
1248.51777954 0.999999994726 9.70839916806 0.00192996928439 703.726 -1399.452 -8.19579e-06
1364.75538315 0.999999993275 9.56034755801 0.00181819715395 664.692 -1321.384 -1.69061e-05
1545.97554009 0.999999993858 8.75609553608 0.00188122526446 561.618 -1115.236 -1.07292e-05
1242.07965863 0.999999993928 10.0292110457 0.00178268653728 730.638 -1453.276 -8.35374e-05
1558.58603312 0.999999994085 9.37387826802 0.00194617963967 657.916 -1307.832 -0.0022849
1188.38948936 0.999999993985 9.60558353301 0.00183855013991 634.575 -1261.15 -0.00038713
1268.07317904 0.999999994978 9.88159917252 0.00173905482792 798.832 -1589.664 -4.32586e-06
1368.06813881 0.99999999189 9.62058060915 0.00190265543321 529.484 -1050.968 -0.00179071
1692.44468629 0.999999993667 8.79442039386 0.00189631051972 577.292 -1146.584 -1.79227e-05
1415.42330933 0.999999995239 9.45229454962 0.00187518995332 756.346 -1504.692 -1.33981e-05
1381.57032876 0.999999993183 9.34232564093 0.00213046830733 606.551 -1205.102 -2.44652e-05
1525.60420836 0.999999993995 8.85032999121 0.00180598795918 574.402 -1140.804 -1.40761e-05
1420.42127192 0.999999994675 9.57603278756 0.00186482823628 692.533 -1377.066 -7.57203e-07
1342.53334145 0.999999993014 9.55351542314 0.00175169005967 522.854 -1037.708 -3.75758e-05
1279.07237723 0.999999994358 9.59668866921 0.00195933061442 689.403 -1370.806 -0.000406714
1621.72110615 0.999999995238 9.21902992422 0.00187554239917 764.847 -1521.694 -1.58175e-06
1270.50302131 0.99999999454 9.55542762421 0.00183226662731 765.79 -1523.58 -0.00152034
1339.97444584 0.999999993662 9.48841559331 0.00184589071806 593.861 -1179.722 -2.36905e-05
1530.16089885 0.999999993385 8.69116360575 0.00167631166725 520.068 -1032.136 -0.000764551
1414.45977058 0.999999995194 9.7183983406 0.00193499388734 804.16 -1600.32 -0.00238078
1494.726587 0.99999999463 9.42818103438 0.00190985546822 716.123 -1424.246 -5.86201e-05
1549.05852206 0.999999995478 9.34156052961 0.00190941200628 847.187 -1686.374 -8.03726e-06
1323.73064523 0.999999993162 9.3510758676 0.00186061999696 593.104 -1178.208 -4.71439e-06
1570.06295612 0.999999994871 9.13319165012 0.00176407111141 751.199 -1494.398 -9.23485e-06
1513.78288309 0.999999994466 9.26593103126 0.00177708661675 702.92 -1397.84 -3.84591e-05
1463.63208491 0.999999993152 9.17015992211 0.00198046529176 616.059 -1224.118 -0.00229756
1561.57799908 0.999999994246 9.34110770193 0.00172972772217 686.632 -1365.264 -0.000258066
1511.28928065 0.999999991664 8.5612233834 0.00173007262405 495.311 -982.622 -0.000184482
1518.60222103 0.999999992215 8.94600600236 0.00194088279892 484.568 -961.136 -0.000347805
1355.30689521 0.999999994558 9.29741598269 0.00186717749595 725.297 -1442.594 -7.81479e-05
1549.00503122 0.999999990178 8.50648332092 0.00169658957438 343.998 -679.996 -0.000600403
1445.52203292 0.999999991647 8.94531441619 0.00197016385428 464.701 -921.402 -5.47595e-06
1470.75816002 0.999999993816 9.63396040716 0.0018689887249 646.95 -1285.9 -0.000328871
1302.47095863 0.999999995708 9.80301794498 0.00182254626391 853.645 -1699.29 -6.04977e-05
1600.46455362 0.999999994118 9.11724420883 0.00190669863231 638.118 -1268.236 -0.000651566
1349.38602461 0.999999993236 8.9302047 0.0017687043774 523.737 -1039.474 -0.00537902
1421.92119546 0.999999993638 9.23227155561 0.00177242647226 588.24 -1168.48 -0.00021242
1637.81840006 0.999999992497 8.79380473208 0.00203520199027 475.349 -942.698 -0.000283036
1494.19829728 0.999999993988 9.15178138866 0.00166134053181 614.981 -1221.962 -0.000835944
1470.73995565 0.999999994947 9.42659043894 0.0019075610258 682.137 -1356.274 -7.62704e-05
1425.27615125 0.999999994341 9.50911122307 0.00201529821164 655.885 -1303.77 -4.09244e-05
1442.89708008 0.999999993024 9.22455864105 0.00201382369669 553.536 -1099.072 -0.0013548
1616.67709402 0.99999999131 8.40495770885 0.00195634585753 422.587 -837.174 -3.73136e-05
1406.17046825 0.99999999388 9.09483017077 0.00191650784687 585.928 -1163.856 -6.93773e-05
1443.21155115 0.999999991343 9.10177533091 0.00186660478185 484.918 -961.836 -2.91091e-05
1376.34602008 0.99999999279 9.31329569961 0.001910935854 547.079 -1086.158 -0.00127306
1358.1583294 0.999999992816 9.73586458985 0.00196955142751 527.53 -1047.06 -0.0073226
1441.89081328 0.999999993916 9.37251243903 0.00180815129536 584.627 -1161.254 -6.3178e-05
1526.79923111 0.999999991932 8.75079032763 0.00176777636973 429.793 -851.586 -0.00104073
1393.93259396 0.999999993239 9.24298940106 0.00181828294643 575.627 -1143.254 -2.19143e-05
1258.34039067 0.999999994192 9.84829688102 0.00184754511134 685.893 -1363.786 -9.84458e-05
1380.17122296 0.999999994161 9.52141367845 0.00177854293515 726.472 -1444.944 -0.000367504
1545.31386937 0.999999992061 9.265484637 0.00178583297594 457.697 -907.394 -0.00193755
1487.68946336 0.999999993232 9.12849441762 0.00186604852126 528.188 -1048.376 -0.00312561
1194.89778945 0.999999993242 9.93604889878 0.0019265237905 576.342 -1144.684 -6.78569e-06
1254.59714083 0.999999992912 9.62708226733 0.00196969658917 617.716 -1227.432 -6.18481e-05
1539.77086839 0.999999994676 9.6180096 0.00200456317101 805.369 -1602.738 -0.00142635
1397.54680928 0.999999993609 9.81146304177 0.00171859698694 721.994 -1435.988 -0.000250091
1284.96480695 0.999999993628 9.67521142732 0.00206254716084 603.375 -1198.75 -0.000127036
1526.33910715 0.999999994102 9.53566767845 0.00191205010158 699.641 -1391.282 -3.77573e-06
1388.04600256 0.999999994428 9.2161944082 0.00185180019097 647.687 -1287.374 -0.000134103
1552.33745946 0.999999994619 9.39632656666 0.00175122533697 761.455 -1514.91 -4.96673e-05
1545.40459253 0.999999990504 8.68683485845 0.00180485922319 393.085 -778.17 -0.000150838
1582.7431583 0.999999995055 9.24442310276 0.00178288010466 743.598 -1479.196 -6.14348e-06
1302.13546234 0.999999993615 9.59941268877 0.00183240055351 614.608 -1221.216 -1.06237e-05
1282.0591649 0.99999999323 9.53067100913 0.00168661836719 668.155 -1328.31 -4.05934e-05
1392.88882421 0.999999994809 9.83083247463 0.00181859393655 773.781 -1539.562 -0.000234536
1373.73554584 0.999999993769 9.64598044141 0.00177517487376 586.442 -1164.884 -2.87517e-06
1331.00108464 0.999999994 9.37240764525 0.00180704157748 600.586 -1193.172 -0.00173179
1759.53089943 0.999999992589 8.84003407891 0.00164372196965 561.038 -1114.076 -4.87754e-05
1337.21652546 0.999999994763 9.19056825038 0.00198227839143 696.17 -1384.34 -0.000191982
1193.99900597 0.999999992871 9.88554406942 0.00183882745697 539.825 -1071.65 -1.42292e-05
1466.53505164 0.999999995027 9.08722842421 0.0017121198681 720.802 -1433.604 -2.23827e-05
1244.65276916 0.999999994657 9.964647986 0.00191459118004 755.974 -1503.948 -0.000706914
1300.70480992 0.999999994045 9.93731956389 0.00164945124226 760.482 -1512.964 -0.000595432
1339.3815171 0.999999994669 9.59204448213 0.00192636582796 715.843 -1423.686 -0.00310904
1447.93709119 0.999999993802 8.9610881691 0.00171341826283 614.064 -1220.128 -8.60695e-05
1391.21956651 0.999999993212 9.27872389463 0.00178456291411 615.858 -1223.716 -1.82525e-05
1382.55189571 0.999999994276 9.4624425471 0.00207261528495 671.976 -1335.952 -0.000510483
1458.89391796 0.999999992177 9.28350526965 0.0018597973217 552.304 -1096.608 -4.18813e-05
1549.6238683 0.99999999513 9.47229386043 0.00176448262112 781.164 -1554.328 -9.54383e-05
1328.02691119 0.999999994255 9.17588310284 0.00201157079327 607.666 -1207.332 -2.4135e-05
1414.51661791 0.999999993196 8.98716711241 0.00189174262921 525.149 -1042.298 -3.29895e-06
1441.28876207 0.999999994379 9.44618478537 0.0019040552246 658.107 -1308.214 -0.0010834
1297.2688482 0.999999993645 9.59479491023 0.00188669367907 615.996 -1223.992 -0.00587573
1603.3265485 0.999999994485 9.21693360633 0.00181848431313 642.853 -1277.706 -9.28301e-05
1506.77071857 0.999999994985 9.40603582628 0.00201630572239 727.327 -1446.654 -0.000413019
1502.2198437 0.999999994604 9.3543945291 0.00173570109396 672.01 -1336.02 -0.000597247
1610.54879688 0.999999994871 9.23556524941 0.00190517794874 720.396 -1432.792 -4.03663e-05
1723.47214867 0.999999992917 8.61252414506 0.00207133744046 499.848 -991.696 -0.000409703
1551.88040185 0.999999993101 8.49687053198 0.0019664963935 473.219 -938.438 -3.15273e-05
1457.45346387 0.999999994544 9.19339366102 0.00177556213621 674.633 -1341.266 -0.000353215
1344.95340711 0.999999992958 9.64355333551 0.00187446736466 574.516 -1141.032 -0.000270392
1441.8826176 0.999999995196 9.58513461773 0.00185399101627 819.435 -1630.87 -1.4179e-05
1347.21915603 0.999999994671 9.45805665924 0.00204873102372 696.011 -1384.022 -0.000247806
1518.55758439 0.999999994952 9.52003893231 0.00185510893314 770.387 -1532.774 -3.17903e-06
1396.07135501 0.999999994348 9.77014464865 0.00203900920592 708.478 -1408.956 -2.19358e-05
1503.55851754 0.99999999356 9.23417207663 0.00192134162469 541.357 -1074.714 -4.26538e-06
1529.65177077 0.999999994278 9.27668333212 0.0018315335526 678.273 -1348.546 -0.000282951
1419.05623799 0.999999994236 9.48597273407 0.00181578447278 686.744 -1365.488 -6.83129e-05
1568.78450381 0.999999993728 8.88791410217 0.00180154808849 579.202 -1150.404 -8.51086e-05
1473.4523333 0.999999994187 8.84274646818 0.00195786065693 592.916 -1177.832 -1.84709e-05
1522.59252653 0.999999994606 9.66015946582 0.00192127212473 694.402 -1380.804 -2.91123e-05
1519.5507224 0.999999993743 9.47157899443 0.00184126496827 631.317 -1254.634 -0.00039996
1308.24533172 0.999999993099 9.15169679214 0.00186223281795 542.126 -1076.252 -3.82957e-06
1332.21335276 0.999999992745 9.05266038203 0.00175125445812 532.987 -1057.974 -9.73144e-05
1439.45854242 0.999999994444 9.59470340462 0.00190032124481 800.36 -1592.72 -0.000672316
1462.09787911 0.999999990092 9.27135849945 0.0018168162752 565.913 -1123.826 -2.3936e-05
1353.97262188 0.999999990145 8.75122741658 0.00203233572194 350.764 -693.528 -5.60779e-05
1358.29732564 0.999999994052 9.28519789153 0.00175931141877 611.851 -1215.702 -0.000138981
1428.28479337 0.999999994892 9.37752226239 0.00204572181972 678.053 -1348.106 -8.49273e-06
1335.28854587 0.999999993594 9.58423170873 0.00161412209154 571.874 -1135.748 -0.00118133
1529.19205937 0.999999994073 9.09518409644 0.00178388523953 622.48 -1236.96 -0.00272285
1185.2079774 0.999999994361 9.62085952955 0.00157653392563 677.396 -1346.792 -3.28579e-05
1305.58764714 0.999999994319 9.71280169861 0.00185280772391 753.555 -1499.11 -0.0013203
1471.35620471 0.999999994558 9.74521663841 0.00201625228735 690.565 -1373.13 -4.87615e-06
1416.22202438 0.999999994484 9.25444392416 0.00165892872217 781.02 -1554.04 -0.00386601
1564.08369232 0.999999992722 8.83469143307 0.00193029258688 514.736 -1021.472 -2.95423e-06
1344.5573295 0.999999993659 9.54497815513 0.00185930781327 690.93 -1373.86 -3.08623e-06
1553.10470606 0.999999995241 9.52537391096 0.00178768447268 847.9 -1687.8 -3.06628e-05
1268.53677614 0.999999994589 9.74916239692 0.00175431526528 728.284 -1448.568 -3.21933e-05
1443.52628405 0.999999993333 9.02694188189 0.00162858382891 528.278 -1048.556 -0.000321072
1501.54996048 0.999999994902 9.51627735691 0.00196515986817 697.281 -1386.562 -4.14854e-05
1304.77118225 0.999999993188 9.84345907099 0.00160876107991 601.941 -1195.882 -9.66016e-06
1586.50793929 0.999999993574 8.91895684255 0.00174160749156 577.926 -1147.852 -8.93243e-06
1591.83242619 0.999999992903 8.81004608847 0.00185552937459 418.682 -829.364 -0.000688294
1300.04167775 0.999999992285 9.42583088986 0.00199354399655 506.166 -1004.332 -8.55507e-05
1405.96112296 0.999999995295 9.80028391713 0.00174362381755 859.552 -1711.104 -9.54701e-06
1523.39283569 0.999999995424 9.7010678992 0.00192942263277 984.781 -1961.562 -0.00198353
1243.67849627 0.999999994111 9.45975301982 0.00208398052703 683.237 -1358.474 -0.000304986
1456.55293071 0.999999994336 9.26858398805 0.00174953013743 689.76 -1371.52 -0.000406571
1590.67295697 0.99999999225 8.92749265262 0.00202092611534 501.489 -994.978 -0.000884135
1473.35542135 0.999999994619 9.48615505157 0.0017463186841 721.745 -1435.49 -7.46066e-05
1408.35298829 0.999999993357 9.67223166816 0.00163209248338 721.009 -1434.018 -3.4776e-05
1572.87955793 0.999999994987 9.21259238406 0.0017466678548 727.202 -1446.404 -7.25149e-05
1547.23447503 0.999999994807 9.03140937635 0.00175807891023 640.878 -1273.756 -3.84121e-05
1325.07228434 0.999999995329 9.92830289759 0.00199366491094 896.887 -1785.774 -0.000231921
1271.18292791 0.999999993613 9.73715401888 0.00182254849546 643.554 -1279.108 -0.000421248
1210.80508037 0.99999999427 9.69445560752 0.00207098391769 690.812 -1373.624 -0.00158314
1397.4461625 0.999999993403 9.83551833319 0.00192385228304 687.101 -1366.202 -1.95927e-05
1412.11870981 0.999999994381 9.3684103363 0.00156187140443 690.817 -1373.634 -7.05452e-06
1301.18604208 0.999999993296 9.70661196653 0.00171825808581 579.916 -1151.832 -2.47971e-05
1312.28454353 0.999999994737 9.86042366947 0.00188295761205 735.651 -1463.302 -8.84859e-06
1371.6700586 0.999999991976 9.33221169514 0.00170586452186 529.459 -1050.918 -0.000650347
1446.0735983 0.999999993733 9.54526220177 0.00186185744044 716.281 -1424.562 -2.75948e-05
1562.35630615 0.99999999427 9.09251056957 0.00176686688058 658.146 -1308.292 -2.07488e-05
1302.81735961 0.999999994062 9.64804271079 0.00197249487299 637.106 -1266.212 -2.32992e-05
1274.60426195 0.99999999471 10.0313012852 0.00174278994569 779.691 -1551.382 -0.000109102
1368.03926242 0.999999994214 9.52195288172 0.0018486619513 665.293 -1322.586 -1.12568e-05
1404.58228819 0.999999992276 9.15114122409 0.00181115411002 484.75 -961.5 -3.31608e-05
1274.54142891 0.999999993717 9.59047808383 0.00185103090078 659.275 -1310.55 -4.6908e-05
1320.23976841 0.999999992828 9.36579838068 0.00182560967454 501.029 -994.058 -0.000793907
1641.11321386 0.999999994851 8.80531890786 0.00187353372816 685.057 -1362.114 -0.000109219
1431.04867994 0.999999993666 9.43863516383 0.00184570936868 658.547 -1309.094 -1.56049e-05
1418.23235253 0.999999994137 9.4892466173 0.00201945524747 649.446 -1290.892 -8.91262e-06
1548.09061846 0.999999994495 9.34504080002 0.00194640576989 701.34 -1394.68 -0.000524272
1283.05922308 0.999999994231 9.44668174411 0.00205698544864 637.174 -1266.348 -9.23801e-05
1028.27763752 0.999999991878 9.83509248892 0.00198755105152 441.79 -875.58 -2.93207e-05
1579.29714287 0.999999993863 8.82924449486 0.00202655152659 542.673 -1077.346 -6.71944e-05
1432.83869877 0.999999993298 9.11661600256 0.00184387163871 633.95 -1259.9 -9.81988e-05
1538.78725477 0.999999993806 9.55591349422 0.00173969652018 564.365 -1120.73 -0.000108324
1477.60157626 0.999999994522 9.85537370179 0.00184523226698 796.593 -1585.186 -1.62516e-05
1498.10353588 0.999999994493 9.46116963568 0.00179021407143 723.008 -1438.016 -2.48198e-05
1364.1509597 0.999999994509 9.21030800133 0.00176018094544 689.182 -1370.364 -0.000155711
1309.08155042 0.999999993269 9.72293413805 0.0017727338486 625.592 -1243.184 -0.00259493
1619.6619046 0.999999993059 9.11779424618 0.00170054218485 597.526 -1187.052 -4.54978e-06
1228.35967072 0.99999999365 10.0950288431 0.00175918853373 673.027 -1338.054 -0.000191387
1392.91662472 0.999999991727 9.17177492625 0.00165656225959 451.01 -894.02 -0.00175369
1476.12002565 0.999999993566 9.28935055041 0.00186486174281 552.195 -1096.39 -9.42656e-05
1306.52706771 0.999999993632 9.91117324178 0.00193086927558 613.868 -1219.736 -8.27971e-05
1750.35235135 0.999999993936 8.68034301753 0.00163228083272 667.565 -1327.13 -0.000166955
1432.60143116 0.999999994046 9.57486786738 0.00162504833479 665.599 -1323.198 -0.000592442
1515.80640122 0.999999993387 9.21256642152 0.0018937494406 551.391 -1094.782 -4.92917e-05
1498.46005555 0.999999994447 9.22968326847 0.00174158688582 681.535 -1355.07 -7.18138e-05
1337.38015549 0.999999993154 9.57533844682 0.00202896722201 531.284 -1054.568 -0.000148109
1460.24223331 0.999999991966 9.37302605288 0.00185303288269 482.513 -957.026 -1.02815e-05
1407.59032665 0.999999994604 9.36191454619 0.00194997090142 690.123 -1372.246 -3.97635e-05
1443.83007205 0.999999994748 9.55406167089 0.00181809041155 696.194 -1384.388 -2.21895e-05
1290.3260325 0.999999994182 9.93374840606 0.00170156063684 706.664 -1405.328 -0.00117697
1378.33452845 0.99999999484 9.60248986653 0.00189936408268 774.425 -1540.85 -3.83656e-06
1415.7566065 0.999999993542 9.42682592328 0.00169540085859 603.534 -1199.068 -6.01031e-06
1310.9626644 0.999999990137 9.11347299217 0.00172562594214 454.473 -900.946 -0.00119809
1218.13946149 0.999999993649 9.82371008456 0.00185819027942 558.67 -1109.34 -2.1894e-05
1547.00932244 0.999999993839 9.05515011296 0.00191768849689 571.584 -1135.168 -0.000272622
1208.38658649 0.999999993604 10.2722093997 0.00188693816128 758.463 -1508.926 -2.78773e-05
1255.79431907 0.999999993303 9.51403362149 0.00175096402932 585.459 -1162.918 -7.5276e-05
1523.73267418 0.999999994827 9.18388242959 0.00162436976647 698.092 -1388.184 -0.00458881
1520.30652375 0.99999999425 9.28788034876 0.00182961026884 634.364 -1260.728 -0.000904706
1513.42428513 0.999999994892 9.49434382956 0.00192666848031 780.771 -1553.542 -1.32218e-05
1433.37783105 0.999999993867 9.16364002074 0.00184378297075 591.939 -1175.878 -5.63014e-05
1322.62775772 0.999999993678 9.81480910962 0.00196698445865 704.05 -1400.1 -0.00237346
1353.61314932 0.999999993377 9.82859672412 0.00189977963916 607.266 -1206.532 -0.000277206
1355.70905396 0.999999994736 9.74626526672 0.00194749840698 743.081 -1478.162 -3.72171e-05
1542.97792814 0.999999991752 9.27385529805 0.00173579919327 499.861 -991.722 -4.85183e-05
1658.59803015 0.999999993797 8.8369120271 0.00174687982968 593.169 -1178.338 -1.96579e-05
1436.48567436 0.999999993918 9.27333008693 0.00188030389037 659.675 -1311.35 -1.40835e-05
1376.36312099 0.999999994871 9.94794183815 0.00190099216923 747.476 -1486.952 -1.33397e-05
1672.3407962 0.999999994444 9.02965563118 0.0016478512499 698.275 -1388.55 -0.000539345
1404.06059442 0.999999993317 9.15317641624 0.0019478608948 553.712 -1099.424 -0.00176716
1523.32298348 0.999999993714 8.8583230062 0.0020415757418 578.335 -1148.67 -1.30429e-05
1384.8212687 0.999999993969 9.52692651053 0.0018639218724 626.684 -1245.368 -0.00142379
1540.2705106 0.999999994715 9.21580149728 0.00183639684015 718.446 -1428.892 -0.00176849
1290.67878061 0.999999993471 9.36023940118 0.00166257365652 610.801 -1213.602 -9.59593e-05
