"D" "shape" "scale" "sigmatoa" "se.D" "se.shape" "se.scale" "se.sigmatoa" "logLik" "AIC" "maxgrad"
1913.72598917 2.7276375067 4.40934235694 0.00191307278352 142.05 0.18912 0.29985 0.00011295 709.769 -1411.538 -0.000374924
1696.11076613 2.13560215335 5.67222758453 0.00189214942603 137.27 0.15195 0.38808 0.00013187 521.931 -1035.862 -0.000426547
1438.70643818 2.31954556431 5.55045634938 0.0018889713016 121.3 0.15991 0.38023 0.0001211 645.167 -1282.334 -0.000107963
1690.36136248 2.36575605472 5.34157684382 0.00187465921675 132.83 0.15309 0.34523 0.00011463 731.644 -1455.288 -0.000115418
1632.85321537 2.25335227869 5.77964251311 0.00171852952424 129.06 0.15883 0.39724 0.00010976 613.862 -1219.724 -0.000211048
1740.41523524 2.68976366238 4.58277088571 0.00185578836187 132.14 0.17874 0.30499 0.00010768 839.842 -1671.684 -1.77146e-06
1528.40342525 2.15238979601 5.80719163908 0.00183738269044 129.64 0.15331 0.40519 0.00011986 547.187 -1086.374 -0.000555158
1520.2841564 2.18106819114 5.81941295816 0.00169593742383 121.81 0.14707 0.38482 9.9938e-05 730.624 -1453.248 -0.000139933
1526.45769651 2.13680447515 5.86342665878 0.00172860672998 126.49 0.15208 0.40371 0.00011654 592.658 -1177.316 -2.54808e-06
1853.24514209 2.31042919048 5.4095517613 0.00188930275313 141.22 0.1581 0.36845 0.00011256 689.685 -1371.37 -4.25948e-06
1702.65270574 2.44689268535 5.33089569036 0.00192010948252 130.66 0.15533 0.34533 0.00010598 866.67 -1725.34 -0.00385715
1769.96636973 2.37317107406 5.15184988102 0.00184000454873 138.35 0.17377 0.36227 0.00013064 531.865 -1055.73 -1.14687e-05
1593.29360194 2.41921857366 5.12372679169 0.00200267471495 131.67 0.1781 0.36709 0.00013402 610.137 -1212.274 -1.35846e-05
1726.77657271 2.25153851734 5.35678063515 0.00195322252261 139.72 0.17524 0.39454 0.00013704 477.474 -946.948 -0.000383979
1654.14779027 2.23910003075 5.56919399359 0.00196709216138 133.41 0.15971 0.38271 0.00013043 607.704 -1207.408 -0.00338297
1933.44566613 2.02006137112 5.9143194216 0.00187188988754 148.76 0.1351 0.37913 0.00012049 612.652 -1217.304 -0.00180905
1539.49261229 2.40863100606 5.12874102928 0.00194819103627 128.82 0.18514 0.37906 0.00013407 499.295 -990.59 -2.60583e-05
1810.38905429 2.28779920656 5.52354200289 0.00190224489494 136.22 0.14291 0.33858 0.00010775 789.821 -1571.642 -0.000658541
1526.9911975 2.29923016005 5.40876133316 0.00188294627668 127.06 0.16018 0.36828 0.00013188 601.659 -1195.318 -7.23963e-06
1751.55268874 2.56172239315 4.92545549603 0.00190483553375 133.77 0.17785 0.33212 0.00012221 667.635 -1327.27 -0.00376823
1605.43120861 2.37860904538 5.59437079369 0.00183510758811 127.02 0.15686 0.36978 0.00010506 778.855 -1549.71 -3.65953e-05
1624.99375039 2.37787900366 5.38261705332 0.00169836503194 129.63 0.17063 0.3797 0.00010778 633.172 -1258.344 -1.13662e-05
1767.82664403 2.29211115681 5.38028045804 0.00167943925988 136.03 0.15553 0.35536 0.00010312 671.986 -1335.972 -0.000188496
1651.26935551 2.19622739086 5.79232520628 0.00182902197832 132.35 0.1483 0.3833 0.00011812 626.164 -1244.328 -0.000644577
1801.89471246 2.6169104719 4.69150587754 0.00192053388193 136.55 0.17346 0.31644 0.00011574 832.212 -1656.424 -3.22714e-05
1549.51006994 2.3137843632 5.44744401354 0.00189224851899 126.42 0.16608 0.3787 0.00012628 589.107 -1170.214 -3.98196e-05
1855.43622552 2.4520096507 4.65470926833 0.00188880267538 146.6 0.19424 0.3535 0.00014349 431.801 -855.602 -0.00331863
1748.38460456 2.32220738765 5.46698053415 0.00193334427911 135.94 0.15765 0.36273 0.00011974 645.563 -1283.126 -0.00051675
1614.22449695 2.29831301461 5.42875583204 0.00174019088028 129.18 0.15987 0.36646 0.00011309 625.912 -1243.824 -1.10023e-06
1657.20674492 2.24749221924 5.4157283393 0.00198173714105 133.32 0.14995 0.35629 0.00012455 646.177 -1284.354 -0.0105471
1880.85862904 2.53789152124 4.87827419106 0.00185941538833 140.15 0.17511 0.32539 0.00012243 613.398 -1218.796 -9.89057e-06
1765.52477088 2.17235365204 5.94305210991 0.00184012038384 134.92 0.13945 0.37832 0.00010535 745.127 -1482.254 -4.67508e-06
1783.65831835 2.4300095511 5.19838286098 0.00179466848604 134.46 0.1536 0.3345 0.00010008 867.002 -1726.004 -4.59387e-05
1675.27285998 2.70709737383 4.62105879098 0.00191802105309 130.37 0.19 0.3287 0.00011016 808.382 -1608.764 -1.74378e-05
1685.87170628 2.28466688266 5.58216122797 0.00167556971631 131.21 0.15472 0.37251 0.00010128 693.652 -1379.304 -0.0026572
1621.92978858 2.26301249903 5.41370706996 0.00206688021143 134.83 0.16523 0.3873 0.00014021 553.939 -1099.878 -2.23606e-05
1802.15900296 2.35479985187 5.19597826751 0.00181217325035 137.65 0.15929 0.33992 0.00011678 638.016 -1268.032 -0.00019166
1685.06461407 2.45816660722 5.09758149156 0.00172118008734 130.49 0.17585 0.35078 0.00010769 653.167 -1298.334 -2.07977e-06
1583.43260609 2.51392095587 4.95231840058 0.00210782178378 130.5 0.1952 0.37113 0.00014066 542.712 -1077.424 -5.72766e-05
1856.20771461 2.614612829 4.78728536515 0.00182775079516 138.14 0.17528 0.32199 0.0001068 794.866 -1581.732 -7.68584e-06
1776.3148962 2.43290980127 5.23586890648 0.00167894784187 134.04 0.16632 0.3476 0.0001009 685.946 -1363.892 -3.75545e-05
1638.22637699 2.0666358661 5.90367627229 0.00168951344581 133.92 0.14533 0.40445 0.000111 581.021 -1154.042 -2.82507e-07
1560.83050765 2.15469915556 5.7578917789 0.00182977695218 128.9 0.14638 0.37978 0.00011969 599.79 -1191.58 -9.11435e-05
1658.78452259 2.16499482044 5.77618994256 0.00171501916557 133.96 0.14942 0.3936 0.00010494 635.475 -1262.95 -7.84978e-05
1844.89324349 2.5021764941 4.94654952635 0.0017964267407 139.55 0.17271 0.33316 0.00010642 668.187 -1328.374 -2.12326e-05
1863.44798756 2.467098461 4.97131671331 0.0020165877912 141.75 0.16906 0.32775 0.00013079 637.203 -1266.406 -0.00152142
1730.11450803 2.12219674354 5.8526584548 0.00164421922744 137.53 0.15193 0.40483 0.00010751 556.002 -1104.004 -3.46239e-05
1612.32853601 2.4581147118 4.98451641073 0.0017500270677 131.98 0.18914 0.36374 0.00012252 501.35 -994.7 -2.94422e-05
1622.18136327 2.36015610629 5.10075710906 0.00196911594808 133.55 0.18077 0.37597 0.00013629 515.781 -1023.562 -0.00853144
1805.21883714 2.36308633037 5.16052685131 0.00195691650662 138.46 0.16413 0.34715 0.0001221 650.577 -1293.154 -0.000101631
1788.6888665 2.27597474093 5.1392349431 0.00193840822837 139.61 0.14939 0.33072 0.00012219 732.172 -1456.344 -0.000988716
1812.84256197 2.39530152555 5.13216530443 0.00196004521502 140.61 0.16482 0.34431 0.00012077 632.949 -1257.898 -1.84581e-06
2053.15721172 2.28102534052 5.15741294769 0.00193325385145 152.48 0.15819 0.34791 0.00012434 627.355 -1246.71 -6.94589e-06
1721.53367444 2.47731435048 4.85818487818 0.0019870200485 136.62 0.17574 0.33553 0.00013025 611.308 -1214.616 -7.84459e-06
1954.396151 2.28162637605 5.21858552781 0.00174596593294 143.21 0.13946 0.31419 9.7254e-05 877.776 -1747.552 -0.00135588
1887.87524171 2.45053117382 5.14492885574 0.00170848269976 137.86 0.15061 0.31489 9.432e-05 941.681 -1875.362 -2.20265e-05
2031.93729616 2.16714517056 5.55233248268 0.00189788803562 150.41 0.13629 0.34363 0.00011413 691.876 -1375.752 -9.06131e-07
1598.88816703 2.56853169974 5.00044579402 0.00173182869156 126.37 0.17887 0.34585 0.00010452 693.039 -1378.078 -1.82733e-05
1783.89686512 2.38048165619 5.00755402703 0.00179150390633 138.96 0.16549 0.34174 0.00011522 607.699 -1207.398 -1.89127e-05
1721.42910135 2.46655246581 5.30010447684 0.00176928506845 128.3 0.15604 0.33654 0.00010086 910.986 -1813.972 -3.83943e-06
1980.5415496 2.37810609519 5.16000344633 0.00176611958391 143.39 0.15411 0.32164 0.00010979 701.992 -1395.984 -0.000487324
1939.45408597 2.41838499187 5.00091916536 0.00187874706903 145.09 0.16591 0.33562 0.00011362 692.646 -1377.292 -1.31211e-06
1608.07766067 2.45715588439 5.07439654072 0.00191114686854 129.38 0.17148 0.3491 0.00011824 657.004 -1306.008 -0.000125508
1827.33097675 2.61025827349 4.88467205536 0.0020991155425 135.16 0.17355 0.32068 0.00012089 812.187 -1616.374 -7.65224e-07
1733.30419251 2.35225173207 5.20200949614 0.00171034366114 133.94 0.1569 0.3368 0.0001029 754.644 -1501.288 -0.00218986
1558.84224236 2.47901079999 5.25355042892 0.001887965978 125.42 0.1736 0.37015 0.00011024 718.897 -1429.794 -5.65929e-05
1712.46534125 2.41348213048 5.01330186402 0.00204045017549 136.96 0.17037 0.3528 0.00013262 634.335 -1260.67 -0.00258585
1373.72442353 2.20054536399 5.79611481733 0.00180670050587 119.93 0.16319 0.42262 0.00012458 654.893 -1301.786 -0.000546154
1762.76127252 2.39176652423 5.22111450363 0.00173657138669 132.8 0.15223 0.33507 9.4083e-05 891.608 -1775.216 -5.46378e-06
1663.90076442 2.53081438899 4.95873207965 0.00185257134078 127.26 0.15634 0.30999 0.00010469 961.289 -1914.578 -7.26296e-05
1613.02366163 2.25199093229 5.65257164024 0.00177687795588 126.78 0.15094 0.3746 0.00010748 758.69 -1509.38 -0.00710551
1743.39787829 2.58543889367 4.95838695665 0.00206120674973 134.84 0.18121 0.33678 0.00012589 665.558 -1323.116 -2.39858e-05
1799.65398777 2.63980169058 4.91472414139 0.00183218427097 135.16 0.17351 0.32645 0.00010185 842.131 -1676.262 -0.000187298
1639.21779115 2.36223042032 5.51922681233 0.00186063777718 130.01 0.16005 0.3726 0.00011009 702.498 -1396.996 -2.56797e-05
1586.356961 2.66169697581 4.8639117232 0.00192591952386 123.42 0.18979 0.3399 0.00012014 720.044 -1432.088 -2.65947e-06
1693.84638768 2.05690588862 6.09771509275 0.00193511934254 137.4 0.14304 0.4082 0.00012637 599.703 -1191.406 -0.00263231
1626.60843949 2.46914893995 5.01516035107 0.00183398132791 129.52 0.17637 0.35295 0.0001152 663.774 -1319.548 -0.00162348
1723.10542997 2.15163602119 5.66102608293 0.00184791495439 135.7 0.14158 0.36244 0.0001169 711.755 -1415.51 -3.06987e-05
1829.31347286 2.34258172287 5.22414641496 0.00179394478717 142.43 0.15961 0.34932 0.00010836 646.893 -1285.786 -0.00322994
1720.2088964 2.35050507707 5.24696731587 0.00168224408847 132.61 0.1548 0.34277 9.9474e-05 753.126 -1498.252 -8.53725e-06
1838.3593374 2.67042840606 4.72045422102 0.00185850839718 137.35 0.18694 0.32122 0.00011664 624.905 -1241.81 -1.33311e-05
1712.54835902 2.35445228498 5.28589514043 0.00190542138734 135.22 0.16286 0.35481 0.00012497 631.978 -1255.956 -0.00555187
1730.08242208 2.28021648037 5.23221565137 0.00182509117264 139.56 0.1616 0.36484 0.00011718 587.851 -1167.702 -0.000136732
1880.98523738 2.29355171089 5.37422288661 0.00186210065145 141.09 0.15055 0.34547 0.00011 710.722 -1413.444 -7.83454e-06
1937.10125985 2.54293852777 4.82593170578 0.00183441903889 141.59 0.15961 0.29927 0.00010988 851.349 -1694.698 -0.00078705
1803.30695667 2.13378163301 5.60811900403 0.00169914697867 141.32 0.14729 0.37024 0.00011046 585.638 -1163.276 -5.67547e-05
1547.82558712 2.14600596283 5.75507953668 0.00176718231715 129 0.14798 0.39549 0.00010936 669.927 -1331.854 -5.51169e-05
1694.63913218 2.38046212826 5.27542270368 0.00192194226645 132.07 0.15884 0.33998 0.00011299 760.867 -1513.734 -4.29732e-05
1879.91013936 2.66715841595 4.60235817826 0.00204419103311 137.87 0.17485 0.29876 0.00012307 881.145 -1754.29 -1.73159e-05
1434.40919283 2.09182520156 5.88429115086 0.0018541512381 127.28 0.16665 0.44166 0.00013198 437.474 -866.948 -3.38164e-05
1723.93930795 2.20480911778 5.64447724269 0.00181430577784 132.51 0.14059 0.35622 0.00010875 784.165 -1560.33 -2.99849e-05
1360.31999406 2.58996264237 4.96797399522 0.00162119899727 115.94 0.1983 0.3786 0.0001036 601.958 -1195.916 -2.56792e-05
1398.03222053 2.07146966755 6.10877793834 0.00156689316522 121.91 0.16388 0.45913 0.00011251 436.147 -864.294 -6.1277e-06
1649.48314136 2.64636503497 4.78986539762 0.00193527058823 131.17 0.19458 0.34604 0.00011912 703.435 -1398.87 -0.000585302
1680.87832458 2.40092453007 5.25191390042 0.00183322173553 133.11 0.16463 0.35117 0.00011513 676.624 -1345.248 -7.93399e-05
1750.10607615 2.51258276518 4.80648446868 0.00195130266945 137.82 0.17984 0.33456 0.00012363 648.197 -1288.394 -4.46055e-05
1718.51180407 2.26600041748 5.47150358851 0.00182495715761 133.03 0.14578 0.35252 0.00010251 829.99 -1651.98 -1.09429e-06
1760.32604089 2.63719880244 4.69402951793 0.00188893549136 135.66 0.19461 0.3361 0.00012188 601.539 -1195.078 -4.63618e-07
1753.03406017 2.41902183286 5.16275373547 0.00172923572128 138.07 0.16635 0.34797 0.00010847 643.749 -1279.498 -5.35027e-06
1535.52395849 2.30557161855 5.59659970349 0.00184893729771 125.67 0.15399 0.3735 0.00010923 722.596 -1437.192 -0.000279674
1713.92628994 2.26684930697 5.5567300692 0.00180109127612 131.64 0.14808 0.3545 0.00010652 756.187 -1504.374 -1.59252e-05
1734.42423084 2.59904852752 4.49558723435 0.00200867772415 139.32 0.19623 0.33396 0.00013263 558.813 -1109.626 -0.00685146
1477.96011567 2.35584587829 5.40157936226 0.00173144909521 122.26 0.17521 0.38991 0.0001215 608.104 -1208.208 -1.95931e-05
1959.30914978 2.10829685629 5.61057279844 0.00199768009912 147.76 0.1376 0.35741 0.00011979 749.113 -1490.226 -0.000307041
1583.02629675 2.50263793826 5.17481883725 0.00201531270561 125.39 0.16285 0.3373 0.00011935 827.874 -1647.748 -0.000659686
1592.58880593 2.29192225122 5.50629239915 0.00170718295056 125.85 0.14575 0.35021 9.7692e-05 802.702 -1597.404 -5.94153e-05
1712.46815626 2.47269199094 5.10632614792 0.00190161443814 133.26 0.16916 0.34497 0.00011656 668.473 -1328.946 -1.46526e-05
1900.59558764 2.56709165572 4.74485576064 0.00163929249064 141.63 0.17767 0.3164 0.00010496 607.633 -1207.266 -0.0127534
1571.39148004 2.55880059961 4.87334871471 0.00177105088373 125.55 0.1832 0.33769 0.00011736 641.921 -1275.842 -0.000320157
1778.87530416 2.39283412428 5.33119303509 0.00174715080736 134.77 0.16377 0.3525 0.00010724 636.589 -1265.178 -0.000426494
1497.66366782 2.23140571957 5.57690820795 0.00186243060973 126.16 0.1568 0.39191 0.00011997 617.735 -1227.47 -0.000651672
1606.60826464 2.20921273279 5.48632100428 0.00164906787115 134.66 0.15892 0.37861 0.00011174 516.041 -1024.082 -0.000324034
1522.82380033 2.21610011178 5.47456213069 0.00179525188604 125.22 0.15126 0.36483 0.00011037 697.822 -1387.644 -1.10249e-05
1626.2904045 2.27689256814 5.49198626872 0.00180291085394 129.71 0.15748 0.37629 0.0001123 701.479 -1394.958 -0.00197375
1676.99617632 2.46350812231 5.10481965429 0.00184606557818 134.7 0.17037 0.35528 0.00011263 606.149 -1204.298 -0.00046233
1716.7284029 2.46624015259 5.03536613677 0.00168034197667 134.1 0.1871 0.36556 0.00011249 552.771 -1097.542 -0.000351404
1554.24085809 2.67290186585 4.59274428689 0.00188758495501 129.05 0.19322 0.32429 0.00013215 601.141 -1194.282 -4.68739e-06
1640.52391519 2.20001528408 5.66279312972 0.00187390031825 131.76 0.14781 0.38134 0.00011459 706.852 -1405.704 -6.98226e-07
1687.85147082 2.18767927538 5.79094699837 0.00176783996331 133.2 0.15531 0.39976 0.00011509 585.491 -1162.982 -4.92212e-06
1699.33810742 2.29099743914 5.44818650895 0.00170893794671 134.24 0.16508 0.38067 0.00010745 650.273 -1292.546 -0.00182803
1683.54135011 2.55786910767 4.62062280622 0.00185894046822 132.48 0.1764 0.31331 0.00012262 737.836 -1467.672 -0.00100393
1706.38676275 2.3217192573 5.31316953636 0.00187733816825 137.54 0.17351 0.38135 0.00012836 500.201 -992.402 -3.15867e-05
1517.77779419 2.18588055511 5.70954143261 0.00199749428664 128.95 0.16021 0.40107 0.00014066 513.778 -1019.556 -3.53977e-05
1613.00019604 2.33768582763 5.43709824892 0.00170604096406 126.3 0.15515 0.34987 0.00010334 771.756 -1535.512 -0.00329548
1559.29801189 2.27570304559 5.59894514776 0.00175157208182 125.47 0.15392 0.37895 0.0001034 760.477 -1512.954 -3.85779e-06
1787.22955374 2.423001033 5.21797499584 0.00202455112119 135.59 0.15656 0.33577 0.0001158 786.172 -1564.344 -6.76395e-05
1765.18540063 2.3420488697 5.2622486504 0.00172780382779 138.53 0.1642 0.36128 0.00010572 624.487 -1240.974 -0.00638877
1980.96640807 2.40222173589 5.12971394593 0.00190615154771 144.29 0.15747 0.32789 0.0001096 742.55 -1477.1 -8.24795e-06
1806.99111764 2.18949403703 5.69895009439 0.00180539833083 140.8 0.1484 0.38185 0.00010858 644.345 -1280.69 -1.82562e-05
1687.19654722 2.20863646959 5.68551189468 0.00202360618262 133.98 0.14593 0.37217 0.00012021 716.57 -1425.14 -0.000147863
1789.01984355 2.33537374898 5.34508127948 0.00173905118639 136.11 0.15959 0.36119 9.7381e-05 731.771 -1455.542 -3.4313e-06
1655.91449519 2.268326513 5.58690405082 0.00215185111951 131.56 0.15091 0.37429 0.0001302 754.389 -1500.778 -0.00497096
1726.48524611 2.8094096496 4.33033404453 0.00188842071425 135.52 0.21199 0.31655 0.00011901 584.774 -1161.548 -0.00749854
1642.30902323 2.19830028245 5.80860814924 0.00194045819968 130.61 0.1442 0.37902 0.00011295 715.292 -1422.584 -9.41304e-05
1635.12625573 2.22502540602 5.59125553748 0.00167543947049 131.42 0.15618 0.38075 0.00010168 595.794 -1183.588 -0.000814059
1830.41094574 2.29989658159 5.18268026928 0.00188562195302 141.8 0.15134 0.33637 0.00012274 722.081 -1436.162 -2.04694e-05
1588.18621376 2.24283422587 5.59677096422 0.00202498693369 129.42 0.1602 0.39438 0.00013471 608.457 -1208.914 -0.00323821
1490.82454153 2.15927344064 5.83354853787 0.00183766087902 126.51 0.1609 0.42726 0.00012222 566.015 -1124.03 -9.05417e-05
1677.63487351 2.33559577476 5.40949174792 0.00188240711352 132.32 0.15875 0.3619 0.00011402 635.366 -1262.732 -0.00152583
1673.97019239 2.58848360209 4.86084582916 0.00180281488626 132.32 0.17858 0.33155 0.00011316 650.013 -1292.026 -1.02244e-05
1478.70339285 2.59126718005 4.84400684144 0.00177284450453 126.09 0.21537 0.39314 0.00012369 454.51 -901.02 -1.73928e-06
1700.06307088 2.25610941807 5.19335794862 0.00192270845356 135.36 0.15573 0.34205 0.00012058 634.421 -1260.842 -0.000163264
1832.23393475 2.32133757258 5.16964853058 0.00196202947222 142.34 0.1629 0.35118 0.00012743 596.623 -1185.246 -2.08896e-06
1540.14935544 2.16640698195 5.76602884536 0.00193985517649 126.72 0.14723 0.38422 0.00012753 645.028 -1282.056 -8.65396e-05
1825.57494511 2.15077431843 5.65068636149 0.00177129980683 140.17 0.14662 0.36944 0.00011043 628.204 -1248.408 -3.87928e-06
1782.10577307 2.42400099431 5.14067252128 0.00185706433564 135.06 0.15697 0.32299 0.00010697 770.197 -1532.394 -2.56016e-06
1800.32060053 2.31058882959 5.39837653241 0.00193124587988 138.84 0.15928 0.3541 0.00012642 658.116 -1308.232 -0.000194781
1799.25002406 2.72782527894 4.49333456444 0.00206507821399 137.18 0.18558 0.30605 0.00012807 729.415 -1450.83 -3.11967e-05
1750.31071114 2.56067337461 4.83068464769 0.00197117731027 133.25 0.1711 0.31771 0.00012153 779.314 -1550.628 -1.01972e-05
1588.10828486 2.16532406208 5.79057464593 0.00185818705423 130.75 0.15392 0.406 0.00012052 613.909 -1219.818 -7.86432e-05
1598.88594426 2.54439242128 4.99430375069 0.00202944618333 126.97 0.17241 0.33812 0.00012038 796.815 -1585.63 -4.59784e-05
1665.29593285 2.40737826087 5.27294524875 0.0018841224303 129.79 0.1617 0.35075 0.00011684 741.12 -1474.24 -2.04082e-05
2000.17611753 2.40636453329 4.8638298181 0.00191372971914 146.08 0.15122 0.30109 0.00011308 818.4 -1628.8 -0.00125145
1853.96287162 2.26782344549 5.40377766439 0.00178208519608 144.19 0.1522 0.35529 0.00011182 670.733 -1333.466 -0.0101313
1583.50457656 2.92444427218 4.32578375373 0.00181950797207 125.4 0.22313 0.32322 0.00011469 652.987 -1297.974 -4.65227e-05
1809.09759516 2.29937924991 5.41682342984 0.00194523713248 136.02 0.14317 0.33569 0.00011182 848.478 -1688.956 -5.64715e-05
1649.78895487 2.30158744004 5.53515239938 0.00177647048183 130.34 0.15926 0.37405 0.00010679 665.004 -1322.008 -0.000242075
1707.55743101 2.28074796709 5.4814940836 0.00192239277275 134.85 0.15201 0.3584 0.00011517 721.042 -1434.084 -2.38786e-05
1825.96563885 2.43745706018 5.04839855151 0.00195437619976 140.9 0.17342 0.35053 0.0001188 634.589 -1261.178 -6.87601e-05
1836.85022861 2.40109661046 5.10526433881 0.00198527241868 142.37 0.17837 0.35682 0.00014057 477.757 -947.514 -4.68765e-05
1956.61203086 2.50147253807 4.91178279922 0.00175782107203 142.34 0.16236 0.31198 0.00010313 783.27 -1558.54 -3.34608e-05
1624.41072886 2.30037256509 5.4184228542 0.00171712262742 129.2 0.15732 0.36554 0.00010729 663.384 -1318.768 -6.27359e-05
1669.65713699 2.41369575422 5.22210592996 0.00185498882921 129.25 0.15855 0.33864 0.00010751 795.091 -1582.182 -6.45082e-05
1709.77505703 2.37903900612 5.21653686178 0.00194807563969 133.2 0.16799 0.36142 0.00012372 664.522 -1321.044 -3.78764e-05
1524.35070338 2.48665215759 5.19116468414 0.00176312282552 122.6 0.17527 0.35985 0.00010927 701.15 -1394.3 -3.07392e-05
1619.15982387 2.30795153865 5.35051259067 0.00184164853367 133.52 0.16243 0.36416 0.00012186 560.639 -1113.278 -5.65374e-06
1570.9521836 2.33822946658 5.51551370903 0.00201591990878 123.44 0.14655 0.3492 0.00011571 863.821 -1719.642 -9.50286e-05
1773.91700559 2.47732728849 4.93580898828 0.00187286232078 136.78 0.17069 0.33003 0.00011591 653.738 -1299.476 -0.000580048
1856.35918584 2.42322835556 5.10054768352 0.00180621658741 138.69 0.15146 0.31519 0.00010608 820.912 -1633.824 -0.000317727
1635.21996242 2.56799733484 4.95623901437 0.00190448271042 131.07 0.19544 0.3623 0.0001353 526.917 -1045.834 -0.00274263
1785.19951913 2.7166314967 4.7973268476 0.00188455135386 133.73 0.18094 0.32194 0.00010721 802.987 -1597.974 -5.78709e-06
1720.67744301 2.66254867672 4.55909728726 0.00195186501406 134.98 0.19644 0.32759 0.00012947 609.025 -1210.05 -0.0076829
1588.09022298 2.50031570479 5.19844193063 0.00194389230823 122.9 0.15951 0.3309 0.00011127 899.498 -1790.996 -0.000426244
1778.33982493 2.53616662758 4.9303814672 0.00193459224751 136.36 0.16958 0.3278 0.00012004 727.54 -1447.08 -1.0301e-06
1485.10742081 2.28986961723 5.80248180551 0.00172714246793 120.59 0.15427 0.38461 0.00010305 696.387 -1384.774 -1.38338e-05
1733.89398123 2.64377590037 4.56257784238 0.00178939633111 136.77 0.20533 0.33929 0.0001182 532.965 -1057.93 -1.58994e-05
1665.28030225 2.31101558397 5.29354402881 0.00176255192663 131.62 0.15826 0.35363 0.00011132 680.1 -1352.2 -6.88464e-07
1573.01739995 2.53388971495 4.97312530237 0.00170929704835 125.73 0.18404 0.35323 0.0001069 681.11 -1354.22 -1.29799e-05
1685.94424563 2.338525356 5.30913150074 0.00175787246981 134.41 0.16223 0.35785 0.00011184 611.181 -1214.362 -0.00231906
1765.38148846 2.39235950615 5.30176491544 0.0018018266934 133.75 0.1538 0.34311 0.00010173 855.424 -1702.848 -1.63508e-05
1593.22513817 2.46250046505 5.09689903147 0.00188191444095 127.66 0.17051 0.35057 0.00011867 673.117 -1338.234 -0.00342069
1571.14203007 2.33455463508 5.39154155349 0.00187196733115 129.11 0.16548 0.37615 0.00012256 614.781 -1221.562 -2.99963e-06
1650.31550736 2.33835063981 5.52500397464 0.00195033866279 131.42 0.1579 0.37744 0.00011473 705.015 -1402.03 -1.42306e-05
1769.71101776 2.44714194823 5.03800821656 0.00193724492004 138.24 0.17391 0.35512 0.00012468 643.73 -1279.46 -3.84372e-06
1833.62756163 2.25188817935 5.32641823138 0.00191519449744 141.69 0.1525 0.34886 0.00011906 629.777 -1251.554 -5.92e-06
1698.67696218 2.31108618541 5.51818272109 0.00169532641259 130.7 0.15412 0.35625 9.9028e-05 714.07 -1420.14 -8.69444e-05
1757.83831347 2.5558137895 4.73837000191 0.00187772951632 135.35 0.18303 0.32813 0.00012382 680.303 -1352.606 -0.00470065
1678.19899805 2.32952690631 5.4197430799 0.00189251039839 132.46 0.16599 0.38102 0.00011843 639.466 -1270.932 -0.000957179
1601.36623533 2.07485050333 5.88605103951 0.00180947190564 130.65 0.14761 0.39525 0.00012075 547.174 -1086.348 -0.00160767
1718.5849947 2.4540306176 5.19908466443 0.00171290617246 131.5 0.16376 0.34553 9.9085e-05 787.317 -1566.634 -3.66625e-06
1877.15199583 2.31014209709 5.32187134201 0.00189771782733 141.68 0.14917 0.33824 0.000111 757.018 -1506.036 -9.81034e-06
1740.77930125 2.34604684808 5.30399349976 0.00161955582834 134.05 0.15663 0.34714 9.8999e-05 705.619 -1403.238 -1.43859e-05
1652.887096 2.03610119976 6.16046617724 0.00217131519431 136.3 0.1418 0.42097 0.00014574 541.634 -1075.268 -0.00111093
1708.33891922 2.36991870093 5.37142843056 0.00194128463304 131.37 0.15793 0.34762 0.00012216 752.451 -1496.902 -7.26768e-06
1965.66793928 2.24226610057 5.42661708423 0.00182803596704 147.48 0.15318 0.36139 0.00011016 642.318 -1276.636 -0.0204281
1757.32064373 2.60971348765 4.86605529813 0.00199691765346 136.12 0.18689 0.33494 0.00013221 595.362 -1182.724 -1.40657e-05
1854.27137324 2.21280817868 5.49642250983 0.00170770494412 141.52 0.15129 0.35795 0.00010942 604.806 -1201.612 -1.32554e-05
1920.16906917 2.54979781397 4.9214327711 0.00189265290662 137.44 0.15729 0.29853 0.00010475 900.302 -1792.604 -7.06743e-05
1624.36172228 2.32990594911 5.47412151721 0.00197974145411 130.36 0.15674 0.36811 0.00011745 727.593 -1447.186 -3.708e-05
1548.6577492 2.53985069783 5.03142266425 0.00157729209693 121.52 0.17353 0.33124 9.4715e-05 776.195 -1544.39 -5.13642e-05
1831.02338863 2.1322988759 5.69364927383 0.00171841165741 142.3 0.14919 0.3718 0.00011159 566.881 -1125.762 -1.5445e-05
1503.40474101 2.19648963745 5.81172469112 0.00155705893734 123.14 0.15403 0.40318 0.00010155 636.375 -1264.75 -2.26826e-05
1882.20468269 2.3072027027 5.28947531599 0.00183218180072 142.03 0.15672 0.34876 0.00011198 646.181 -1284.362 -3.57643e-05
1657.84037382 2.3438679645 4.98911556027 0.00211564970543 136.59 0.18402 0.37414 0.00015317 446.947 -885.894 -5.92868e-05
1569.25052364 2.1387793137 6.02999882468 0.00184535017267 128.21 0.14676 0.40339 0.00011637 670.402 -1332.804 -9.95667e-05
1607.97689132 2.22789038213 5.79458338545 0.0017980164968 127.38 0.15131 0.37904 0.00011401 667.255 -1326.51 -3.72826e-05
1796.33962363 2.67508295103 4.70847510813 0.00171899516288 134.85 0.18707 0.32201 0.00011149 650.565 -1293.13 -0.000366483
1716.47946531 2.24637054022 5.43581406995 0.00184356869215 140.56 0.17015 0.39737 0.00013388 443.691 -879.382 -3.02905e-05
1595.86509424 2.29990267681 5.54839871209 0.00194366008843 129.05 0.15788 0.3738 0.00012235 689.411 -1370.822 -0.000956486
1740.02558709 2.51228958029 4.97130574587 0.00202575392017 134.92 0.17509 0.32944 0.00013062 672.217 -1336.434 -0.00228402
1825.32932338 2.16291034698 5.65626567064 0.00181857590653 139.17 0.14286 0.36284 0.00011035 674.938 -1341.876 -1.02905e-05
1924.72424556 2.28215952526 5.3837024639 0.00184387387026 143.16 0.15646 0.3535 0.00011147 661.808 -1315.616 -0.0293609
1922.4851167 2.68550139171 4.58216924727 0.00193383630775 143.01 0.18318 0.31021 0.00011969 713.576 -1419.152 -4.77681e-05
1818.02791564 2.1422769965 5.46593842687 0.00182366359791 144.86 0.14945 0.36561 0.00012298 526.625 -1045.25 -6.79173e-05
1523.22459987 2.43427361167 5.43089675809 0.0018921681999 123.15 0.17139 0.37403 0.00011876 682.595 -1357.19 -0.000486971
1549.21208285 2.53563469449 5.06862819528 0.00191122589976 121.82 0.1704 0.33727 0.00011136 787.119 -1566.238 -0.00305015
1376.6456491 2.26465272649 6.00553017152 0.0018064562346 113.9 0.15092 0.40352 0.00010835 740.718 -1473.436 -5.222e-06
1786.35002735 2.36415116387 5.0011189079 0.00192008979272 142.51 0.16695 0.34233 0.0001301 560.345 -1112.69 -2.55149e-06
2002.76539408 2.19827044785 5.01358385902 0.00202115943981 155.46 0.15764 0.33645 0.00014356 484.612 -961.224 -0.00110093
1602.6913881 2.33423588698 5.54616692366 0.00199221006358 128.88 0.15853 0.37509 0.00012629 714.779 -1421.558 -0.00250887
1780.02685494 2.43127551771 5.04542092923 0.00179715784476 136.43 0.16648 0.33644 0.00011441 686.615 -1365.23 -9.21783e-06
1698.61719799 2.30827330977 5.29199538956 0.00190645027542 136.78 0.16143 0.36617 0.00011765 617.06 -1226.12 -0.000964777
1477.54905671 2.07933958355 6.02585134731 0.00172383979868 125.88 0.15077 0.43458 0.00010806 584.397 -1160.794 -0.000129301
1727.49846526 2.25668131521 5.60899336906 0.00180593694443 134.22 0.15194 0.36752 0.00011396 659.131 -1310.262 -2.23473e-05
1544.19744839 2.55379578297 5.09617141331 0.00193880838606 126.35 0.18855 0.36863 0.00012797 572.255 -1136.51 -0.00361805
1615.58491969 2.32564219351 5.56499199424 0.00181041535652 126.76 0.15101 0.35431 0.00010934 720.428 -1432.856 -0.00175025
1671.58272511 2.56901713525 5.0127205998 0.00198320821432 131.96 0.17573 0.34589 0.00011703 709.807 -1411.614 -3.43687e-05
1836.93728414 2.36706176861 5.26494961906 0.00178701611286 136.66 0.15148 0.32925 0.00010534 791.323 -1574.646 -7.86733e-05
1646.12085919 2.38909048713 5.03237838854 0.00179731493022 133.87 0.17268 0.35342 0.00011513 585.388 -1162.776 -3.96124e-07
1494.37392722 2.27265165919 5.71211814121 0.001790742854 121.63 0.15322 0.38812 0.00010549 777.38 -1546.76 -0.00424438
1819.50264775 2.07459202952 5.95102176105 0.00162540721993 144.85 0.14553 0.41071 0.00010161 578.878 -1149.756 -6.9767e-06
1882.34922075 2.31435810313 5.3182773427 0.00161260160225 140.23 0.14614 0.32703 9.3332e-05 767.754 -1527.508 -2.42523e-05
1632.88084575 2.14524445164 6.0421467919 0.00187656575279 130.59 0.14141 0.39783 0.00011354 727.148 -1446.296 -5.52534e-05
1729.32301 2.38680326234 5.34128381106 0.0017716862255 132.21 0.16028 0.35178 0.00010895 698.268 -1388.536 -5.36083e-06
1443.43182082 2.34964777148 5.41027830039 0.00193789531089 122.12 0.16314 0.38877 0.00011758 738.255 -1468.51 -7.77144e-05
1774.68541639 2.65691353058 4.63873925683 0.00180253669768 136.01 0.18976 0.33131 0.00011211 697.185 -1386.37 -0.00295668
1725.13209188 2.26015263048 5.13468265297 0.00172526866127 140.76 0.17299 0.37298 0.00012379 464.423 -920.846 -0.000633119
1690.33857498 2.34027201679 5.29669355241 0.00200902630088 132.86 0.16567 0.36676 0.00012688 674.888 -1341.776 -0.002793
1869.30272322 2.63537303463 4.31485176445 0.0018788549272 150.39 0.2139 0.33394 0.00013776 436.911 -865.822 -2.14008e-05
1524.56033255 2.04048962561 6.12093911479 0.00183100163365 128.68 0.14841 0.43044 0.00012098 527.446 -1046.892 -1.49064e-05
1678.44422599 2.37903017029 5.26603216549 0.00186602118202 129.51 0.16163 0.3481 0.00012444 650.126 -1292.252 -2.59391e-05
1719.70775853 2.30630824936 5.37610566605 0.00173125578318 132.92 0.15937 0.36446 0.00010442 717.236 -1426.472 -0.000179683
1473.74879067 2.28172772948 5.37455239686 0.00208678738178 123.54 0.15633 0.36828 0.00013157 718.105 -1428.21 -0.00300371
1603.92852163 2.42038967022 5.2733498647 0.0017422615739 127.83 0.17216 0.36558 0.00011081 594.062 -1180.124 -0.000334458
1554.89152788 2.34119102606 5.41630286328 0.00193169144014 126.83 0.16887 0.37917 0.00012784 608.909 -1209.818 -0.00142532
1698.37495923 2.22097661565 5.54057099145 0.00192812084632 137.28 0.1579 0.38841 0.00011832 595.398 -1182.796 -0.00302818
1648.47287207 2.20968966744 5.67388125591 0.00174893390326 132.68 0.15513 0.39283 0.00010778 622.273 -1236.546 -0.0007149
1795.51520716 2.10453640678 5.82765038575 0.00168543709544 139.18 0.1444 0.38295 0.00010772 605.347 -1202.694 -0.0011539
1485.65132343 2.64232494478 4.79845444675 0.00172286809819 123.01 0.19121 0.34545 0.00011494 644.714 -1281.428 -9.66774e-06
1771.47121627 2.50597772683 5.00698608245 0.00176383147532 134.71 0.16771 0.33344 0.00010276 739.362 -1470.724 -0.000325401
1699.48737147 2.44018911061 5.09939935837 0.00184582384932 131.1 0.16544 0.3338 0.00011422 680.024 -1352.048 -4.42532e-06
1835.50889716 2.61507105166 4.82302239988 0.00182285592731 137.72 0.17789 0.32864 0.00010731 737.306 -1466.612 -0.000103254
1692.14410945 2.49501466838 5.12361839787 0.00177365945819 128.86 0.16769 0.34073 0.00010668 720.388 -1432.776 -1.00436e-05
1706.55912659 2.44591008549 5.14969249973 0.00197203199881 133.86 0.15906 0.33482 0.0001143 751.932 -1495.864 -0.00241578
1612.58770476 2.38201707696 5.47980991668 0.00197627129106 130.86 0.17648 0.38967 0.00013005 545.197 -1082.394 -3.33699e-06
1616.86624113 2.16527097038 5.58632235657 0.00173775414058 132.71 0.15536 0.38602 0.00011475 570.698 -1133.396 -0.00118203
1733.39714858 2.6251682422 4.76181262709 0.00189975909448 134.58 0.19464 0.34315 0.00011665 629.85 -1251.7 -4.23771e-05
1910.92226566 2.72713346611 4.36304512795 0.00204797884207 143.19 0.20016 0.31294 0.00012485 670.208 -1332.416 -3.6071e-05
1765.60607179 2.4918707358 4.89850675548 0.00175148832104 136.05 0.17262 0.32714 0.0001137 615.394 -1222.788 -1.74667e-05
1918.16606936 2.34703258089 5.20563758893 0.00191330302712 142.73 0.15026 0.32871 0.00011392 758.718 -1509.436 -1.99064e-05
1760.34695341 2.4278779026 4.82030214294 0.00197611326747 141.96 0.19277 0.36343 0.00014759 398.609 -789.218 -0.000100507
1886.52156212 2.20653785986 5.43134465639 0.00185515754425 142.31 0.14258 0.33828 0.00010677 715.355 -1422.71 -0.000148909
1776.8385122 2.23194382004 5.38617980133 0.0017794175744 138.78 0.15546 0.3622 0.00011249 619.309 -1230.618 -0.000134682
1655.61693735 2.33089136894 5.40364421169 0.00203087260342 131.36 0.15684 0.36182 0.00013314 676.892 -1345.784 -5.71289e-06
1658.17424992 2.30056814116 5.09885399405 0.00187656941653 137.96 0.17343 0.36508 0.00014206 447.161 -886.322 -2.51714e-05
1768.61768018 2.64759934585 4.94678231325 0.00174559166011 130.81 0.17336 0.32399 9.7673e-05 826.757 -1645.514 -1.27094e-05
1628.67264208 2.35084325209 5.20170130596 0.00171275023053 132.29 0.16551 0.36838 0.00011219 626.358 -1244.716 -5.96477e-06
1658.7458562 2.20908431074 5.53763673616 0.00202697715279 133.26 0.14957 0.37219 0.00012316 675.413 -1342.826 -4.92521e-06
1487.54749685 2.11895051449 5.92957230362 0.00179253967225 124.48 0.14709 0.40536 0.00011197 657.918 -1307.836 -0.000107495
1850.5047597 2.39727007005 5.05818092111 0.00186101125066 141.02 0.16093 0.33889 0.00010566 751.756 -1495.512 -6.7675e-06
1713.18567294 2.86214794785 4.32490894157 0.00178032835141 131.43 0.20043 0.3046 0.00010698 784.455 -1560.91 -0.00116356
1538.5295495 2.29398332946 5.51136761352 0.00195650381452 127.3 0.16789 0.3923 0.00012856 586.713 -1165.426 -0.00174469
1600.92516273 2.83132836246 4.50148230594 0.00180771319025 126.61 0.20592 0.31754 0.00011524 671.673 -1335.346 -0.000126007
1691.62630711 2.19762292282 5.52141919057 0.00179932758693 136.5 0.15708 0.37185 0.00012588 509.16 -1010.32 -3.76145e-06
1796.88972141 2.45454104604 4.9017282626 0.00194682417964 139.57 0.1745 0.34507 0.00012459 628.811 -1249.622 -0.000231776
1942.57919623 2.33831631524 5.27294631958 0.00189735170353 142.25 0.14529 0.32618 0.00010523 867.988 -1727.976 -2.13144e-05
1550.11771501 2.34101323222 5.46070123419 0.00189454245625 126.78 0.17201 0.38397 0.000129 572.674 -1137.348 -7.16573e-05
1889.86887646 2.55044372468 4.85567186764 0.00190028587865 139.81 0.17002 0.3169 0.00011139 740.825 -1473.65 -0.00455123
1695.80347707 2.2158690035 5.62008768449 0.00191962695184 134.53 0.14965 0.37378 0.00011677 690.941 -1373.882 -0.00142257
1510.27174358 2.26256922751 5.58954495907 0.00190969868252 125.11 0.16272 0.38891 0.00012189 619.961 -1231.922 -1.65772e-05
1642.22855935 2.18863665288 5.43036848523 0.0020217305885 134.28 0.15639 0.38015 0.00014545 561.444 -1114.888 -1.15821e-05
1712.7846299 2.23381074081 5.70227611114 0.00177874325269 135.62 0.16093 0.39296 0.00011513 499.663 -991.326 -6.85002e-05
1288.18975557 2.13267455966 6.21444468379 0.00183638573237 116.54 0.16059 0.45791 0.00012375 506.285 -1004.57 -0.0003269
1680.27322698 2.35333542715 5.26267615185 0.00184367902611 132.43 0.16147 0.35737 0.00011083 685.453 -1362.906 -0.000509044
1648.93145302 2.17929976066 5.63681039824 0.00176620072456 132.03 0.1436 0.36623 0.00010705 699.767 -1391.534 -0.00181882
1636.16025856 2.54303966141 4.91966425913 0.00183478365279 129.07 0.18922 0.36326 0.00011937 641.627 -1275.254 -1.93039e-05
1859.66069733 2.37214647116 5.07100072894 0.00191244580172 141.06 0.1573 0.32929 0.00011859 690.018 -1372.036 -2.71206e-05
1712.18706826 2.58747639878 4.78872550916 0.00188836677406 133.06 0.17653 0.32858 0.00012049 712.329 -1416.658 -7.25748e-06
1677.10750712 2.27265454391 5.5160099897 0.00186027729887 133.69 0.15243 0.36439 0.0001177 634.007 -1260.014 -0.00079567
1699.81964712 2.34809554604 5.29335554499 0.0019746180413 134.58 0.17015 0.37033 0.00012905 568.392 -1128.784 -3.85606e-05
1652.76590214 2.46639075784 5.16482530558 0.0018474868968 132.12 0.17658 0.3662 0.00011191 630.454 -1252.908 -2.7539e-05
1577.82154396 2.43593292185 5.42742048835 0.0018278515701 127.5 0.17369 0.37442 0.00011684 582.232 -1156.464 -2.64353e-05
1575.72647208 2.55384358477 4.96602498608 0.00194819963495 126.28 0.1776 0.34202 0.00011724 739.705 -1471.41 -2.41447e-05
1584.5836659 2.46015535466 5.00748403859 0.00172874209947 128.28 0.17443 0.34626 0.00012015 630.711 -1253.422 -0.00610104
1733.23431247 2.18885202072 5.62579709997 0.00169384383741 137.11 0.15418 0.38272 0.00010909 574.694 -1141.388 -0.00202778
1652.95586725 2.29482898538 5.31798859226 0.00199002082035 135.77 0.16981 0.37747 0.00014272 493.833 -979.666 -8.51707e-05
1679.86264401 2.15058989791 5.7914711932 0.00187449128441 134.71 0.15226 0.39561 0.00011899 603.412 -1198.824 -0.00269859
1543.55962168 2.65643254276 4.87146887777 0.00196914481387 122.14 0.18492 0.33836 0.000124 752.488 -1496.976 -3.18613e-05
1600.80742685 2.16739456225 5.85699160581 0.00184322433983 131.28 0.14194 0.38129 0.00011353 696.42 -1384.84 -1.86555e-05
1816.53590517 2.53627767842 4.66302976619 0.00188904013543 140.71 0.18368 0.32947 0.0001219 602.618 -1197.236 -0.000416572
1521.29730729 2.16174070025 6.01504103304 0.00181225405793 123.44 0.14092 0.39613 0.00010521 761.8 -1515.6 -1.48692e-05
1825.53842016 2.20068360959 5.66731599642 0.00196187805446 139.23 0.1438 0.3612 0.00011716 689.965 -1371.93 -0.000202854
1441.35427776 2.51252208736 5.10803447952 0.00186070390207 119.08 0.18416 0.36553 0.00012265 673.065 -1338.13 -0.000140476
1581.52676156 2.42937024988 5.32231796101 0.00178282174579 123.96 0.15716 0.34856 0.00010371 842.641 -1677.282 -0.00302363
1607.70687883 2.13000350169 5.97189382879 0.00193195724973 130.38 0.15214 0.41376 0.00012995 554.75 -1101.5 -9.89792e-06
1962.54837945 2.3864695154 4.97488272803 0.00191108365799 148.17 0.16232 0.33044 0.00012037 617.314 -1226.628 -0.00172725
1746.97883944 2.84272954624 4.46486961861 0.001929197746 133.57 0.19527 0.3076 0.00011208 817.533 -1627.066 -0.0004564
1672.9458273 2.38091950251 5.18137932572 0.00214857806546 135.26 0.16863 0.36644 0.00013392 642.716 -1277.432 -1.25165e-05
1762.58926959 2.56867788821 4.72404244663 0.00183155752786 137.36 0.18373 0.3266 0.00012 618.185 -1228.37 -2.60249e-05
1706.41339929 2.5395250516 5.07752485445 0.00188135346746 129.89 0.17364 0.33974 0.00011256 737.524 -1467.048 -0.00123719
1599.49294401 2.3699216959 5.39092799906 0.00175810304648 128.87 0.17579 0.39024 0.00011351 554.193 -1100.386 -3.47087e-06
1563.35223569 2.38630831565 5.2970987364 0.00197000207258 125.87 0.16197 0.35816 0.00011748 727.478 -1446.956 -0.0062463
1954.88454254 2.5495291801 4.83710541926 0.00192619941664 142.59 0.16426 0.3101 0.00011276 817.056 -1626.112 -5.22133e-06
1597.03074286 2.44611682431 5.06914101101 0.00184895093125 127.82 0.1623 0.34429 0.00010568 809.301 -1610.602 -0.000960309
1619.45210761 2.31813018487 5.39564151026 0.00189068626311 133.41 0.15991 0.37796 0.0001194 627.638 -1247.276 -5.63526e-07
1731.34199595 2.38892966845 4.98765064538 0.00171946803462 136.56 0.17134 0.34207 0.00012284 555.828 -1103.656 -6.69529e-06
1722.35674749 2.67683819518 4.89536875347 0.00196770472138 129.41 0.17042 0.31103 0.00011506 864.918 -1721.836 -0.00482886
1791.14187592 2.29876822491 5.42463125858 0.00191342658939 136.68 0.15033 0.35044 0.00010846 752.391 -1496.782 -0.00168186
1930.43816426 2.55089858931 4.79853106475 0.00193557464501 141.8 0.16062 0.30607 0.00010695 901.165 -1794.33 -3.53306e-05
1591.38904588 2.57227309908 4.88808888786 0.00188253143629 127.66 0.18011 0.34076 0.00012088 638.291 -1268.582 -3.54475e-05
1860.94005796 2.47249108433 4.96681787288 0.00181692551005 139.55 0.16273 0.32052 0.00010788 798.099 -1588.198 -6.44822e-05
1778.113286 2.34583510911 5.30348334284 0.00180187652021 135.2 0.15316 0.33819 0.00010804 743.22 -1478.44 -0.000666517
1658.77006461 2.28608894838 5.48246713659 0.00201558740254 135.06 0.15464 0.35457 0.0001269 652.092 -1296.184 -0.000640896
1821.27975932 2.24331948753 5.57485941451 0.00176820525999 136.03 0.14745 0.35316 0.00010914 721.426 -1434.852 -1.66881e-06
1700.26348339 2.34421087106 5.00067983961 0.0017423247789 135.55 0.17294 0.34628 0.00011997 527.976 -1047.952 -2.29565e-06
1706.01932042 2.15977235685 5.61637313968 0.00195466461905 138.51 0.15204 0.37689 0.00013112 511.97 -1015.94 -7.67867e-06
1632.16906783 2.54764194398 4.88995494387 0.00192434581603 129.63 0.17077 0.32711 0.00011674 772.847 -1537.694 -0.000572669
1730.99943087 2.14933968069 5.35221867767 0.00173659834846 146.71 0.17745 0.41593 0.000138 363.348 -718.696 -0.000761268
1652.01998235 2.24821446714 5.37617707346 0.00201342644779 137.28 0.16899 0.3868 0.0001422 491.719 -975.438 -0.00207179
1736.12381031 2.13424647427 5.95430830774 0.00188229747344 136.62 0.13929 0.38273 0.00011308 676 -1344 -0.000238856
1649.16775304 2.77475243298 4.67105028628 0.00184934390024 125.34 0.18764 0.31802 0.00010225 912.087 -1816.174 -0.000377042
1857.46896086 2.23796797078 5.45505171485 0.00191780240577 141.32 0.14573 0.34578 0.00011453 672.872 -1337.744 -0.000142736
1553.86680328 2.37086506048 5.11259627471 0.00177953369263 128.87 0.17003 0.35668 0.00011825 557.782 -1107.564 -7.25288e-06
1667.21795842 2.27867496583 5.41470767728 0.00178471253331 132.47 0.15813 0.36625 0.00011459 620.34 -1232.68 -0.000375874
1852.80294462 2.12286683792 5.56151789113 0.00206931297098 150.33 0.15509 0.38863 0.00014402 498.721 -989.442 -1.2341e-05
1763.82381773 2.36553549972 5.17757028689 0.00167715487054 136.68 0.16262 0.34825 0.00010345 651.29 -1294.58 -9.29162e-05
1770.15569376 2.4868650104 5.06974872008 0.00194840754086 134.57 0.16985 0.34101 0.00011643 723.813 -1439.626 -0.000183114
1720.84121036 2.60482767174 4.91513325089 0.00203937859378 132.29 0.18104 0.33488 0.0001257 703.095 -1398.19 -2.23069e-05
1668.29579134 2.1737232394 5.67084969271 0.00204038383966 136.82 0.14866 0.3811 0.00013223 582.53 -1157.06 -3.98504e-05
1777.28680901 2.2647968471 5.11913797098 0.00199016744196 145.42 0.16925 0.35933 0.00014692 451.26 -894.52 -0.00151811
1637.63779706 2.57986604822 4.82772715813 0.00193603993393 131.04 0.18525 0.33777 0.00012081 629.305 -1250.61 -5.14716e-05
1702.96359999 2.15791976254 5.54467908554 0.00188991149952 139.37 0.16184 0.40447 0.00012664 508.953 -1009.906 -9.60042e-05
1631.58340432 2.20388798764 5.57575088748 0.00192465465787 133.33 0.15969 0.39853 0.00012208 573.747 -1139.494 -0.00224456
1633.08059974 2.25066718899 5.70557186079 0.00198799918749 134.21 0.16509 0.41224 0.00012694 554.616 -1101.232 -0.00194866
1728.59849422 2.41135588761 5.18076694083 0.00181472032956 134.46 0.17071 0.359 0.0001126 620.454 -1232.908 -6.79727e-05
1705.91072043 2.3738667956 5.09539090613 0.00177394459122 136.31 0.17677 0.35688 0.00012692 462.504 -917.008 -4.08743e-05
1641.9275787 2.34880447795 5.27348645468 0.00184401727221 132.65 0.16691 0.36536 0.00011907 609.569 -1211.138 -9.68726e-05
1546.78028552 2.55329799435 5.13763305712 0.00185919228901 122.64 0.17089 0.34342 0.00011175 734.102 -1460.204 -0.000130318
1629.63362298 2.17574511616 5.78784001657 0.00178392637884 128.34 0.13963 0.36233 0.00010658 758.706 -1509.412 -5.7069e-05
1744.17290277 2.21118106529 5.71130383935 0.00181509970387 140.11 0.16797 0.4055 0.00012621 482.539 -957.078 -2.21997e-05
1697.99257272 2.22957110272 5.54013401012 0.00190942244238 135.88 0.15863 0.3784 0.00013236 556.354 -1104.708 -7.81329e-06
1447.5636384 2.17250836424 5.97256182569 0.00194858200131 123.23 0.15516 0.42861 0.00012277 600.965 -1193.93 -0.000256794
1509.09638189 2.29088420408 5.5538109153 0.00199961723291 124.79 0.16354 0.38997 0.00012523 649.822 -1291.644 -0.000213421
1848.24476094 2.2165478891 5.70486838394 0.00202801682669 138.23 0.13765 0.35126 0.00011405 842.295 -1676.59 -0.000598806
1663.36123749 2.15928244399 5.98714673483 0.00173789868052 129.69 0.13611 0.37409 0.00010402 756.158 -1504.316 -5.77133e-05
1538.91679335 2.38032869786 5.42928475168 0.00209459290468 126.07 0.17088 0.38262 0.00013262 637.269 -1266.538 -0.00981742
1834.06978448 2.20140668063 5.67782396524 0.00193008031779 140.16 0.14283 0.36726 0.00011456 732.773 -1457.546 -1.0291e-05
1627.65109034 2.50062086389 5.00675174288 0.00186310367134 129.19 0.17321 0.33762 0.00011288 689.883 -1371.766 -2.21693e-06
1820.14413816 2.45560190593 5.19464697045 0.00179271594791 134.72 0.16 0.32582 0.00010549 807.779 -1607.558 -3.1421e-05
1739.77139866 2.12957662005 5.49098748863 0.00183608343529 143.87 0.16094 0.39851 0.00013581 415.627 -823.254 -0.000484678
1842.7144607 2.49220831961 5.06236255343 0.0018171517624 135.68 0.16345 0.31901 0.0001085 791.015 -1574.03 -0.00293581
1562.86369625 2.14678715348 5.83964085605 0.00185802181418 129.04 0.15104 0.40885 0.00011621 638.939 -1269.878 -0.000206364
1515.99275351 2.17278214801 5.7947975677 0.00170829169144 125.12 0.14374 0.37964 0.0001062 698.961 -1389.922 -4.14685e-05
1677.60069714 2.38043479301 5.50594736929 0.00184378578516 129.62 0.15405 0.35376 0.00010632 815.932 -1623.864 -0.000324234
1631.404019 2.26927510022 5.65595747659 0.00178052971811 128.37 0.15592 0.37912 0.00011106 617.848 -1227.696 -0.00236697
1593.37705474 2.53531506113 4.97455624371 0.00186688442483 128.78 0.18588 0.35971 0.00012117 640.099 -1272.198 -2.01794e-05
1980.9478461 2.07966579459 5.70369302596 0.0016739167108 149.99 0.13812 0.36166 0.00010872 587.962 -1167.924 -2.284e-05
1588.34922497 2.46765278834 5.00293655954 0.00200599533651 126.79 0.17088 0.33769 0.00012578 737.21 -1466.42 -1.82274e-05
1484.41172724 2.39506698956 5.39847557918 0.00188282165414 122 0.18462 0.41241 0.00012445 569.494 -1130.988 -1.74191e-06
1772.04953258 2.77396800927 4.42216938157 0.00174497018501 134.23 0.18741 0.29905 0.00010727 779.943 -1551.886 -1.53982e-05
1535.9614862 2.4790590529 5.32083302944 0.0019382027816 122.25 0.16293 0.35078 0.00011325 801.938 -1595.876 -4.94555e-06
1567.24795153 2.21834761045 5.89593900289 0.00168865697536 125.28 0.14133 0.3764 0.00010168 796.179 -1584.358 -0.00118514
1647.78709786 2.36746442981 5.30559721922 0.0019546310237 129.28 0.15673 0.35478 0.00011474 755.14 -1502.28 -1.17353e-05
1684.78383717 2.33084914746 5.16823305605 0.00173358927213 134.52 0.15792 0.34464 0.00011047 650.503 -1293.006 -0.000420019
1655.87678653 2.31211721633 5.32758317528 0.00180432740415 132.31 0.15786 0.35864 0.00011423 650.945 -1293.89 -9.39763e-06
1632.17292207 2.28523969655 5.52702733757 0.0020972861281 129.24 0.15352 0.36175 0.00012859 706.525 -1405.05 -0.000130542
1662.09159906 1.99997982767 6.15557723325 0.00189244464543 138.51 0.14291 0.41973 0.0001272 571.508 -1135.016 -0.000266603
1870.90226864 2.51575726225 5.03824825024 0.00178451635691 135.77 0.15823 0.3145 0.00010079 832.912 -1657.824 -4.24443e-06
1593.4721221 2.67769833202 4.63072619419 0.00205420284671 128.04 0.19299 0.32971 0.0001308 654.018 -1300.036 -5.32379e-05
1662.35257468 2.32047871281 5.16928528684 0.00192290394163 135.83 0.17292 0.37256 0.00013088 554.366 -1100.732 -8.07726e-05
1754.40314056 2.37536681448 5.23788318322 0.00190695548241 137.21 0.16378 0.35941 0.00010792 693.899 -1379.798 -1.45653e-05
1496.75301196 2.0969486871 6.10022710205 0.00190982204495 124.73 0.14125 0.39952 0.00011858 641.175 -1274.35 -1.30358e-05
1896.93246878 2.53993804723 4.91284927324 0.00186090889365 139.84 0.16727 0.31862 0.00011628 691.873 -1375.746 -0.000827288
1820.33532453 2.60405929132 4.85407449171 0.00203740503912 135.02 0.17288 0.3189 0.00012017 779.413 -1550.826 -0.000104309
1778.25291294 2.39527268566 5.24222912618 0.00176209092873 135.15 0.15915 0.34264 0.0001057 712.363 -1416.726 -4.72553e-06
1916.34977456 2.436323824 5.07812118769 0.00192663097143 141.16 0.16265 0.33092 0.00011576 763.63 -1519.26 -1.0194e-06
1944.01318519 2.17683338247 5.33737807829 0.00211384313387 151.47 0.15478 0.36247 0.00014373 527.086 -1046.172 -5.71641e-05
1717.70293924 2.45225431612 4.83036050943 0.00200560857921 140.64 0.1819 0.33951 0.00014784 509.405 -1010.81 -1.842e-06
1756.89524234 2.51484159005 4.87743629113 0.00179547226531 134.01 0.17312 0.32951 0.00010858 717.979 -1427.958 -8.23934e-06
1568.16718126 2.11130063594 6.06002856943 0.00189702537567 128.14 0.15013 0.41261 0.00012207 598.033 -1188.066 -4.04916e-05
1744.53147796 2.51134852268 5.10610864787 0.00190406646561 132.25 0.15972 0.32293 0.00010873 870.419 -1732.838 -0.000118297
1638.41026962 2.52036956142 4.99756924596 0.00207717361089 128.2 0.17431 0.34194 0.00012439 739.711 -1471.422 -0.00428489
1808.48564754 2.36324865627 5.38365019133 0.00188712525051 135.27 0.14852 0.33267 0.00010952 813.86 -1619.72 -0.00132361
1671.79270204 2.32054879861 5.60358539385 0.00206576808992 130.61 0.15329 0.36569 0.00012167 745.944 -1483.888 -0.000178085
1734.85836383 2.469852593 5.12474452964 0.00198429188081 138.98 0.1732 0.34988 0.00013221 581.986 -1155.972 -0.000188811
1788.12058131 2.26994248175 5.47159127772 0.00184662863889 135.13 0.14517 0.33987 0.00011456 715.51 -1423.02 -4.12349e-05
1734.85112802 2.32624807681 5.3378081991 0.0018559249082 135.22 0.15828 0.36378 0.00011366 721.861 -1435.722 -0.000210098
1784.01931754 2.34601985474 5.17314970234 0.00183000909981 138.96 0.15983 0.33681 0.00011822 615.786 -1223.572 -0.00211156
1728.13442393 2.71097147423 4.46209856 0.00197031435611 134.98 0.19246 0.3106 0.00012864 643.155 -1278.31 -2.36012e-05
1875.77072537 2.35514567271 5.36578595011 0.00197000705193 140.8 0.1553 0.35587 0.00011777 732.921 -1457.842 -0.00033311
1771.28353652 2.34093702062 5.47170210162 0.00184318929564 135.61 0.15737 0.35313 0.00011146 669.529 -1331.058 -0.000273134
1548.01799197 2.41994926007 5.07330693708 0.00188292750281 126.81 0.179 0.3651 0.00012696 576.109 -1144.218 -5.70263e-05
1523.55277829 2.21186830258 5.51724854475 0.00180766595026 128.7 0.16092 0.38961 0.00013131 560.157 -1112.314 -1.25584e-05
1724.46418681 2.22930046581 5.67076851239 0.00190349361273 132.45 0.13827 0.35013 0.00010814 838.089 -1668.178 -4.04526e-05
1699.35844779 2.09272386195 5.85640892684 0.00185117127183 138.96 0.14743 0.40204 0.00012152 591.539 -1175.078 -7.84428e-05
1492.5990239 2.21832087248 5.4334429097 0.00205777419549 132.43 0.17799 0.41079 0.00015875 373.809 -739.618 -5.9173e-05
1628.39243171 2.48141366331 5.00642100695 0.0017881084946 130.49 0.17264 0.34721 0.00011565 653.708 -1299.416 -5.11509e-05
1772.09154269 2.7289380019 4.56575801269 0.00205164422673 134.75 0.19344 0.32424 0.0001216 730.137 -1452.274 -0.00965684
1580.33751236 2.41496776275 5.35101931236 0.00167057130351 126.97 0.17024 0.37028 0.00011297 608.248 -1208.496 -4.52732e-06
1807.81289501 2.41482694204 5.0500070203 0.00180327344723 141.16 0.1675 0.34367 0.00010987 660.457 -1312.914 -0.000874953
1463.32066523 2.49234744189 5.09062989179 0.00158851859444 119.83 0.17858 0.36252 9.4459e-05 715.874 -1423.748 -7.88112e-05
1576.97399406 2.31203939898 5.55209073633 0.00187174054034 124.79 0.15225 0.36078 0.00010765 790.938 -1573.876 -0.00179848
1788.0846194 2.46175524213 5.27303758568 0.0020429900216 134.96 0.16371 0.34774 0.00011701 734.966 -1461.932 -0.000581832
1692.68027972 2.23595500974 5.4429478662 0.0016818479498 133.45 0.14371 0.34821 9.6801e-05 816.279 -1624.558 -2.86807e-06
1750.02402257 1.99010165988 5.92387819244 0.00195771960865 140.77 0.13784 0.38974 0.00013552 534.782 -1061.564 -1.16939e-05
1616.60285678 2.19189122517 5.7014151211 0.00187992818534 130.32 0.14745 0.38361 0.00011222 721.449 -1434.898 -5.66974e-05
1858.77475929 2.24195706721 5.60348074699 0.00179478619189 137.93 0.13562 0.33688 9.7997e-05 887.048 -1766.096 -0.000237817
1556.62542178 2.4515392374 5.25961056604 0.00177551419678 124.01 0.1656 0.35385 0.00010301 770 -1532 -0.000452873
1653.35298782 2.3658649068 5.20226997446 0.00164822215876 131.21 0.17084 0.35957 0.000116 561.508 -1115.016 -3.14421e-05
1845.52793036 2.54093073174 4.96294478389 0.00198395571083 139.16 0.17424 0.34017 0.00011361 742.181 -1476.362 -3.85117e-05
1575.68969815 2.17502300535 5.91802756308 0.00163272773079 126.71 0.15678 0.41535 0.00010223 626.705 -1245.41 -0.000104017
1829.26939239 2.34872471924 5.14043185167 0.00176293686316 140.88 0.1655 0.3459 0.00010994 611.707 -1215.414 -0.000386876
1821.40205885 2.52308314116 4.80257752352 0.0018646339639 142.37 0.19542 0.35417 0.00012963 453.748 -899.496 -0.0011901
1530.79344164 2.06278768187 5.98030374929 0.00202150232664 131.02 0.14998 0.42777 0.0001345 526.329 -1044.658 -8.22155e-05
1746.98600843 2.41688340098 5.30863092108 0.00178005564733 131.83 0.15031 0.33482 9.9369e-05 906.384 -1804.768 -1.56281e-05
1908.65063585 2.37751301464 5.2902183568 0.00194904155593 139.52 0.13413 0.30997 9.8201e-05 1040.79 -2073.58 -0.0194041
1485.94237228 2.27488600011 5.50178261123 0.00209873753376 122.86 0.15437 0.36916 0.00013167 716.891 -1425.782 -0.000101478
1753.6115733 2.46202402563 5.014618525 0.0017678339681 134.65 0.16261 0.32772 0.00010648 734.385 -1460.77 -3.255e-05
1853.22011151 2.2183917512 5.35305516742 0.00204093955625 146.43 0.15826 0.3721 0.00013367 530.434 -1052.868 -0.000890081
1812.11628852 2.30151065208 5.36298222978 0.00178611504476 137.95 0.15316 0.35912 0.00010451 756.804 -1505.608 -0.000114479
1672.90460878 2.13050424219 5.96421354175 0.00163554748078 129.81 0.13541 0.3758 9.3381e-05 753.196 -1498.392 -0.00024848
1881.15635632 2.54446138532 4.86720233344 0.0017980274658 139.55 0.16601 0.31496 0.00011154 777.76 -1547.52 -0.00221105
1822.35273766 2.60138058549 4.71998692004 0.00176861766343 137.36 0.1778 0.31646 0.00011007 689.25 -1370.5 -1.3246e-06
1670.75898218 2.39391338856 5.37642937785 0.00201608748029 129.75 0.1493 0.34274 0.00010913 942.72 -1877.44 -0.00803345
1528.37931098 2.27277756883 5.66207842837 0.00183995472192 125.37 0.15747 0.39012 0.00011773 675.986 -1343.972 -0.00016292
1471.76953191 2.50749912182 5.16225599556 0.00207540746811 121.09 0.16998 0.34586 0.00012244 735.272 -1462.544 -5.70898e-05
1646.39754336 2.0083246 6.39385595412 0.00195186809493 132.56 0.13096 0.4093 0.00011527 710.487 -1412.974 -0.000335768
1689.37287695 2.28999726833 5.40888656189 0.0015851188806 131.26 0.15623 0.36155 9.3824e-05 723.89 -1439.78 -0.00495236
1541.85995958 2.34830936293 5.5480008504 0.00182056589804 124.96 0.17371 0.39557 0.0001285 611.261 -1214.522 -0.00106528
1638.91631992 2.56522787935 5.0709150029 0.0019256516548 127.14 0.17398 0.34438 0.00011739 783.76 -1559.52 -9.76823e-06
1568.03690964 2.11877949848 5.905249736 0.00173609430165 131.42 0.14689 0.3988 0.00011926 556.268 -1104.536 -7.38575e-06
1726.19724643 2.171155855 5.77211688147 0.00187256776751 135.19 0.13978 0.36883 0.00010573 748.478 -1488.956 -1.10727e-05
1811.48913279 2.5450581304 4.89629415431 0.00179388017774 136.74 0.16881 0.31789 0.00011079 708.16 -1408.32 -6.25756e-07
1569.17384517 2.21994332182 5.70479471083 0.00199215320351 128.17 0.15134 0.38739 0.00012101 666.792 -1325.584 -4.24413e-05
1563.43191502 2.32158997527 5.67792701691 0.00175125505208 122.2 0.15199 0.36757 9.8826e-05 816.992 -1625.984 -0.000888382
1612.7118919 2.34730399267 5.45127176559 0.00193270621174 129.21 0.16076 0.36438 0.00013368 702.225 -1396.45 -5.14781e-05
1628.55466179 2.14305035251 5.67442548867 0.00182497915113 136.22 0.15574 0.40321 0.00012536 508.942 -1009.884 -0.0056938
1535.59560607 2.35322636546 5.40527574912 0.0018824510617 124.98 0.16095 0.36759 0.00011647 696.865 -1385.73 -3.1372e-05
1572.29274955 2.35634183348 5.2989599662 0.0018491107534 130.36 0.17487 0.38833 0.00012246 532.119 -1056.238 -1.28278e-05
1928.69748178 2.52083729594 4.7163144297 0.00189449448351 143.2 0.16573 0.30502 0.00011629 733.915 -1459.83 -1.11455e-05
1676.72649618 2.12279052024 5.87491373248 0.00186555501047 134.83 0.13746 0.37658 0.00011213 688.114 -1368.228 -6.04079e-06
1703.1572543 2.39551969252 5.27567419006 0.00203885571759 131.48 0.16363 0.35351 0.00012526 688.027 -1368.054 -3.58052e-07
1850.00857124 2.27334885602 5.42975974721 0.00196971466915 139.37 0.14852 0.35028 0.00011626 737.432 -1466.864 -5.95632e-05
1570.93956536 2.4881948241 5.0216299396 0.00207604955449 128.2 0.17505 0.35354 0.00013041 676.98 -1345.96 -7.14715e-05
1272.33805844 2.46372421279 5.2609125864 0.00204044243168 117.24 0.20091 0.43097 0.00014825 470.646 -933.292 -0.00177501
1804.78418326 2.44530978961 4.94598370714 0.00210392056554 142.79 0.18285 0.35401 0.0001429 577.152 -1146.304 -0.00729682
1651.04296559 2.23678776228 5.48303100817 0.0018581660377 132.19 0.14456 0.34539 0.00011952 670.431 -1332.862 -6.99101e-06
1806.45825148 2.33754142983 5.50656723344 0.0017563797472 139.29 0.15951 0.36496 0.00010726 599.165 -1190.33 -1.31778e-05
1809.81405655 2.27948846804 5.6556190812 0.00185680892884 134.83 0.14156 0.35029 0.00010221 836.832 -1665.664 -9.53032e-05
1791.35719022 2.36926756817 5.32106923981 0.00184004250725 135.32 0.15287 0.34163 0.00010984 765.444 -1522.888 -7.10543e-05
1628.99145235 2.43937744048 5.04507098477 0.00176867884227 128.51 0.16688 0.33788 0.00010452 729.302 -1450.604 -0.000385786
1542.97500676 2.32201584422 5.62890467941 0.00178913079907 125.34 0.15826 0.37607 0.00010621 660.867 -1313.734 -0.00432766
1832.87060071 2.28960943953 5.44641542328 0.00172767479767 140.23 0.15275 0.34428 0.00010799 634.394 -1260.788 -0.000804356
1498.96552306 2.22944264957 5.92633031519 0.0017823506171 122.4 0.14832 0.39636 0.00010845 705.395 -1402.79 -0.00259002
1592.73567583 2.02015770942 6.01337319641 0.00166816916947 135.06 0.15424 0.43687 0.00011309 467.406 -926.812 -1.36586e-05
1738.77185847 2.47373752522 5.08156922078 0.00191622032131 136.91 0.17855 0.35853 0.00012667 590.803 -1173.606 -0.00025693
1563.23621695 2.27042017627 5.79735058039 0.001936314592 126.06 0.15474 0.38971 0.00011802 646.342 -1284.684 -4.73362e-05
2009.62294289 2.0733668535 5.53100970387 0.00166617453723 149.82 0.13485 0.34627 0.00010359 693.884 -1379.768 -4.84892e-05
1714.20496822 2.23625037436 5.64810064489 0.00164708026662 131.78 0.15352 0.376 9.9423e-05 695.301 -1382.602 -0.00103148
1803.23354935 2.36893650447 5.18302861042 0.00194011720023 142.11 0.16702 0.36241 0.00013007 587.093 -1166.186 -4.41137e-07
1764.44034263 2.32477787377 5.31060015077 0.00175418527482 135.61 0.15406 0.3441 0.0001041 718.681 -1429.362 -1.16168e-06
1566.24177559 2.33705573613 5.52868037179 0.00208712206407 128.39 0.16833 0.38211 0.00014277 563.69 -1119.38 -0.00145367
1662.57275347 2.10576552538 5.97806489133 0.00186591459506 136.39 0.1512 0.40962 0.00012377 506.41 -1004.82 -7.84665e-05
1647.86835237 2.44616046863 5.19520041908 0.00202103838665 128.83 0.16544 0.34071 0.00013059 732.308 -1456.616 -0.000136787
1739.32033231 2.46034849744 5.18972029757 0.00185970362998 133.25 0.1612 0.33935 0.0001138 741.164 -1474.328 -7.73054e-05
1565.95027301 2.30641404116 5.68598072009 0.00175346923093 125.05 0.15481 0.3786 0.00010305 740.98 -1473.96 -9.46681e-05
1702.03839963 2.42677253683 5.19236859232 0.0019272588303 131.32 0.16162 0.34587 0.00011019 816.802 -1625.604 -1.77945e-05
1691.44284862 2.30631657627 5.42011193614 0.00171563571683 132.77 0.16313 0.37783 0.00010792 635.393 -1262.786 -5.21054e-05
1500.18694543 2.2706437835 5.4398535385 0.00172761732142 127.4 0.17264 0.39488 0.000121 482.048 -956.096 -3.77835e-05
1484.66608807 2.49421053736 5.25332105814 0.00189594462907 123.71 0.18532 0.38527 0.00012548 593.586 -1179.172 -7.71553e-06
1802.14288114 2.38939850381 5.11963690633 0.00193614970723 140.77 0.16892 0.3514 0.00011972 607.123 -1206.246 -5.28081e-06
1467.53153574 2.14434636574 6.24822656184 0.00191955462081 121.51 0.13918 0.40875 0.00011228 788.866 -1569.732 -2.87522e-05
1524.83443734 2.33130124488 5.37032773977 0.00178023739084 127.72 0.17096 0.39332 0.00011352 616.53 -1225.06 -2.3797e-06
1775.22887372 2.46325647116 5.07179063646 0.00162749552168 134.31 0.16195 0.32223 9.3549e-05 742.73 -1477.46 -1.98493e-06
1785.24887503 2.29099477941 5.42187086206 0.00186891752629 136.87 0.1552 0.3569 0.00011833 668.613 -1329.226 -0.000249991
1822.03238246 2.18651964984 5.67407255333 0.00193034349061 137.95 0.13659 0.35364 0.00010872 814.631 -1621.262 -3.78741e-06
1683.72893543 2.3378514006 5.25258023513 0.00187012753616 133.45 0.17219 0.36901 0.00012164 622.128 -1236.256 -0.000112368
1602.78622706 2.15569543754 5.92749603993 0.00199408836665 129 0.14152 0.39074 0.00011608 734.024 -1460.048 -7.93971e-05
1644.34665503 2.36125553855 5.50974949248 0.00193767671908 129.07 0.16879 0.38641 0.0001202 641.114 -1274.228 -9.92228e-05
1652.13353511 2.39124217124 5.39108717792 0.00196197179614 128.12 0.15597 0.35108 0.00010987 784.295 -1560.59 -6.20791e-05
1781.79632821 1.96424754225 6.18010885426 0.00176972430044 143.28 0.14224 0.42604 0.00011713 516.92 -1025.84 -1.57277e-06
1876.97540884 2.26923711228 5.29882514922 0.00176658844775 142.14 0.15455 0.34237 0.00011102 626.365 -1244.73 -7.47343e-05
1685.61008599 2.28243169994 5.43144812199 0.00190394560118 133.94 0.15465 0.35987 0.00011714 693.51 -1379.02 -0.00127643
1668.65737507 2.40215731868 5.51388394308 0.00192014657507 126.24 0.15732 0.3537 0.00011123 789.566 -1571.132 -0.00171746
1958.37271585 2.3543291235 5.14771073167 0.00166869585372 145.01 0.15099 0.32479 9.859e-05 740.186 -1472.372 -0.00627725
1641.34358315 2.59187972616 4.8314536176 0.00201577707859 129.89 0.19302 0.34524 0.00014067 595.615 -1183.23 -0.000471356
1814.12655441 2.45226262942 4.81554845098 0.00205285642374 142.13 0.17247 0.3387 0.00013027 617.785 -1227.57 -2.93594e-06
1659.26188916 2.26602990592 5.55236472073 0.00189093580794 131.61 0.15571 0.37771 0.00011841 658.28 -1308.56 -0.000273859
1808.36612775 2.25436170747 5.4462521799 0.00183685470168 136.08 0.14531 0.34003 0.00010581 753.585 -1499.17 -0.0012256
1558.37839637 2.29689196596 5.35749488164 0.00167805944695 127.37 0.16248 0.37733 0.00010545 642.185 -1276.37 -0.00249395
