"D" "g0" "sigma" "no3s"
0.0527808940998 0.999997627472 1121.25550971 0
0.0364018476473 0.999999403268 1296.4636769 0
0.0348558110153 0.999999779912 1480.52726926 0
0.0442115027921 0.999998956895 1210.46699496 0
0.0336113747945 0.586161056842 1697.265411 0
0.0510894482275 0.631265110816 1424.59626253 1
0.0356853419037 0.873911751308 1519.10418084 0
0.0480268175229 0.845212319448 1353.15088547 1
0.0274442280013 0.84241423948 1600.96499297 0
0.0301901681432 0.999999652271 1412.82344896 0
0.0286511270264 0.999999544075 1384.27453437 0
0.0530033189561 0.99999827961 1141.26237592 0
0.0327912458298 0.999999466342 1465.84608982 1
0.0413968814783 0.999999000676 1251.0386832 0
0.0545050082845 0.999996954426 1089.39653413 0
0.0361986507436 0.768070283179 1554.28533783 0
0.0317887954848 0.613186057961 1869.89791147 1
0.0383727927211 0.826173611864 1428.76290746 1
0.0444360004348 0.565634969275 1716.73142399 2
0.0429623636666 0.999998889464 1204.07961342 0
0.0475976957848 0.699454274555 1415.89575394 1
0.0510603370696 0.999999052852 1200.65489581 0
0.0469778860257 0.999998857161 1211.95594585 0
0.0388388338157 0.999999305762 1284.35755676 0
0.0448367398764 0.999999460534 1295.40458885 0
0.047232822098 0.999999263717 1238.51291023 0
0.0478700079576 0.999997909874 1143.33335082 0
0.0427734131447 0.999990499709 1325.34422849 1
0.0410066508527 0.99999906367 1244.18651535 0
0.0415668083287 0.999997670123 1135.81795854 0
0.040232414622 0.999999520099 1327.01568682 0
0.0715879711066 0.999986204201 956.55646509 0
0.0490167101352 0.999998771694 1176.36021258 0
0.0375830461197 0.631411108649 1696.67029822 2
0.0505068464829 0.999999055205 1202.56951495 0
0.0392993132481 0.775077621676 1632.36769341 1
0.0476961004026 0.999997757705 1139.47435105 0
0.0438232672373 0.999998718905 1190.25137035 0
0.0600364841175 0.999996699507 1072.58459018 0
0.0315811293783 0.709346656539 1743.36692716 1
0.0582949921668 0.999996921558 1080.30296463 0
0.0449646037071 0.999999359552 1280.88318541 0
0.0448102910333 0.999999355592 1258.45805521 0
0.0437617470039 0.999998463597 1164.37915929 0
0.0445305631258 0.99999907746 1224.81671754 0
0.0401013200424 0.920084734577 1364.07752952 1
0.0462842059124 0.999998532941 1191.25863095 0
0.0549329282062 0.999998711905 1166.9224667 0
0.0377016129427 0.999999310802 1277.51431871 0
0.0469883176812 0.999998346989 1143.02985332 0
0.0497671354127 0.999997875455 1124.00252613 0
0.0310717368501 0.818190279622 1610.65195417 0
0.0424054946713 0.999999563244 1319.21514595 0
0.0348502260383 0.872516934055 1502.16779658 0
0.0416226075828 0.999998719495 1191.81098654 0
0.0314291370707 0.770320000917 1610.44236847 0
0.0371465042059 0.999999571827 1347.60615441 0
0.0284314027876 0.999999490611 1499.33570477 1
0.0414520529013 0.999999347702 1277.19653207 0
0.0622948498341 0.99999145368 998.934506157 0
0.0534669047925 0.999995421342 1055.20360444 0
0.0368127478501 0.999999385233 1454.63263365 1
0.0357474255752 0.999999441258 1325.64196324 0
0.0487621304446 0.999998723399 1185.93311286 0
0.039519680306 0.999998717216 1213.83474888 0
0.0432788993532 0.999998723225 1198.94284611 0
0.0371496733376 0.458370804568 1776.96844602 0
0.0375004372 0.784365181873 1419.92968912 1
0.0419451606781 0.999999403188 1288.34820475 0
0.0357940549423 0.507316767076 1797.91447289 2
0.0241783315591 0.909939074332 1672.03618215 1
0.0290966528649 0.749968316224 1779.30314775 0
0.0455116672127 0.999995727615 1071.15189364 0
0.040396082035 0.651853226687 1605.29617234 0
0.0410710931931 0.999999490898 1317.72348154 0
0.0479788836438 0.715015989338 1435.75294818 1
0.0938588839983 0.999809638652 819.780119077 0
0.0407109690403 0.999999020648 1235.49954788 0
0.0542543726612 0.999999198444 1234.10489579 0
0.0258392840458 0.532491454114 1943.89039551 1
0.0375980907519 0.99999939231 1301.70849563 0
0.0348226886215 0.999998686028 1234.66044423 0
0.0363133279002 0.999996890172 1402.20488126 1
0.0414861106579 0.999999556921 1316.58707474 0
0.0549613538015 0.411578983042 1727.69987481 0
0.0402612260197 0.912473143959 1359.43426434 1
0.0617455048202 0.999996984414 1085.67792722 0
0.0449436537986 0.999999015203 1218.23684361 0
0.0448906889439 0.999998598559 1173.7135737 0
0.0528711147085 0.597537206042 1443.3029565 1
0.0447415393623 0.657572265456 1591.051004 0
0.0473129974088 0.99999718668 1112.96547836 0
0.0348298534458 0.79845013187 1534.94437903 0
0.0373947445231 0.999999515108 1335.09752983 0
0.0449375281431 0.999998713689 1186.0626058 0
0.034557516293 0.999999505681 1336.62254772 0
0.036126979186 0.873067121706 1524.14227993 0
0.0404380828822 0.999999146417 1247.38448441 0
0.0425814733473 0.99999560623 1069.65138623 0
0.0458270060788 0.999998739576 1172.62646936 0
0.0519303994251 0.999998529051 1160.58121779 0
0.0326767229941 0.704678242826 1688.74072168 0
0.045061306353 0.999999323996 1248.07522229 0
0.0476354505841 0.999998176865 1140.31377195 0
0.0550761375395 0.508602696532 1542.16704414 1
0.0359342872125 0.758945549991 1585.92376531 0
0.0377622172421 0.999998268591 1185.48458229 0
0.0444750719586 0.99999923768 1257.66733084 0
0.0380020948043 0.7757436617 1433.20925742 1
0.0443288483698 0.999999023247 1215.1091235 0
0.0364399110886 0.784416390495 1540.87443296 0
0.0501308383694 0.999998552799 1172.89112836 0
0.0336760491715 0.999999121546 1419.92287882 1
0.0615817968841 0.999991474954 1000.23547238 0
0.0497890345619 0.999996502376 1093.1271028 0
0.042625203367 0.999996471928 1090.79218025 0
0.0373570446799 0.999999149845 1261.9299379 0
0.0362294649836 0.999999235875 1269.35730478 0
0.050348306635 0.999997180458 1104.40342664 0
0.0471708672123 0.999999003864 1215.18104894 0
0.0513892139953 0.999998394481 1150.34544275 0
0.0334233557497 0.935324780901 1391.87090929 1
0.0449079479159 0.999998937795 1218.80170636 0
0.0340156947054 0.999999284729 1300.97239611 0
0.048939658992 0.999997513423 1122.63857834 0
0.032416033191 0.999999544024 1371.44678235 0
0.0292604496188 0.999999490587 1491.45029955 1
0.0490146045973 0.773755049067 1371.18243749 1
0.0349232054386 0.523414819201 1864.68076917 1
0.0559688284607 0.999998261628 1132.97485483 0
0.0302612052083 0.743994549257 1606.08696391 0
0.0255070398136 0.454138515729 2373.30377865 0
0.0602913080572 0.999995553359 1049.23040421 0
0.0407088074361 0.999999520062 1324.59282003 0
0.0394888932664 0.927648014265 1349.36425109 1
0.0671429278842 0.999994149676 1011.02310538 0
0.0397311056277 0.999999323218 1288.47012564 0
0.0470146011011 0.999999033493 1229.73872746 0
0.0312025250082 0.842283585929 1549.95843869 0
0.0344151712683 0.999998917637 1243.17888375 0
0.035241283225 0.999999565255 1344.46891279 0
0.0332151178783 0.835971290738 1584.23380513 0
0.0405926708913 0.999999490553 1320.09085782 0
0.0322710058676 0.649040481577 1711.40930719 0
0.0448758041838 0.430997445239 1776.68375306 0
0.0463591903754 0.999998518721 1171.15887465 0
0.0368633679138 0.999999740726 1432.46216035 0
0.0290177437634 0.805123668094 1475.77766942 1
0.0519634019147 0.99999809516 1131.41766398 0
0.0523411020081 0.999995767806 1062.19125697 0
0.0443964948138 0.99999792252 1141.25436021 0
0.0491119789281 0.999991592824 1025.52820564 0
0.0301481262177 0.954260636328 1541.04893138 0
0.0319017545714 0.999998987662 1449.87269 1
0.0402392558163 0.999999181198 1258.00280538 0
0.0472328215428 0.999999263686 1238.51291736 0
0.0291576374156 0.999997434559 1424.30697115 1
0.048560144239 0.479780329269 1582.31604285 1
0.04533757203 0.999998492707 1166.98076367 0
0.0593035986984 0.999973977207 939.160482619 0
0.0589776738558 0.999998239131 1125.01225684 0
0.0381576253927 0.698769141606 1435.95543472 1
0.0428728441637 0.999997018776 1115.68984665 0
0.0623750995299 0.999958153961 907.599218075 0
0.0456909510227 0.999997390835 1122.44081033 0
0.0462157351278 0.611824579307 1498.1474191 1
0.046494531003 0.99999861536 1175.51255175 0
0.0445156284057 0.534584020288 1706.42365832 1
0.0403978273056 0.999995836398 1087.33475383 0
0.0423278673223 0.99999 1250.00001155 0
0.0283557544112 0.724477751847 1727.47829611 1
0.0337428607278 0.999999543127 1355.48659505 0
0.0413824446932 0.99999923273 1258.11840209 0
0.0404885253102 0.897277515622 1373.3463859 1
0.0346987050204 0.999998269363 1395.13752 1
0.0329496302465 0.999998398131 1430.41873671 1
0.0404380828822 0.999999146417 1247.38448441 0
0.0357062601708 0.999999665559 1379.29849654 0
0.0277340378441 0.919262956016 1646.55650359 1
0.0325005788948 0.999999812783 1496.91819261 0
0.0483719192479 0.99999906101 1215.45758689 0
0.0328166710473 0.999999510519 1369.72935416 0
0.0416207662779 0.999997069304 1113.19193405 0
0.042346414153 0.999999304431 1267.97604357 0
0.0370351349588 0.99999953937 1335.38034388 0
0.0467520067104 0.999998796271 1203.00299117 0
0.0333849142775 0.770093630921 1573.85660562 2
0.0354624429821 0.999999209794 1277.50319546 0
0.0367792529765 0.487296078525 1990.98054757 1
0.0406688455135 0.688597732409 1494.55127227 1
0.0424110713215 0.999999231207 1253.56266597 0
0.0499309571467 0.999995603547 1072.77457785 0
0.0466939292787 0.999998435248 1172.59364747 0
0.0388312054733 0.879764034893 1376.14023151 1
0.0524153842552 0.999997962075 1125.76661972 0
0.0415958756328 0.99999921017 1261.11880078 0
0.0318747811479 0.459485763892 1882.56411222 0
0.0354807111469 0.705614923276 1585.63710733 0
0.0470450256529 0.428249038524 1851.59734939 0
0.0406553846144 0.999998817915 1208.24152897 0
0.0419046608524 0.66038778318 1467.71650756 1
0.0410622652547 0.999999387869 1284.28294326 0
0.043992404164 0.99999853198 1213.97786164 0
0.035963241829 0.999999209679 1274.8492591 0
0.0453404391809 0.999997992605 1147.29488846 0
0.0501882246873 0.999997916705 1136.56894552 0
0.04526534092 0.999998202598 1148.39729348 0
0.0418835316429 0.999999084114 1235.72678263 0
0.031857428362 0.99999962715 1393.84043635 0
0.0403298472396 0.999999430753 1318.35844397 0
0.0423066220945 0.8956040914 1394.63461316 1
0.0236686770183 0.927768174133 1615.14378412 0
0.0293882390645 0.999999625957 1513.27874112 1
0.0523712895273 0.999999318202 1232.76966378 0
0.0328575017194 0.755386035408 1620.30819734 0
0.0484460255246 0.999998775856 1178.34470008 0
0.0422265411526 0.999999247357 1250.07037693 0
0.0320200044257 0.999999736975 1446.71453025 0
0.0464836497072 0.595546338704 1513.14314648 1
0.0314654025058 0.99999951693 1501.9610129 1
0.0420670975831 0.999999385912 1279.53888659 0
0.0554600931846 0.999987923176 986.986258284 0
0.0349678946909 0.966649907593 1381.07760941 1
0.0466367544583 0.999999004128 1217.11663717 0
0.0409974965088 0.999999450877 1305.72167884 0
0.0547896605863 0.999997337439 1102.94118071 0
0.0444446973669 0.805066419809 1394.06462882 1
0.045294417661 0.999997008833 1108.03769436 0
0.0311053249824 0.966760669037 1503.79599167 2
0.0526764182274 0.999997689593 1111.02565217 0
0.0446618075856 0.618346058271 1471.23778413 1
0.0458946369797 0.999999537498 1319.96806851 0
0.043131473948 0.717093561781 1440.68025568 1
0.0447770426293 0.999998632224 1188.53356176 0
0.0396207472386 0.999999664032 1379.63584358 0
0.0445613290712 0.999998678302 1211.40960177 0
0.0525321708356 0.999997513095 1112.78501855 0
0.051964319514 0.999993838565 1042.45639114 0
0.0533067384678 0.999996262995 1080.37058107 0
0.0356156532044 0.9999995353 1336.15059113 0
0.0408196509927 0.80575298563 1512.58246374 0
0.0430137803153 0.77126851784 1414.24201663 1
0.0395769333972 0.99999932977 1277.34600589 0
0.0393344373739 0.999998990653 1246.21961617 0
0.0668972072182 0.999967252874 919.458882026 0
0.0410420131214 0.999998287576 1180.27427227 0
0.0463191057731 0.999998044942 1152.56993397 0
0.0370915032022 0.887635189919 1391.44540169 1
0.0401906768976 0.999998809453 1216.36582118 0
0.0594525029207 0.9999976285 1099.33067389 0
0.0376839365268 0.839842906556 1377.292162 1
0.0467860111764 0.613670583937 1523.74307171 1
0.0514172654453 0.353775503285 1693.32104507 1
0.0279882561571 0.746880225242 1645.04769222 0
0.0440215253139 0.999999159897 1245.99302067 0
0.043507315528 0.999999159526 1248.07789166 0
0.0430404473173 0.999999619273 1339.47359681 0
0.0385299575578 0.999999185691 1246.70296067 0
0.0472355965453 0.999998125649 1145.89411516 0
0.0516025849828 0.712261300831 1439.02163987 1
0.0349242440523 0.999999470696 1328.36388486 0
0.0423499996183 0.999998229545 1158.96623497 0
0.0489717078 0.999996687058 1084.79489927 0
0.0295028634856 0.758418536423 1899.30403494 3
0.0413328238302 0.99999909857 1252.17171894 0
0.0424234702923 0.999999000953 1233.26203904 0
0.0339136185801 0.999988517146 1383.00429902 1
0.0466376731678 0.999999089144 1235.53165386 0
0.0496590801813 0.999999178216 1237.57144357 0
0.064414429346 0.999989415692 985.273411141 0
0.0535107735899 0.999994284178 1042.94896397 0
0.0465934091309 0.999999219681 1236.21684947 0
0.0226851343266 0.707615181644 1840.58985932 1
0.0373176384239 0.665780452193 1619.11844575 0
0.0559263629851 0.999995030011 1045.4340302 0
0.0556537999019 0.999999080672 1189.85339794 0
0.0661297977489 0.999992971449 1014.95924576 0
0.0543134787145 0.999997915593 1125.25525193 0
0.0304723651867 0.999999725113 1447.75678136 0
0.0327763988173 0.913397940045 1506.67938475 0
0.0387090670628 0.999997560976 1176.15493698 0
0.0309507874885 0.643047351611 1837.00982693 1
0.0371458414028 0.999999801811 1446.93136924 0
0.0476517642012 0.999997569842 1121.13546869 0
0.0541273459387 0.999995409198 1053.62565428 0
0.0411027295533 0.999998950545 1228.6109839 0
0.049963952975 0.599059300914 1486.97397605 1
0.0477084027839 0.84897753625 1367.88777275 1
0.0572668301668 0.999999090316 1195.82900609 0
0.044722123782 0.999999324585 1266.19736725 0
0.0470728145352 0.42937308206 1787.93235598 0
0.0385869081132 0.999999109256 1245.62736736 0
0.0302332459068 0.999999697068 1454.49373795 0
0.0471573546879 0.999999282066 1251.70258116 0
0.0346645084859 0.9999870243 1349.81600362 1
0.0450612541725 0.99999879796 1190.65311176 0
0.0300972952116 0.891983291196 1412.74115304 1
0.0298044855462 0.999999392858 1500.77415497 1
0.0301180230755 0.999999599296 1370.98025452 0
0.0368842095755 0.999998562661 1403.68429781 1
0.0309525410858 0.999999696247 1524.64258171 1
0.0416279682947 0.999998951177 1226.4360686 0
0.039216483394 0.999997624392 1367.64178316 1
0.0428479995929 0.999997050862 1108.96958232 0
0.037057233393 0.99999954791 1349.51255113 0
0.0387315279848 0.999998636196 1198.39839421 0
0.0473233657816 0.252803450666 2126.53333594 0
0.0445037556807 0.999998801149 1192.77479237 0
0.043446533593 0.999999228976 1249.09811076 0
0.0351739681825 0.99999907421 1251.71894013 0
0.0517458104143 0.999997366521 1104.90798054 0
0.050965811571 0.653297980588 1457.74198447 1
0.0434086055989 0.999998416368 1176.65142464 0
0.0520507048574 0.999998995647 1198.50277046 0
0.0491118379298 0.999997682088 1126.51618329 0
0.040721132577 0.90806130474 1381.7538398 1
0.0476288208873 0.999998609605 1171.589481 0
0.03769567547 0.999998629569 1209.83027571 0
0.048615385051 0.99999894159 1199.99615242 0
0.0376761100096 0.522432946213 1694.67879275 0
0.0512451769907 0.999998288013 1146.40154639 0
0.0443288483698 0.999999023247 1215.1091235 0
0.0266076344291 0.999999712602 1549.94101064 1
0.0351437701163 0.999999541761 1346.65915492 0
0.0523652726736 0.999997777618 1126.38929019 0
0.0437911917839 0.999999585408 1344.53746053 0
0.0385715909212 0.99999955144 1360.28679629 0
0.0305468184081 0.762619527777 1588.36413135 0
0.0339688760453 0.879442084575 1597.08174236 1
0.0497568691804 0.999998363535 1172.09418585 0
0.0490255203101 0.999997915221 1139.92261608 0
0.0505742359103 0.999996716883 1101.55749867 0
0.0420684354019 0.791177129297 1407.09252775 1
0.0322102555739 0.849088566497 1625.38430744 1
0.0347754486318 0.345175007941 2179.25613373 1
0.0350775386515 0.661458897609 1554.8790416 1
0.0299233032797 0.743182262068 1703.00640663 1
0.065283423667 0.999994446933 1022.4237848 0
0.061007774943 0.99999153738 994.962441755 0
0.03390152159 0.999998182356 1406.63096271 1
0.0405864880593 0.999999209034 1265.58807429 0
0.0406651862184 0.999999252855 1257.23005831 0
0.039844979538 0.999998992667 1244.00505324 0
0.024370607199 0.999999026184 1603.06914206 2
0.0390873278189 0.99999891321 1214.28599364 0
0.0329648303099 0.999999811638 1469.03707911 0
0.0476234263136 0.999998178266 1153.01606089 0
0.0435750735495 0.73628022344 1458.06154175 1
0.0314574299942 0.999999678006 1510.15493987 1
0.0303021285841 0.999999674364 1418.37542862 0
0.0506708525139 0.410772669919 1764.28712242 0
0.0500523383851 0.999976180187 949.228052813 0
0.0548382755872 0.99999710057 1085.58374741 0
0.0459318089119 0.999986327605 1331.22600744 1
0.051326285444 0.999994179002 1062.05599458 0
0.027610796427 0.999999872751 1596.40619776 0
0.0619901618926 0.536883134526 1487.13766226 1
0.0417733342362 0.999998233421 1161.14611625 0
0.0313724474177 0.55308623705 1865.43898494 1
0.0313978099076 0.999999371727 1320.5198741 0
0.0788558957021 0.999952188761 884.415736062 0
0.0397770844041 0.85620685696 1382.88965745 1
0.0426054830305 0.714534504888 1483.32602483 1
0.0373876324344 0.85044604709 1429.8829095 1
0.0652099912957 0.999971820044 927.488699636 0
0.0448341913595 0.999997491873 1134.79256698 0
0.0364471680614 0.930666551227 1365.7294084 1
0.0546295392256 0.999998159539 1132.5310573 0
0.0549497003455 0.99999673944 1084.31779587 0
0.031806687284 0.999999650325 1386.83947853 0
0.0371651681652 0.919092581107 1498.92948794 0
0.034903862578 0.763751009662 1557.63401763 0
0.0350242429503 0.999997484333 1138.58719749 0
0.0575796621494 0.999997631502 1109.27018718 0
0.048613876813 0.999995270097 1057.45316384 0
0.0369065439321 0.999999641035 1396.05179053 0
0.0351144158195 0.820605111935 1425.03828428 1
0.0389863463734 0.999999645 1372.38154155 0
0.0476681327743 0.999997987523 1139.86118988 0
0.0338219513507 0.73014197775 1593.73341693 0
0.0392726373644 0.999996571657 1128.33147585 0
0.0423042995079 0.999997843312 1138.5512764 0
0.044218446682 0.999998171911 1164.08766147 0
0.0370951791506 0.99999954941 1355.95827655 0
0.0496506546988 0.451520445001 1644.83210402 1
0.0492337315361 0.999999021347 1226.42656273 0
0.0599733884776 0.999998272139 1134.33258259 0
0.0334423222448 0.999999574086 1370.62766277 0
0.0375732961411 0.999999333276 1287.47586101 0
0.0294577412463 0.815792862402 1503.2010571 1
0.0419025752985 0.999998524886 1194.13457873 0
0.0309446518409 0.999995264991 1492.50485843 2
0.0434772662317 0.999999344135 1268.03447805 0
0.0480685391491 0.999999238589 1243.69970079 0
0.0442159542313 0.999999324821 1268.3271723 0
0.0421962753627 0.943410561149 1341.70838011 1
0.0456485471645 0.999999269199 1244.89620525 0
0.0497341129391 0.999998939072 1201.7913184 0
0.0459975979528 0.999997500954 1131.24321056 0
0.0431036800697 0.999997474647 1140.23853379 0
0.054671998595 0.999998426803 1148.45737411 0
0.038714349504 0.943274443226 1360.99872789 1
0.0369240571452 0.999999753299 1486.55949659 1
0.0368245217652 0.936178595802 1346.00347444 1
0.0377124603768 0.999999179471 1269.88060329 0
0.0489260876257 0.99999829613 1153.46100573 0
0.0443335973488 0.99999936381 1272.67999491 0
0.0456516430214 0.999998414985 1168.7886093 0
0.0556968593468 0.999995598069 1059.16313933 0
0.02952411704 0.896756994336 1553.30640979 0
0.0464767618835 0.999999396281 1268.43376776 0
0.0435993935399 0.739048066594 1411.0089272 1
0.046689226374 0.594818176051 1571.44978322 0
0.044832760282 0.999997757466 1134.8133746 0
0.0495031482473 0.999998294414 1151.67320423 0
0.0422919366194 0.999999180055 1248.9401785 0
0.0401906768976 0.999998809453 1216.36582118 0
0.043786756998 0.999999025695 1217.29880466 0
0.0439668118579 0.999999227472 1246.89890191 0
0.0411250805632 0.811932336948 1400.0221282 1
0.0269642658202 0.997277195523 1530.58022668 0
0.0386088427895 0.999999259229 1267.14258099 0
0.0568685548652 0.9999980301 1122.57745486 0
0.0411429523783 0.999999617588 1342.83376906 0
0.0526903182196 0.999996342017 1069.99567256 0
0.0501613478532 0.999998101415 1148.84677773 0
0.0339453426479 0.835983272733 1456.86524499 1
0.0644521103155 0.99999693454 1073.77744417 0
0.052462251765 0.999998261323 1153.74267857 0
0.0363765689793 0.999999695832 1492.79327958 1
0.0323620352738 0.999998315708 1405.48695435 1
0.0488969637003 0.999998690519 1172.01838451 0
0.0515968689996 0.999996205746 1076.96391602 0
0.0334430627635 0.999998913592 1264.18121331 0
0.0338527661459 0.999999572216 1360.83354499 0
0.0427560520322 0.999997658988 1131.57535901 0
0.0408009215302 0.612712206448 1628.28894462 0
0.0567378910521 0.999996154247 1064.56613991 0
0.0358254925725 0.999999595528 1354.19519023 0
0.0413707290647 0.999998516334 1181.91207821 0
0.0487621304446 0.999998723399 1185.93311283 0
0.0359187868337 0.72908607494 1625.11105204 0
0.0521995341396 0.71422518987 1383.30514018 1
0.0337220257274 0.99999951294 1363.93242744 0
0.0428131663455 0.999999019313 1226.69696707 0
0.0532031857459 0.999996913981 1104.66880352 0
0.0380993531168 0.999999260519 1269.6900063 0
0.0382143106048 0.999999180129 1267.45334186 0
0.0297729418897 0.834690375554 1617.17667598 2
0.0540553640738 0.999997156143 1094.6023225 0
0.0331700278355 0.999999334891 1312.06688191 0
0.0367243185861 0.999999085278 1259.32183773 0
0.0357284768437 0.999990749037 1371.34695687 1
0.0460898358368 0.999996177043 1083.62959022 0
0.0405893008093 0.999999327477 1272.44528449 0
0.0467629246437 0.999997904747 1133.40509292 0
0.0476454786735 0.999999099081 1244.19175056 0
0.0420654344691 0.999998138228 1163.50902619 0
0.0401902722214 0.999999370408 1279.82690734 0
0.0362185087477 0.999999084441 1261.82708427 0
0.0378016834501 0.971045990877 1360.53401752 1
0.0357198842726 0.999999237744 1272.10474262 0
0.0473102446108 0.999998783741 1182.36963967 0
0.0306630915103 0.920526018461 1526.5516305 2
0.0513757753007 0.999998377063 1173.57476881 0
0.0730275712124 0.999996229577 1052.27196219 0
0.0456187954079 0.99999928284 1257.77200741 0
0.0530397514797 0.999998109362 1140.80851931 0
0.0372052028075 0.794405984797 1567.63329611 0
0.0583797732379 0.999991785229 1014.66380539 0
0.0502810276748 0.999998641739 1176.70824265 0
0.0339708461361 0.999999117131 1269.23223949 0
0.0392553028972 0.999998782258 1225.90834778 0
0.0401380428894 0.999999711726 1402.15647858 0
0.0357302626375 0.879631144461 1396.14951841 1
0.0270014177683 0.930218440602 1570.74666745 0
0.0417294726551 0.570443691186 1579.6217528 1
0.0369446689907 0.463710470653 1865.73659128 2
0.0387179249772 0.999999180719 1265.05246758 0
0.0355545376474 0.999999624371 1375.28212756 0
0.0499922153674 0.999999057704 1209.76694199 0
0.0455377524577 0.99999922378 1240.42848983 0
0.0436689373551 0.999999551388 1321.87374872 0
0.034674355609 0.554704171259 1682.90362572 0
0.0506985647908 0.999996727214 1087.889823 0
0.033338078409 0.999999257891 1428.38256357 1
0.0434465330379 0.999999229007 1249.09811897 0
0.0396380633871 0.809428564893 1527.5820935 0
0.033381720721 0.806933807444 1573.03207269 0
0.0522815746251 0.999993759765 1026.69465051 0
0.0359021312679 0.999999189619 1426.1655133 1
0.0476732664456 0.99999928082 1249.71575424 0
0.0263997002037 0.893523890718 1621.75114115 0
0.0394293325767 0.99999927456 1258.81358339 0
0.0440596792384 0.454788965189 1739.15070571 0
0.0577896402953 0.435994693618 1612.38184052 1
0.0320233689566 0.999998229956 1414.21839896 1
0.0512110776008 0.498284110853 1635.65194836 0
0.0382648807085 0.999999320661 1295.61077916 0
0.0529124166704 0.38759525399 1764.61203137 0
0.0403048289188 0.999999504402 1312.03886621 0
0.0436935393422 0.58590749848 1618.06095452 0
0.0400692923286 0.999996531556 1107.72710711 0
0.0411369249775 0.999999124602 1248.78073378 0
0.0371756525563 0.999999731757 1404.27291408 0
0.0245794729015 0.748330237773 1701.97146351 2
0.0388893156567 0.999999148759 1254.5379702 0
0.0474422845453 0.999999444497 1276.95747237 0
0.0489608326104 0.321302433489 2007.05552507 1
0.0556819185205 0.999998188171 1120.10905363 0
0.0448356840543 0.999999320727 1276.81866352 0
0.0320674092835 0.999999648604 1404.90165372 0
0.0458518811808 0.519051543772 1570.88213289 1
0.0405268263393 0.999998729672 1203.33432316 0
0.0298416696909 0.999998833384 1404.99214797 1
0.044194088944 0.999998500075 1171.14017768 0
0.0371784664166 0.670539129224 1675.22988801 0
0.0423464130428 0.999999304455 1267.97604283 0
0.032865972166 0.999999565851 1352.20231648 0
0.029146513536 0.999999598728 1370.38850108 0
0.0444887771067 0.999999226568 1244.72117803 0
0.0384475234982 0.999999420511 1320.64025048 0
0.050772255844 0.999997917454 1134.91294413 0
0.0386448273382 0.703439229193 1497.27715725 1
0.0416335110831 0.999998090309 1156.28694995 0
0.0300490327065 0.999999024406 1459.74287241 1
0.0287018314671 0.520601527638 1971.7595965 1
0.0470843741773 0.638591123909 1554.37961181 0
0.0590047727345 0.999997740862 1114.45008407 0
0.0443757952606 0.999998299396 1168.35296642 0
0.0602439420572 0.999994197491 1028.69950962 0
0.0383615611499 0.999999623615 1364.65967824 0
0.0338253419718 0.794742878493 1452.07628796 1
0.0425487634015 0.999998877391 1217.66082299 0
0.0430499635939 0.978652301639 1334.50186253 1
0.0424457768933 0.626896537108 1599.266747 0
0.0399245003724 0.999999051564 1228.27073973 0
0.0443971703845 0.624911267268 1600.24695763 0
0.0401687361151 0.768515705244 1434.36031723 1
0.0286679213701 0.999999696978 1438.58686967 0
0.0449179654582 0.99999813406 1153.53669849 0
0.0504380781585 0.999999265549 1243.34331688 0
0.0320871906823 0.999999692221 1404.39176593 0
0.0341401490411 0.999999583571 1461.60905019 1
0.0455116666576 0.999995727697 1071.15189186 0
0.0433791802479 0.999999289188 1250.2313726 0
0.0651389109319 0.999989399271 984.085283422 0
0.0613453043918 0.999996969021 1069.57354433 0
0.0533162147764 0.999995912241 1068.62231318 0
0.0316662029931 0.99999960223 1382.09149392 0
0.046697281042 0.83689583477 1388.13600355 1
0.0620575180132 0.999997712623 1112.16300094 0
0.0499425711897 0.99999523038 1053.88087354 0
0.0337408828655 0.99999914872 1265.98250226 0
0.0675751843371 0.999991822564 992.989529936 0
0.0371562591805 0.945953395123 1392.00002299 1
0.0421662926797 0.999998725206 1196.6927773 0
0.050294324816 0.999999095408 1222.72247999 0
0.0387154791559 0.999999257633 1279.56106658 0
0.034808533278 0.999999365263 1299.45763616 0
0.0531963628703 0.999996268476 1087.45830583 0
0.0594135357579 0.999998136977 1115.13478811 0
0.0363792573843 0.969185674706 1370.36250235 1
0.0325263177503 0.999999599131 1368.71068425 0
0.0520781473501 0.875747727893 1327.45758053 1
0.0257590215824 0.999999507988 1393.34231697 0
0.0443799108574 0.999998936784 1220.77823356 0
0.0293505292293 0.752038033401 1674.1835958 2
0.0438569580652 0.795200403536 1413.14651899 1
0.0366746355507 0.999999561468 1335.68768426 0
0.0260611654479 0.988571616527 1577.48319171 2
0.062517884758 0.999991807725 1007.24711503 0
0.0483264805951 0.999998993509 1216.12387998 0
0.0311940689945 0.849770619756 1472.26432371 1
0.0373230329975 0.999997604855 1372.62830872 1
0.0400414790214 0.86626674145 1384.40138717 1
0.0487001444727 0.999998030709 1132.01266446 0
0.0442077807694 0.546456047911 1662.6518917 0
0.0292909191346 0.999992026062 1558.46455267 0
0.055640822505 0.999995697553 1054.14438089 0
0.0398621025077 0.999999432534 1327.41563226 0
0.0343898753918 0.936240882904 1384.50470754 1
0.0517807152711 0.999998668948 1162.52668961 0
0.0367600117013 0.941918415204 1373.70285799 1
0.0386227311244 0.99999851275 1185.27154408 0
0.0349134349209 0.999999408385 1305.07241518 0
0.0316087228613 0.523084501314 1765.59424079 0
0.0365545055336 0.999998642535 1208.1313639 0
0.0449491949217 0.709936238926 1458.5503985 1
0.0482110612543 0.999998723454 1187.7500059 0
0.0462625215913 0.808575860329 1399.63561537 1
0.032719692511 0.858933970716 1544.6520008 0
0.0372656216996 0.540994151825 1695.63308998 0
0.0424613744165 0.999999346085 1272.56915495 0
0.0587504367378 0.999991547093 1005.54187199 0
0.0395239224682 0.999998825263 1206.45001934 0
0.0502270985914 0.999998399945 1153.9047595 0
0.0457942872512 0.999998520571 1173.11322355 0
0.0342256867292 0.999999521679 1328.36550074 0
0.0343114631152 0.999999296623 1286.30035877 0
0.0457172144586 0.999999130887 1225.08045063 0
0.0511611586429 0.608483909503 1456.57977188 1
0.0484298667836 0.659087605499 1429.42026006 1
0.0555748369546 0.999997658191 1126.79118178 0
0.056188505515 0.999996298006 1087.04874872 0
0.0528148724754 0.999999044454 1210.37759146 0
0.0486818702017 0.567224816965 1586.48106264 0
0.0305801661771 0.999999604815 1427.82484222 0
0.0356559975989 0.999999392905 1312.2977817 0
0.0416369139167 0.999999034329 1226.28226759 0
0.0361584706621 0.830892448951 1505.58281823 0
0.0467810290505 0.999997626659 1145.96116294 0
0.0472445360611 0.999998097029 1164.63900262 0
0.0432451507937 0.999999258889 1259.0224919 0
0.0413452988512 0.614288410467 1606.28255472 0
0.0461682103658 0.999997910257 1135.33916816 0
0.0344134648556 0.823351702441 1571.67306765 0
0.0560585822207 0.999998370593 1147.95649522 0
0.0435458830106 0.999997006007 1098.69025718 0
0.0452815235308 0.99999 1250.00005458 0
0.029582145622 0.887594654889 1576.88805035 0
0.0364508806472 0.999999509924 1333.05589532 0
0.0568433589088 0.999996727715 1079.83226454 0
0.0307338471339 0.74271190952 1732.63457581 1
0.0605383682073 0.999994924599 1041.56952268 0
0.0327563520752 0.665478715092 1732.712032 1
0.0372537567461 0.99999959693 1352.56342464 0
0.0409029404791 0.369856577894 1938.02115024 0
0.0446317033331 0.999998386199 1164.45913537 0
0.0416517353941 0.999998273638 1170.20431 0
0.0423403789807 0.999996207822 1095.0096897 0
0.0402549565903 0.999999302172 1264.70883773 0
0.0496572660769 0.999999106136 1220.31264099 0
0.0369388036825 0.999999473589 1292.90278012 0
0.0330253840941 0.841252198351 1543.3541742 0
0.0377272468821 0.999999255872 1284.39559375 0
0.0457303372947 0.999996763137 1101.93644028 0
0.036621760624 0.999999422365 1291.89527462 0
0.0330712118801 0.99999972265 1427.31812901 0
0.0452920839722 0.99999918537 1231.77891857 0
0.0437906005901 0.999999549918 1294.58190054 0
0.0504253544475 0.999998722074 1180.5749568 0
0.0454237097935 0.999998319468 1172.1912849 0
0.0377303704946 0.999997251151 1138.98964441 0
0.0419499784909 0.684691552826 1550.38858209 0
0.0359261598248 0.672733997221 1610.99664371 0
0.0269756716964 0.859039970364 1745.12873715 1
0.050464588619 0.99999783285 1126.99613318 0
0.0394550936367 0.81260637877 1440.39794805 1
0.0442839909187 0.866875181919 1360.39567148 1
0.0450906695315 0.999999458488 1272.58649232 0
0.0312015469017 0.999998413556 1394.16447977 1
0.0421549800622 0.999998951238 1224.28304939 0
0.0340081751649 0.999999479461 1349.26279728 0
0.0409099037979 0.999997938035 1153.62625861 0
0.042937037259 0.999999082052 1231.29746456 0
0.0351981044311 0.999998849366 1226.9558545 0
0.0360476093419 0.999999747083 1422.77268706 0
0.0442421560498 0.698357065613 1423.7763623 1
0.0510613673566 0.999997830235 1125.28824364 0
0.0294542595869 0.999999539345 1361.95266749 0
0.0453404391809 0.999997992605 1147.29488846 0
0.0569999164535 0.999995589239 1056.2698785 0
0.0517473636164 0.999994708672 1051.03404038 0
0.0494074281487 0.723225919306 1370.84682394 1
0.0391095578145 0.999999107622 1243.15260013 0
0.05702127992 0.999998145673 1126.13885886 0
0.0336779559795 0.570136613285 1718.07237559 0
0.0544191952612 0.999998802255 1178.7095622 0
0.0519287873813 0.999997514266 1114.39339579 0
0.0480416734172 0.999999547514 1302.35168361 0
0.0387999532503 0.702952013454 1559.56967661 0
0.0531987465191 0.999993362737 1028.58531475 0
0.0512713754786 0.463660367332 1636.76790149 1
0.0632707042314 0.999989601007 974.688483297 0
0.0509447412034 0.99999899539 1196.53946068 0
0.0340156947054 0.999999284729 1300.97239611 0
0.0420245532817 0.999999604602 1352.00717338 0
0.0395949617538 0.656433989104 1593.58464931 0
0.0400971106318 0.99999427841 1061.10546186 0
0.0446352688144 0.999998532201 1190.72858382 0
0.0313805059715 0.999999381614 1329.63867757 0
0.0446317033331 0.999998386199 1164.45913537 0
0.0497714663927 0.999998052316 1142.06841081 0
0.0408949368813 0.755685810739 1536.41944802 0
0.0504619618313 0.999998994988 1208.9288596 0
0.0326099286463 0.999999572604 1382.97986979 0
0.0537535405076 0.35160527012 1808.13285468 0
0.0360589486048 0.999999087581 1241.57769019 0
0.0373437847312 0.999998838912 1216.46319155 0
0.0424682050637 0.657310530369 1660.37824918 2
0.050183225353 0.999998858867 1183.88342773 0
0.0497341129391 0.999998939072 1201.7913184 0
0.0487096157853 0.999999280329 1245.7950406 0
0.0555001178348 0.999998489441 1159.98648273 0
0.0401325978006 0.543984619479 1704.73317577 0
0.0646744957589 0.999990111001 988.074329865 0
0.0495010143986 0.999993904979 1033.79584449 0
0.0448758630256 0.999998845245 1219.3099306 0
0.0407363009991 0.999998900307 1206.84240548 0
0.0405623429289 0.999999389258 1286.69235664 0
0.0400822436353 0.999999328651 1274.88245715 0
0.0433285413104 0.999999178747 1244.5445578 0
0.0508993269754 0.999998222888 1150.90901185 0
0.0330293803419 0.819176500246 1537.466583 0
0.0312949122172 0.999999693223 1416.89094239 0
0.0439139391517 0.999997388303 1128.01913996 0
0.0564075691711 0.335449681635 1739.59083209 1
0.0370907216052 0.724738452187 1592.47655355 0
0.0402499039653 0.999998525652 1193.72991647 0
0.0251243004179 0.901525556921 1591.38169504 2
0.0401013200424 0.920084734577 1364.07752952 1
0.0405792810465 0.999998949895 1230.80798095 0
0.0492877055835 0.999999001723 1202.24505956 0
0.0341410533178 0.999999077561 1257.28095347 0
0.0474029038244 0.999998537031 1174.83001498 0
0.0483560275155 0.999997756882 1117.95733272 0
0.0402600608407 0.999999600413 1326.48065619 0
0.0319348758548 0.999999355442 1307.44594209 0
0.0423274354455 0.999999401879 1274.92492664 0
0.0394533322678 0.999999349722 1286.74524386 0
0.0362267216225 0.571334309326 1687.04410784 0
0.0446483922056 0.999999065641 1229.34697722 0
0.0341976724716 0.999185245419 1400.00142806 1
0.0429685015346 0.999999345246 1270.29045709 0
0.0280407175257 0.999999317434 1354.51657415 0
0.050183225353 0.999998858867 1183.88342774 0
0.0419031870313 0.999996521204 1101.57549693 0
0.0494636703818 0.999997557575 1115.75459043 0
0.0381684145401 0.536818942924 1670.33296469 0
0.0395789306884 0.999999696149 1400.52947699 0
0.0353626594674 0.936856243288 1377.56448989 1
0.0292768614907 0.999999306982 1456.20225496 1
0.0540359423873 0.999998162503 1134.16125186 0
0.0501762054128 0.999998108144 1136.72638078 0
0.0598340538227 0.99999025383 989.747509038 0
0.047366920386 0.810335668575 1392.43559648 1
0.0368001551454 0.569884201057 1674.57894256 2
0.0376695280524 0.744597977791 1581.99458049 0
0.0322539350783 0.999997595987 1400.11539342 1
0.0512532644104 0.999998866693 1186.64586811 0
0.0398438182447 0.704404732844 1574.08538879 0
0.0342246148088 0.999930460865 1336.37738471 1
0.0480267470238 0.493128084934 1544.97078449 1
0.0421468987488 0.999999519551 1317.47355556 0
0.0450117110251 0.999997442673 1118.78893675 0
0.0350551665473 0.999999348564 1309.83048844 0
0.0571972053054 0.999997125367 1086.7975601 0
0.0441108799487 0.999998524879 1179.08820458 0
0.0423455770449 0.999999416521 1294.3192393 0
0.0530639177043 0.999994697672 1047.9592231 0
0.0314326248363 0.786974530323 1585.08520253 0
0.0524460314066 0.999994758438 1043.00691407 0
0.0337408828655 0.99999914872 1265.98250226 0
0.0555577606143 0.999998200092 1148.58328892 0
0.0453677362344 0.999998620373 1179.50997003 0
0.0408721978484 0.999999343483 1267.2831913 0
0.045232028123 0.999997298843 1129.00896403 0
0.0511313880125 0.999997366651 1106.59257638 0
0.049678373637 0.99999438885 1038.07199057 0
0.0575796621494 0.999997631502 1109.27018718 0
0.0472998362699 0.999999063163 1219.33609903 0
0.0298223151729 0.999997798108 1405.52951074 1
0.0457803422949 0.999998379326 1160.41690134 0
0.0440965353121 0.999999381193 1270.33623162 0
0.0670961797233 0.999996331301 1058.67749137 0
0.0301206476427 0.999999429121 1353.11833808 0
0.0259546539816 0.794913624355 1749.74538436 1
0.0475090211616 0.999997840735 1135.76117569 0
0.0578723124978 0.999997325264 1095.46152855 0
0.0479642531248 0.567347041818 1499.42846628 1
0.0505467884215 0.999998802293 1190.50508898 0
0.0441784225869 0.999998955553 1204.44856929 0
0.0399095712034 0.999999415716 1305.89520165 0
0.0389578380666 0.999999350111 1289.19677252 0
0.0458505289291 0.999998950154 1204.13364871 0
0.0716424508607 0.385311785139 1597.90581677 1
0.0518212345257 0.668199013396 1428.48460933 1
0.0371149921907 0.917452421984 1383.77954416 1
0.0448760772986 0.585710001249 1641.1756242 0
0.0497805752175 0.999999520783 1281.10814661 0
0.039706117283 0.999998524614 1195.90750429 0
0.0378054165751 0.999999176196 1290.19248206 0
0.0480963296967 0.99999783996 1133.97725818 0
0.0385876480768 0.999999205956 1274.80890568 0
0.0368211244828 0.99999960012 1361.88087536 0
0.050464588619 0.99999783285 1126.99613318 0
0.0400150501623 0.999999292129 1290.05304989 0
0.0415509987528 0.999999490981 1315.38042993 0
0.0389335452766 0.798136717615 1433.28833514 1
0.0331375143992 0.999999501162 1337.51538139 0
0.0543222283822 0.999996742504 1085.83680917 0
0.0442293746072 0.642104602986 1467.96643663 1
0.0466376659514 0.677964344814 1424.98982135 1
0.0459306143119 0.999999117736 1246.60750954 0
0.0350109752301 0.999999322149 1432.68473874 1
0.0380715553527 0.999999332612 1284.9007549 0
0.0630973667759 0.513096250606 1492.97991467 1
0.0372521125058 0.840230107167 1417.81879045 1
0.0355823848164 0.999999010903 1259.20386059 0
0.0509331948839 0.640889015525 1430.47722543 1
0.0404427913381 0.598872363349 1727.79050653 1
0.0464836491521 0.595546337493 1513.14314823 1
0.0337554295626 0.999999525059 1463.85007553 1
0.0505808017692 0.999998447727 1149.22053857 0
0.0319861198639 0.862141108934 1570.57871847 2
0.0433494179441 0.999998269986 1163.98498172 0
0.0350301188057 0.620520181353 1623.69613266 0
0.0449346621023 0.999996497143 1099.57412334 0
0.0371099861951 0.999999392368 1304.31007517 0
0.0399696753473 0.999999283447 1269.98341616 0
0.0402392558163 0.999999181198 1258.00280537 0
0.045815263805 0.999998200417 1166.36339434 0
0.0482435724702 0.999998714656 1181.21664835 0
0.0451499548859 0.999998790287 1208.59543415 0
0.0530794697085 0.999998525132 1157.1669688 0
0.0500608471343 0.999999052176 1214.56578468 0
0.036324731556 0.999999138205 1251.89654767 0
0.0371694452994 0.742679609679 1595.93811638 2
0.042825688551 0.999985558155 1318.01619933 1
0.0412119072202 0.999999200219 1274.77636214 0
0.0386038229161 0.999998806841 1223.13318447 0
0.0461725674361 0.999997678665 1135.27728814 0
0.0457108401131 0.999995504962 1075.26874208 0
0.0297113533776 0.999999871042 1586.51100604 0
0.0263192212469 0.999999815188 1541.26249567 0
0.0452312648447 0.99999852254 1175.08598131 0
0.0498667773741 0.571311865864 1589.28816458 0
0.0483084239278 0.999999320494 1251.83187655 0
0.0390017002028 0.999999526582 1316.63333939 0
0.0322509535744 0.682600480652 1671.49848958 0
0.0493725899053 0.999999205481 1230.21226196 0
0.0504937830437 0.718651200736 1398.40773819 1
0.0323939342017 0.720313988642 1493.22103793 1
0.0469368899303 0.999998371496 1156.45161106 0
0.041178578325 0.999999472084 1302.35172492 0
0.0434149655115 0.999998808297 1203.44138968 0
0.0318339477001 0.989132281486 1385.17195253 1
0.0377700187792 0.999999229848 1261.30864718 0
0.0486668511046 0.999998921905 1187.28295193 0
0.040983160754 0.999998967023 1223.71458683 0
0.0450059739476 0.99999940711 1292.54766224 0
0.0520214804567 0.999990741578 998.784079243 0
0.0397406046959 0.999999304109 1267.21331005 0
0.0329740373894 0.898101976201 1396.78587974 1
0.0465934085758 0.999999220661 1236.21689471 0
0.0502268460156 0.999997716941 1118.04843041 0
0.0337985867072 0.999999446091 1462.7480306 1
0.0350328860366 0.999999510692 1341.4514851 0
0.0454680693096 0.999997921758 1158.52202987 0
0.0430859581346 0.863664267255 1384.49294176 1
0.0299770064327 0.843519154711 1629.56085768 2
0.0454879678369 0.564179233438 1596.00305859 0
0.0332847155393 0.987231557289 1530.60515354 0
0.0343787059931 0.871039511523 1401.03898585 1
0.0348404916028 0.999999148335 1274.82571872 0
0.0443719200272 0.999999177051 1240.23470041 0
0.0452157244979 0.66724983706 1542.02294188 0
0.0586656079271 0.999997481708 1097.38866657 0
0.0453625681462 0.866546211793 1355.10900115 1
0.0407452277473 0.731439513067 1585.95502127 2
0.049013976211 0.999997727925 1121.65472754 0
0.0502270985914 0.999998399971 1153.90475771 0
0.0487096157853 0.999999280326 1245.79504162 0
0.0357828772168 0.999996178004 1370.11703252 1
0.0340807310151 0.660510388279 1700.74744636 2
0.0481012746301 0.999998362814 1152.56050991 0
0.0366524993689 0.999998889315 1237.58406338 0
0.0420828982772 0.999999281565 1272.61717577 0
0.034276501637 0.999999301017 1443.18126751 1
0.0376165504301 0.999999566023 1337.6893825 0
0.0441480241253 0.999999210667 1250.32723965 0
0.0329195992688 0.874880627041 1542.21513544 0
0.0453045595483 0.778083483334 1415.99535538 1
0.0391921567422 0.999998990495 1219.73963267 0
0.0385044440776 0.954111719937 1343.23288877 1
0.0326764149072 0.999999493438 1331.9969572 0
0.0494049012811 0.999999060066 1206.44990708 0
0.036221736166 0.999999554512 1330.50430199 0
0.031438686654 0.69103274478 1751.07647611 1
0.0266120225856 0.588144388458 2086.91873845 2
0.0586656079271 0.999997481708 1097.38866657 0
0.031212634144 0.999999602716 1385.39970014 0
0.0342944894705 0.99999956758 1350.50526971 0
0.0316324771932 0.99999972652 1432.691032 0
0.039408192265 0.986354904115 1331.57453159 1
0.0341209077659 0.598117291981 1696.2084136 0
0.0435029029466 0.999998769536 1181.91725405 0
0.0415127071607 0.999998626542 1200.65112966 0
0.0370305608399 0.999999113313 1253.22105585 0
0.0457942872512 0.999998520571 1173.11322355 0
0.0328166321895 0.622119393721 1700.96515485 0
0.0410965722564 0.999999312139 1256.37550327 0
0.0450287196418 0.999999138666 1216.89408481 0
0.044369549701 0.9999987227 1194.87339429 0
0.0408217770698 0.999999547216 1329.11992253 0
0.0444750719586 0.99999923768 1257.66733084 0
0.0354372453604 0.999999616432 1355.32377779 0
0.0445263470539 0.999998415806 1172.68279128 0
0.0241445513582 0.661237320499 1963.4836192 3
0.0416313067353 0.484390966602 1856.10440833 0
0.0473392042233 0.99999 1250.00009082 0
0.0404516375951 0.999998968157 1226.00297995 0
0.0414918333025 0.999998875667 1221.8746706 0
0.0391531695954 0.999999019816 1242.34344384 0
0.0450093284865 0.999998692934 1178.44959119 0
0.0422930057642 0.999998812305 1201.47676036 0
0.0609355421677 0.999992860276 1016.78453446 0
0.0420503931675 0.888912619534 1384.31075531 1
0.0511982373164 0.999995608723 1069.66234512 0
0.0385266735181 0.999999294917 1304.79605407 0
0.0407258499147 0.833682151988 1389.70394188 1
0.0314717585326 0.999999226157 1318.69836058 0
0.0243554498791 0.999999808067 1583.82877364 0
0.0336173738846 0.478458869787 1848.85622907 0
0.0461544324981 0.999998682402 1174.17412297 0
0.0512991776835 0.535391832 1622.11704866 0
0.0553978685147 0.999998515301 1150.50313611 0
0.0642892222791 0.525559715809 1473.33339706 1
0.0401083755097 0.999999495341 1329.42327187 0
0.0319017545714 0.999998987662 1449.87269 1
0.0463401711448 0.999997841391 1139.37726889 0
0.0382133424903 0.999999599033 1353.73667201 0
0.0465004013073 0.999997990765 1143.54397128 0
0.0538012945306 0.999991955093 1010.09568359 0
0.0507366432201 0.999988941748 1000.36332056 0
0.0418781731515 0.999998795229 1215.28782634 0
0.0471708666572 0.999999003852 1215.18105039 0
0.0530014737654 0.999996832226 1078.10931262 0
0.0425839724594 0.999998629314 1189.84744349 0
0.0450434828325 0.999998413649 1190.92667048 0
0.0391308785375 0.99999880799 1220.85352825 0
0.0341665407078 0.999999646214 1376.96597044 0
0.0406603661851 0.999999358499 1264.24200634 0
0.0432114483084 0.999999380981 1285.50817715 0
0.0384710679979 0.999999536902 1327.26088078 0
0.0516154752273 0.999992853088 1028.07148862 0
0.0377137154839 0.438413169849 1843.41663417 0
0.0536375982518 0.999995795921 1053.28022243 0
0.0324627197346 0.93408254761 1399.70852069 1
0.0378193171224 0.999999466333 1311.80998295 0
0.0402230704299 0.999999323832 1286.13995693 0
0.0296155422408 0.999999630283 1540.02304459 1
0.0536007344065 0.9999973463 1099.93947656 0
0.039223288506 0.999999180948 1262.6774979 0
0.0408371664262 0.999999085597 1240.24729159 0
0.0492766710769 0.999997837167 1130.45628491 0
0.0402104405328 0.999999258988 1272.50152278 0
0.0357370494308 0.999999748336 1408.14676788 0
0.0426733942627 0.570487644355 1551.75681059 1
0.0533067384678 0.999996262995 1080.37058107 0
0.0493532259505 0.523504587597 1652.19615742 0
0.0540392841586 0.999996907896 1083.39845606 0
0.0433015345802 0.61866843289 1479.74958974 1
0.0544825379256 0.999999109758 1225.83209474 0
0.0329291627299 0.999999437425 1342.47933528 0
0.0392418880724 0.91262898346 1365.19983844 1
0.0297960672802 0.780042856861 1696.26887149 1
0.0389595755657 0.999999284874 1274.86079774 0
0.0310527625835 0.659322323999 1696.46213655 0
0.0352669887738 0.940865483741 1400.276457 1
0.0316180742699 0.941772966638 1548.8936476 0
0.05230862965 0.999999090702 1195.05868194 0
0.0320205750803 0.931212885991 1395.84277698 1
0.0367260888368 0.821277462563 1413.0642866 1
0.0614955963929 0.999985750144 969.20536642 0
0.0361356089496 0.999998236635 1391.68673616 1
0.0411941081246 0.999999035224 1247.76732488 0
0.0399245003724 0.999999051574 1228.2707422 0
0.0426795199182 0.780958896622 1440.67463016 1
0.0465094185387 0.756242694291 1394.19605099 1
0.0499304497747 0.999998708605 1175.62357778 0
0.0333095778737 0.999999435104 1528.15786853 2
0.0456016724382 0.999999074824 1220.60010336 0
0.0337731215216 0.999999545276 1478.47994486 1
0.0404932154474 0.999999062964 1246.39177091 0
0.0379851933241 0.999999207392 1264.53703674 0
0.0439588088152 0.999998807369 1201.36128213 0
0.0467520067104 0.999998796271 1203.00299117 0
0.0428122703955 0.566793274156 1613.15135782 0
0.0377306330623 0.644349763157 1701.55307152 1
0.0346580442123 0.439410465228 2236.76797399 2
0.0491622403898 0.999997881902 1125.84837034 0
0.0367189112449 0.999999717199 1407.39963128 0
0.0495881086193 0.999998871609 1192.12802086 0
0.0731117294483 0.99998859247 963.487531222 0
0.052977134346 0.999992832758 1025.02759286 0
0.0443719200272 0.999999177051 1240.23470041 0
0.0583773912544 0.999998369138 1141.96586873 0
0.0464380289777 0.99999 1250.00007291 0
0.0357119916972 0.999999379975 1303.38538988 0
0.0486162821112 0.999998639589 1181.98249007 0
0.0297149449491 0.985066305159 1514.18595917 2
0.0405480343746 0.999998570994 1174.15485602 0
0.0475238376429 0.999998634572 1191.58913508 0
0.0553405959947 0.999997777355 1118.62878112 0
0.0455158483126 0.999997181646 1118.28843662 0
0.0282295231635 0.999999707764 1460.79117165 0
0.042546834389 0.66047328306 1463.34792663 1
0.0437007330323 0.347496824902 2074.46062662 1
0.0357212537327 0.999999569591 1348.98154731 0
0.042051839233 0.999998964244 1219.20862918 0
0.045182974584 0.999998039735 1156.19517595 0
0.0343876566111 0.506377993241 1930.7516061 1
0.0558793927796 0.999989445009 1000.24045364 0
0.0381735998367 0.824244612818 1532.63435424 2
0.0304350156188 0.999999241581 1457.24032332 1
0.0641791958467 0.999997463521 1090.82663675 0
0.0434853636433 0.999999490316 1306.24141957 0
0.0390726151434 0.999999390753 1294.07707561 0
0.0546794637346 0.999996897063 1081.75308529 0
0.0414325940223 0.99999815498 1173.79554848 0
0.0294920043942 0.99999937278 1333.47663837 0
0.0389051052485 0.999998732046 1210.18861585 0
0.0263396388034 0.989889095577 1547.92164851 0
0.0396034594008 0.999999123138 1255.57389621 0
0.0396218063914 0.761357242865 1420.63596498 1
0.041986985555 0.695247797302 1553.27127908 0
0.0539318145698 0.999998788115 1174.00853567 0
0.0403166805496 0.999999086251 1242.54293081 0
0.0251027121312 0.999999616735 1414.67037268 0
0.0365495539389 0.919403823902 1394.69709837 1
0.0445263470539 0.999998415806 1172.68279128 0
0.0387391135837 0.999998892339 1228.0423219 0
0.0385838022643 0.585468426626 1664.05420101 0
0.0471280353631 0.999997776102 1121.91236151 0
0.0469770217171 0.999998945952 1205.81592936 0
0.0629935970053 0.99999413742 1023.30546225 0
0.0330490979028 0.999999476076 1347.79505264 0
0.0401204558464 0.999999681095 1376.14877998 0
0.0474547845464 0.999997413218 1111.04537419 0
0.0399505073467 0.999999349362 1284.32001695 0
0.0549329282062 0.999998711905 1166.9224667 0
0.032719737475 0.99999948123 1322.6315333 0
0.0403873462451 0.999992979093 1350.88351588 1
0.042725257221 0.999999042015 1241.52267833 0
0.0399056360179 0.999999679642 1393.77044823 0
0.0371879205208 0.511938688453 1791.86464703 0
0.0425152402173 0.999999490932 1310.76527615 0
0.039015097264 0.724828031253 1475.93428423 1
0.0620854151423 0.999995229713 1042.01071933 0
0.0497920377152 0.999999223411 1241.35892439 0
0.0390733767563 0.999999330776 1279.83651307 0
0.0416279660742 0.999998950946 1226.43617343 0
0.0406872874281 0.999999472881 1304.7914354 0
0.0538037020492 0.999994712826 1039.70191974 0
0.0490324025826 0.999998244357 1170.13725786 0
0.049597037588 0.999998873063 1197.8728477 0
0.0563170721168 0.99996907781 937.277583912 0
0.0327975757664 0.99999747135 1402.50221875 1
0.0321322923824 0.99999926606 1302.7295629 0
0.0488776025209 0.999995919359 1079.67710907 0
0.04880830351 0.999996425317 1080.55731877 0
0.0349529999388 0.722947802391 1614.82259251 0
0.045088128231 0.999998061474 1164.17660483 0
0.0422930057642 0.999998812305 1201.47676036 0
0.0348893114399 0.999999597349 1360.12227581 0
0.0305778297127 0.704362175733 1808.91102327 1
0.0662597010592 0.999993653848 1013.82721843 0
0.0308213110589 0.999999416367 1471.37440451 1
0.0424889978756 0.999997764796 1142.73746239 0
0.0415694800804 0.600036306663 1619.69920815 0
0.0275328310151 0.999999316972 1349.65993565 0
0.0595574928264 0.999986838677 975.906748511 0
0.0521168824763 0.999998708263 1197.61659977 0
0.0621563583936 0.99996707264 925.766761221 0
0.0567067587331 0.999998357214 1135.04932954 0
0.048952786269 0.43207596429 1736.64642275 0
0.0380518494492 0.696816712927 1583.31564415 0
0.0380332565442 0.999999623444 1378.57458851 0
0.0226009522208 0.659093117031 1956.60189684 1
0.0517444120884 0.999999424653 1263.32765083 0
0.0536816929797 0.99999873645 1182.64919068 0
0.0476517642012 0.999997569842 1121.13546869 0
0.0366040053823 0.999999623623 1381.18142814 0
0.0433431518454 0.99999901936 1224.55092572 0
0.052808593054 0.999995433004 1056.79520458 0
0.0430197205636 0.999998518839 1196.39406809 0
0.0511210707099 0.999998796667 1182.70767413 0
0.0513875220154 0.999999326972 1252.01190403 0
0.0350501860868 0.999998859788 1213.58996631 0
0.034754955025 0.999990663852 1370.9076164 1
0.0433431540658 0.999999018603 1224.55088253 0
0.0526643262333 0.999995373001 1070.29915902 0
0.0317402359951 0.999999508689 1354.93576019 0
0.0313576870026 0.99999970319 1440.07380267 0
0.0488435664137 0.999997983539 1136.24420189 0
0.0427397583991 0.999999362421 1267.7112027 0
0.0318762272133 0.960711835727 1550.96608231 0
0.0497132435218 0.999998853796 1207.91107288 0
0.0389049870098 0.882074646192 1417.09317503 1
0.0333634181393 0.765013411719 1570.70303277 0
0.0452050291644 0.999998382759 1162.42822173 0
0.0373096914474 0.999998978943 1255.31361754 0
0.0526248794541 0.999998224617 1146.00847667 0
0.0470971506239 0.612340061113 1593.19807867 0
0.044952193079 0.9999993987 1274.88002418 0
0.0351747930782 0.999999392767 1315.02381108 0
0.0536106847804 0.99999674919 1094.10520604 0
0.0386016646425 0.919059810473 1373.51943511 1
0.0343673622893 0.710606422546 1761.60120003 1
0.0293112190075 0.999999652718 1419.9058659 0
0.0320032861323 0.999999435162 1348.38076332 0
0.0497890345619 0.999996502376 1093.1271028 0
0.0477105205343 0.999999370681 1255.07247312 0
0.0398326677198 0.999999305271 1279.55358428 0
0.0507003761197 0.999993918907 1038.61386737 0
0.0399845723198 0.999999463949 1325.02757116 0
0.0442509301424 0.999998626665 1196.73697481 0
0.0345978101723 0.986639391522 1352.4595611 1
0.034557516293 0.999999505681 1336.62254772 0
0.0324976295873 0.99999920769 1294.12442431 0
0.0503531893958 0.999998051066 1140.370048 0
0.0444904102448 0.509625948704 1548.89738941 1
0.0371421032819 0.68123648325 1605.65111952 0
0.0329146798705 0.999999497543 1454.82241911 1
0.0383320525321 0.999998862369 1399.88782924 1
0.0324298010668 0.771114576797 1598.9722814 0
0.0454588350296 0.999999398281 1272.71091152 0
0.0435097574636 0.999998219292 1154.67395656 0
0.0300989588808 0.764418102956 1693.43521147 2
0.0355835449994 0.923018394962 1366.84543608 1
0.0412268197358 0.626981894467 1609.1811338 0
0.0354083751208 0.662189132363 1765.61907946 0
0.054567111385 0.999991611312 1013.82515668 0
0.0522602616737 0.999995685844 1075.04061821 0
0.0391491011831 0.999999598129 1348.4586639 0
0.041743480339 0.99999916374 1231.31225272 0
0.0502037222905 0.569895945386 1451.60284021 1
0.0515984338589 0.999997623791 1124.36964391 0
0.0383116227631 0.999998270861 1183.23168835 0
0.0429104568545 0.999999012327 1245.01471118 0
0.043599453492 0.999999065918 1233.48431054 0
0.052782727078 0.999998332281 1149.67684448 0
0.0374207814735 0.99999936306 1305.32152961 0
0.0401902722214 0.999999370408 1279.82690734 0
0.0478198741716 0.999998122713 1144.0272959 0
0.0538397548766 0.586545761235 1477.02658858 1
0.0399120259065 0.999999624082 1373.70547347 0
0.0452590931399 0.999998196135 1168.1553926 0
0.0431900692988 0.99999955164 1324.14819828 0
0.0501613106607 0.999997023535 1082.30291441 0
0.0482194489893 0.999998330274 1163.2362253 0
0.0363857344254 0.999999697432 1414.97240128 0
0.0457031401613 0.999999380747 1274.85156024 0
0.0379364867298 0.999999522386 1352.45058285 0
0.0448164944045 0.999998951259 1213.82885339 0
0.0330875632448 0.999998856138 1237.9755249 0
0.054554517015 0.999995407555 1066.11812458 0
0.0584292281225 0.999992351868 1025.12243542 0
0.03985138608 0.999999220672 1251.00088253 0
0.0490454438173 0.999999675746 1342.56420633 0
0.0487906270941 0.849834780057 1362.09010103 1
0.0343643563605 0.999999686361 1387.76032751 0
0.046139836396 0.999999072887 1218.52184257 0
0.0451813619851 0.999999132556 1227.21247013 0
0.0413438983049 0.999999652341 1345.53942394 0
0.0546690331893 0.361085423743 1777.54302586 0
0.0575796621494 0.999997631502 1109.27018718 0
0.0378193187878 0.999999466846 1311.80996855 0
0.0411027295533 0.999998950545 1228.6109839 0
0.0382137776977 0.999999331459 1303.85143816 0
0.0278147072041 0.956147099965 1551.28978134 2
0.0355798596141 0.999999265416 1282.87544015 0
0.0278269068898 0.999996609554 1408.25959929 1
0.0458933147041 0.999998948131 1209.78510464 0
0.0316599507721 0.799918311475 1601.80806975 2
0.0307749264961 0.688950808427 1650.20400031 0
0.0358676366385 0.999999482318 1338.20152485 0
0.0390369531145 0.999999569409 1336.88469005 0
0.0392876214894 0.999999412092 1289.92227105 0
0.0358999868721 0.861790733406 1414.4147348 1
0.0382896370166 0.871527285724 1401.25076093 1
0.0333747901538 0.999999445543 1466.03476912 1
0.0578780490201 0.999998586022 1147.66219584 0
0.0501047903168 0.494987293417 1668.238178 0
0.0447894527023 0.999999047752 1233.46945696 0
0.0412154171903 0.999999259702 1267.91696321 0
0.0594383331443 0.999997132061 1099.48196187 0
0.0477613038008 0.999998299907 1144.83957872 0
0.040983160754 0.999998967023 1223.71458683 0
0.0313921932893 0.999999511574 1329.3479567 0
0.0388164117515 0.999997586503 1375.91291206 1
0.0350493989387 0.999999665364 1401.96223936 0
0.0362683860722 0.999999086255 1283.9675108 0
0.0395239224682 0.999998825263 1206.45001934 0
0.0383445081242 0.999998970885 1235.40452685 0
0.0683225037656 0.999906717605 863.090370084 0
0.0452477633139 0.679093853546 1470.24387785 1
0.0494700491682 0.999998686614 1170.08572762 0
0.047268041703 0.999998991914 1219.81446589 0
0.037332488767 0.99999946724 1314.48865453 0
0.0302427027865 0.999999510011 1512.84180464 1
0.0579667663869 0.999996293633 1089.1319426 0
0.0505496650094 0.999997338066 1113.92114563 0
0.0594925803066 0.999998494715 1149.67467724 0
0.0383424386685 0.9999995148 1329.87296783 0
0.0353839074707 0.69634195255 1724.8890678 1
0.0431822783087 0.999999030063 1213.90302864 0
0.0205034134115 0.999999647415 1617.49848148 1
0.039966597809 0.999999228994 1277.04106168 0
0.0500277819171 0.999998797693 1197.67822781 0
0.0498623997647 0.999998348265 1146.85728301 0
0.0485656431737 0.999996491744 1096.32612822 0
0.0285720597182 0.999998638487 1547.27922226 2
0.0408121880735 0.999998518659 1184.13398327 0
0.0390957721752 0.999999122789 1257.88598396 0
0.0291463875257 0.999999541175 1579.7437012 0
0.0391519222598 0.878148583643 1400.40754684 1
0.0291586760293 0.999999181184 1304.96342015 0
0.0322404175579 0.818113464824 1602.67760279 2
0.0436384595126 0.742203239274 1556.73671657 0
0.0413308071101 0.999999539878 1319.48765541 0
0.0358933671674 0.999998598693 1404.53443184 1
0.0373867359293 0.999999371842 1313.3694819 0
0.049372593236 0.999999204163 1230.21226183 0
0.0555958240556 0.522396851016 1521.5933776 1
0.0378838205251 0.999999508373 1324.95159308 0
0.0401134520045 0.999998820685 1210.544345 0
0.0406042655055 0.920307411893 1361.09386405 1
0.0564414065485 0.99998881363 988.826890404 0
0.0486389273302 0.999996492754 1089.05720956 0
0.0524749593778 0.999995985243 1078.42248365 0
0.0466484234574 0.66496881878 1460.43325825 1
0.03032107454 0.999999089882 1452.00973394 1
0.0392216048528 0.999999167046 1248.31354962 0
0.0304162223186 0.999999508979 1371.84859542 0
0.0614063294657 0.999992675089 1001.85462575 0
0.0474029004938 0.999998539325 1174.83010071 0
0.0337428612829 0.999999543127 1355.48659436 0
0.0534070737634 0.999996518658 1090.75590354 0
0.032634697722 0.999999484683 1462.16598572 1
0.0456573717722 0.493590696081 1707.50048607 0
0.0441803205131 0.845856272116 1372.01892292 1
0.0578723124978 0.999997325264 1095.46152855 0
0.0332384442192 0.737610230845 1619.30253672 0
0.042790230248 0.999998085237 1152.0368585 0
0.0467987487651 0.999998254734 1152.08049607 0
0.0318434129065 0.999999603105 1475.51229956 1
0.0298989155656 0.684238570897 1692.61927518 2
0.0472243144589 0.999999220189 1250.66479264 0
0.0390553950291 0.999999562906 1329.55663168 0
0.0484765444453 0.999993442019 1039.70331932 0
0.0408707107047 0.999999233407 1260.43164372 0
0.0492734270052 0.999998352609 1148.74098532 0
0.0339486005974 0.999999102482 1253.13645349 0
0.0506210007245 0.999997972628 1130.93734352 0
0.0547984291277 0.999997309964 1108.40663332 0
0.0490722207314 0.999998405081 1157.52655112 0
0.0555001178348 0.999998489442 1159.98648274 0
0.0427166840788 0.999998723325 1194.52399235 0
0.0367760216724 0.999997521236 1362.86382306 1
0.0468127409059 0.504799719414 1583.01969367 1
0.0512996867208 0.552122858212 1495.23467893 1
0.0357064677825 0.680339852149 1482.01844848 1
0.0426332585901 0.834121771123 1395.93988499 1
0.0343811057402 0.999999130613 1402.70722678 1
0.0495737612072 0.999998551175 1174.60720063 0
0.0724282106512 0.99999306173 1000.13613845 0
0.0487885865041 0.999995632533 1061.69821515 0
0.0521887916216 0.999997626302 1122.80641825 0
0.0476234263136 0.999998178266 1153.01606089 0
0.0503683200703 0.453453667975 1711.44099499 0
0.0340406541843 0.999999818007 1493.94332351 0
0.0455174337111 0.573818217375 1526.40321808 1
0.0394637483803 0.999999284179 1272.40892005 0
0.0431130109391 0.999999518901 1312.8466204 0
0.039513507466 0.999999568647 1334.27838104 0
0.055925047926 0.999997797094 1106.42088555 0
0.0499304497747 0.999998708605 1175.62357777 0
0.0339822797679 0.999999688273 1396.92010118 0
0.0469116284707 0.555944356429 1500.36033894 1
0.0442679493062 0.999996464465 1336.01578654 1
0.0308328290677 0.766335398496 1595.06817952 0
0.0329011173861 0.999999788924 1462.95829636 0
0.0445044778807 0.999998806292 1199.3012324 0
0.0358632179509 0.999999743619 1434.30983677 0
0.0444403081001 0.999999084684 1219.81010193 0
0.0335097377624 0.999999722139 1424.06825897 0
0.0364287261467 0.999998509136 1186.63118894 0
0.0464787869303 0.99999917235 1231.85929851 0
0.0367884134267 0.999999397328 1280.89963139 0
0.0425559421036 0.99999 1250.00001549 0
0.0327279153778 0.999999600167 1388.14653931 0
0.043691741336 0.999998626379 1185.65162489 0
0.0426066648629 0.999998867513 1236.86342481 0
0.0610994888017 0.999996105876 1066.94939331 0
0.0439976283184 0.999999079503 1226.95574715 0
0.0539703037816 0.999997631457 1118.1898664 0
0.0386814785758 0.581515780131 1613.5370602 0
0.0375053232915 0.567306257077 1822.60840404 1
0.0470909095052 0.999999441296 1288.43492032 0
0.0344990935819 0.999999736256 1422.64493249 0
0.0375980901968 0.999999392393 1301.7085031 0
0.0292131219215 0.999999715409 1440.46469122 0
0.0450103160299 0.999997673883 1138.89239085 0
0.0323413917869 0.999999393106 1340.08236912 0
0.0432236058057 0.999999273332 1278.85091078 0
0.0372267450199 0.999999619847 1388.97370551 0
0.0426799556807 0.86702973765 1368.82426819 1
0.0456414933625 0.999992002366 1318.27707544 1
0.038387342749 0.962119248477 1347.30664235 1
0.047802731773 0.999998802201 1193.64296501 0
0.0344643930061 0.999999213286 1431.02778348 1
0.0328671745375 0.999999558811 1343.96592445 0
0.0432498892255 0.780331672138 1387.35650656 1
0.0409498734921 0.999999348347 1279.5461953 0
0.0413902867535 0.999998891573 1216.6791649 0
0.0572704184076 0.999992342076 1020.22828272 0
0.0318686577128 0.999999207976 1450.75966081 1
0.0504873970408 0.999998333223 1156.34403742 0
0.0273796352257 0.99999662687 1412.22406139 1
0.0325785270983 0.999999601091 1375.60813293 0
0.0417927897844 0.279926130348 2468.85227023 2
0.0513744691233 0.9999939035 1036.99271511 0
0.0430034824417 0.999998888016 1210.13761236 0
0.0464539245959 0.999997575857 1124.80533543 0
0.0304206126955 0.999999541063 1362.94637949 0
0.0475775596698 0.999996754259 1096.54849892 0
0.0405940808745 0.484569915917 1697.13168542 0
0.0349923251486 0.999999621618 1365.42637892 0
0.049930147239 0.999998176564 1145.95558829 0
0.0432967828257 0.999998578119 1171.62322779 0
0.0315553122521 0.874851915273 1555.12601206 0
0.0334043370742 0.999999648049 1395.3634383 0
0.0369529573607 0.993289549498 1348.9121013 1
0.0378290904157 0.999999216083 1396.92563143 1
0.0559529422794 0.999991598299 1011.01928043 0
0.0319774678958 0.849269217368 1442.91597836 1
0.0379242620641 0.99999949907 1316.91353813 0
0.0378464087847 0.999998834334 1207.01983629 0
0.0331593830172 0.99999949172 1328.80238017 0
0.0392811383421 0.999999086731 1247.2074909 0
0.0334590605222 0.999998166303 1409.73752526 1
0.0499999375236 0.523964716235 1515.97333362 1
0.0394365612388 0.999999534979 1321.99864896 0
0.0698279939426 0.999993379221 1011.9491059 0
0.0456242116309 0.999998802571 1201.26038168 0
0.0322487880844 0.99999976526 1456.61459585 0
0.0414326234432 0.999999459923 1310.9657656 0
0.0483508466598 0.999998297472 1155.26453482 0
0.0454237092384 0.999998319353 1172.19128517 0
0.053137386713 0.999997511449 1111.18971649 0
0.0458809595871 0.663458549658 1453.30912556 1
0.0525881943547 0.999996955638 1100.50307752 0
0.0379892933777 0.999999548118 1344.24391646 0
0.0442011444113 0.999999416351 1274.91119958 0
0.0382528886345 0.999999086715 1251.97328259 0
0.0414326234432 0.999999459923 1310.9657656 0
0.0443794428984 0.999998715416 1188.14670209 0
0.0804120281472 0.999983586728 938.729342514 0
0.0495869623141 0.999996234026 1089.49406312 0
0.0444618830642 0.999999582182 1314.16865783 0
0.0552591283842 0.999995036769 1046.94318227 0
0.0384735249215 0.99999820949 1165.02586567 0
0.0333856847723 0.999999433348 1331.66838444 0
0.0298429092549 0.999999469674 1369.47105185 0
0.036662898828 0.404399782488 2067.42488346 0
0.0339394068405 0.689117496609 1740.422231 0
0.0429568530746 0.497339763595 1758.69902941 2
0.0375952047271 0.999999519977 1316.39193949 0
0.0425284168992 0.999999141494 1238.19186302 0
0.0405926708913 0.999999490763 1320.09085667 0
0.0538214356416 0.999989755503 997.890658405 0
0.0542948719318 0.999994277876 1034.32375262 0
0.0493507473776 0.999998177539 1147.69786963 0
0.05080725618 0.999998395774 1152.11741105 0
0.0723274246051 0.999995039877 1023.12991584 0
0.0312066439356 0.999999472591 1359.92896063 0
0.0377066949886 0.999999681953 1378.54634849 0
0.0434103114566 0.999999597805 1332.76001313 0
0.0386258991458 0.493683039493 1727.9542907 0
0.0393344368188 0.999998990689 1246.21962216 0
0.0513757753007 0.999998377063 1173.57476881 0
0.0403898886558 0.78998213275 1418.39415084 1
0.0311301040501 0.999999324237 1462.75292577 1
0.0472986100286 0.735569595672 1413.73919412 1
0.0466876465266 0.806192688555 1381.2573042 1
0.0377914632921 0.999999416349 1297.79958501 0
0.0426348650828 0.999999321464 1262.94940055 0
0.0378659553713 0.999999149632 1259.43847059 0
0.0533545396753 0.999998462602 1159.26982276 0
0.0402557143175 0.999998519755 1186.37945877 0
0.0379025094643 0.824964161477 1530.84646396 0
0.0358494034458 0.999999666232 1390.85338626 0
0.0476847950015 0.99999871635 1183.11442808 0
0.04168484391 0.999999127572 1259.54373094 0
0.0457040083557 0.999999065126 1225.2870316 0
0.0368211244828 0.99999960012 1361.88087537 0
0.0378444237059 0.999999601508 1368.54723787 0
0.0389245824461 0.926901378727 1382.82297473 1
0.0363347679722 0.416982451081 2014.67677255 1
0.0386474524605 0.9999989948 1222.32729783 0
0.0432492947011 0.999999428041 1297.67398708 0
0.04285258981 0.999998415965 1178.66451797 0
0.0398173755078 0.99999950518 1314.56505303 0
0.0400563548997 0.999998244872 1167.8257445 0
0.0464890181906 0.999998483994 1162.90206018 0
0.0460193644303 0.99999901297 1214.12713126 0
0.028813149644 0.805667964621 1599.76659639 0
0.0322521437335 0.390182656168 2212.2078722 2
0.0419255480333 0.677410151796 1481.16216355 1
0.0355038809463 0.999999510658 1338.6192732 0
0.0343064876507 0.999999127047 1396.83372385 1
0.0374346598164 0.719568235029 1581.59134497 0
0.0362024249467 0.999999378846 1300.64542058 0
0.0411201028783 0.999999339615 1289.9846104 0
0.0294364893572 0.899103072155 1434.90341071 1
0.0634825009227 0.99999747019 1097.70229811 0
0.0378517434063 0.999999305192 1289.26693549 0
0.0340329348036 0.999999451408 1316.74490015 0
0.0414056194886 0.686956884213 1685.39672235 1
0.0333901989391 0.82166081525 1542.60372148 0
0.0516896114799 0.519131506839 1549.9752044 1
0.0612695166824 0.999996954553 1080.45451202 0
0.0615799078396 0.999998171134 1126.95520857 0
0.0548395723277 0.999995283086 1057.23597488 0
0.0353902218642 0.999999574564 1371.51042726 0
0.0465139682326 0.567088533868 1509.04454801 1
0.0380939352285 0.999995865996 1349.16573912 1
0.0420730461581 0.99999680369 1106.27342295 0
0.0473536126977 0.999998411108 1163.08104394 0
0.0410066508527 0.99999906367 1244.18651535 0
0.0461536181495 0.583555993845 1494.4489808 1
0.0446483922056 0.999999065641 1229.34697724 0
0.0507968517249 0.999998648795 1181.32927642 0
0.0301572961048 0.57753620083 1867.97128094 1
0.0425487634015 0.999998877391 1217.66082299 0
0.0314870052254 0.839373279081 1579.25218414 0
0.0483330392376 0.999996700257 1086.65216028 0
0.045979334784 0.999998322194 1170.36868236 0
0.0385794107771 0.999999391454 1296.59264959 0
0.0469894279043 0.999998631017 1180.82706591 0
0.0288295065598 0.78574831419 1627.97871397 0
0.04536470255 0.999999519842 1292.66735364 0
0.043371793379 0.999998080598 1149.9442395 0
0.0364709601408 0.99999950219 1325.15951836 0
0.0401863214927 0.999999681497 1381.43851137 0
0.0728741500478 0.309282396764 1748.59576865 0
0.044369549701 0.9999987227 1194.87339429 0
0.0357916007943 0.940832639274 1380.60903077 1
0.0371452618664 0.999999175351 1258.56021607 0
0.0422930057642 0.999998812305 1201.47676036 0
0.0393959781464 0.999999422846 1315.85446294 0
0.032528710836 0.999999400235 1310.36215111 0
0.0468464039782 0.999998877094 1201.59042485 0
0.0401901245617 0.999998377409 1172.90782717 0
0.047494592148 0.999998514262 1167.30414948 0
0.0524154936121 0.999998282629 1142.96110232 0
0.0430279939456 0.999999467404 1282.25241396 0
0.0501636293615 0.999998763036 1172.44557213 0
0.0424419488443 0.770842957595 1418.025068 1
0.0272538180912 0.846074613113 1441.22138682 1
0.0567096641868 0.999998220218 1135.01573446 0
0.0266833743989 0.999817070488 1547.47432574 0
0.0566918423317 0.999996764607 1086.93318078 0
0.0371741393224 0.601875457107 1640.29835583 0
0.0558885038249 0.999998911192 1176.45485069 0
0.0352161083628 0.562899938661 1754.67638929 0
0.0400604843742 0.755440096512 1432.99228694 1
0.0388186471856 0.999999514548 1327.30421352 0
0.0551666046178 0.999997632972 1115.17134107 0
0.0342447559198 0.999999545205 1359.50610065 0
0.0344505468597 0.999997628678 1378.01353748 1
0.0422265411526 0.999999247357 1250.07037693 0
0.050767476889 0.999998260605 1134.97455598 0
0.0425487628464 0.999998877373 1217.66082401 0
0.0410689143804 0.999999439332 1297.66923144 0
0.0639549369019 0.999991339215 989.269714347 0
0.0533545396753 0.99999846407 1159.26982385 0
0.0502873376274 0.539089540421 1641.70454252 0
0.0340999578574 0.615484362 1875.46719076 0
0.0512499287453 0.999998556134 1169.50113475 0
0.0386446191714 0.876959880167 1404.49041896 1
0.0392064930521 0.999999681937 1381.43177594 0
0.0441230846304 0.999999067012 1231.40578305 0
0.0571292324558 0.261884945108 2034.12644629 0
0.0432800967287 0.613018693581 1607.09905907 0
0.0354399892766 0.999999459907 1316.9843356 0
0.0467662480963 0.999999063934 1221.30166325 0
0.0317431292363 0.999999485961 1329.29552167 0
0.0364620239557 0.762190876683 1545.54075221 0
0.0245258591214 0.99999969845 1684.02356587 2
0.0347500245246 0.463587280293 1897.66083129 1
0.0495410384938 0.999998556511 1180.98575391 0
0.0442268083267 0.999999190195 1236.17525797 0
0.0434652058789 0.999997041657 1106.89172442 0
0.0427815033399 0.999998271643 1166.03742499 0
0.053366401298 0.999998790177 1175.71988797 0
0.0506986469473 0.429964134071 1699.79731564 0
0.0371025377088 0.999998621 1189.85360208 0
0.0457746812677 0.318240752561 2174.79727449 0
0.0521090576244 0.999998048035 1135.35918221 0
0.0622629292568 0.999997864872 1100.24260248 0
0.0377031844634 0.99999877042 1232.54614339 0
0.046756594152 0.999997680252 1133.49398959 0
0.0371718189562 0.99999957507 1354.31464013 0
0.0380715553527 0.999999332612 1284.9007549 0
0.045799936621 0.87384089776 1342.10273547 1
0.0452124171435 0.449290469536 1831.3127363 1
0.0354917961687 0.999999115753 1261.08278593 0
0.0377700187792 0.999999229848 1261.30864718 0
0.0321475462917 0.590944465994 1783.24243956 2
0.0571154212814 0.999992739482 1016.20136337 0
0.0441940928297 0.999998500549 1171.14008529 0
0.0471782601874 0.596374371641 1507.53155566 1
0.0356333473839 0.999999545214 1350.93587085 0
0.0424566787283 0.4935098753 1585.33020786 1
0.0591424392793 0.537313031801 1485.12972545 1
0.0383116227631 0.999998270861 1183.23168835 0
0.0374273717574 0.717229920224 1467.72768294 1
0.0353089807392 0.999999639118 1490.84420048 1
0.0359716878506 0.999999286414 1290.16118956 0
0.0365671137814 0.999999544694 1345.39231042 0
0.03915097746 0.583298507284 1679.78812123 0
0.0364620239557 0.762190876679 1545.54075222 0
0.032870761113 0.99999954444 1368.40365201 0
0.040393762224 0.999998885517 1241.15727109 0
0.0359252799731 0.999999239046 1403.79948201 1
0.0506882835705 0.999998873051 1194.32403686 0
0.0504623476338 0.999991610669 1022.52762014 0
0.0343173539585 0.999999571661 1357.81496342 0
0.0515388964839 0.999998995053 1205.42049372 0
0.0392593962895 0.431076910427 2104.60580341 1
0.0559468438244 0.999993291635 1022.53235449 0
0.0391439297642 0.790608870772 1489.07415675 0
0.0361554930439 0.999999682381 1405.80270696 0
0.0628957486093 0.999997288174 1084.0660144 0
0.0321215032351 0.999999601739 1378.82806559 0
0.0350988055287 0.999999624672 1378.19556812 0
0.0477543687927 0.99999844863 1175.96567522 0
0.0338784938991 0.999999668981 1391.65287158 0
0.0360850915815 0.999998754187 1209.27598898 0
0.0320511089891 0.599932112774 1909.21265734 1
0.0296112684373 0.850304481723 1617.13015716 2
0.0638229802341 0.99997761234 938.700054605 0
0.0472599420709 0.99999879833 1189.28899552 0
0.0399220029257 0.999998968802 1228.31564525 0
0.0623435270075 0.999995320831 1054.6999148 0
0.0315247922211 0.999999205224 1299.95163014 0
0.043544914341 0.999998887054 1208.00042939 0
0.0285433010561 0.999998235733 1460.29062707 1
0.0440964631476 0.999997820685 1132.15129197 0
0.0357453555644 0.999999573131 1355.97848806 0
0.0478678718885 0.999999303218 1240.81111328 0
0.030919702354 0.656233539937 1876.86035155 3
0.050238173066 0.999997447725 1123.92617993 0
0.060344766406 0.401948813933 1576.31908198 1
0.050368318405 0.453453640324 1711.44106371 0
0.0396310601003 0.999998195242 1160.18841055 0
0.0600864558109 0.999995253034 1046.03803429 0
0.0470844691014 0.502935443219 1639.43018031 0
0.0411237688347 0.801708434793 1416.15268472 1
0.0449179654582 0.99999813406 1153.53669849 0
0.0370951797057 0.999999549256 1355.95826713 0
0.0384431808609 0.597095485344 1669.19351449 0
0.0356935675461 0.9999990717 1248.98890248 0
0.0476069716981 0.999999426696 1268.4862719 0
0.0379907771908 0.999999537647 1329.9365267 0
0.0530103810847 0.999998653282 1174.76148698 0
0.0380063674976 0.999986563101 1336.77358074 1
0.0351002288346 0.999999180589 1269.29523501 0
0.0530729654669 0.999996746494 1088.91164468 0
0.0416714701634 0.999999471226 1299.93742342 0
0.0536445748933 0.999997913004 1138.94245425 0
0.038287453763 0.999999227848 1258.68765632 0
0.0316083442753 0.999999467708 1341.20083564 0
0.0350570811269 0.999998999462 1246.08265179 0
0.0558219526159 0.999998153024 1129.30962848 0
0.0407440242656 0.999998922162 1248.86714265 0
0.0355075674419 0.999999446035 1307.78050216 0
0.036910287049 0.999999045471 1247.94434945 0
0.0453274534573 0.999998632264 1186.58023878 0
0.0356401169688 0.915190429855 1394.98532582 1
0.0362991370295 0.999999361101 1290.98583586 0
0.0529829791152 0.999993720537 1024.96271593 0
0.0346645084859 0.9999870243 1349.81600362 1
0.0624299562046 0.52221932278 1571.50752536 0
0.0337345162915 0.999999723497 1410.72509477 0
0.0423500001734 0.999998229646 1158.96622391 0
0.0405735095521 0.673734673238 1622.75924523 0
0.0417487067139 0.915341386165 1475.95004459 0
0.0518127912796 0.999997345887 1098.18217007 0
0.0304198055634 0.869472350347 1477.28101928 1
0.0358637036735 0.999999477291 1330.71663603 0
0.0568518243593 0.999994250854 1035.68195523 0
0.0540725958453 0.455410682908 1580.58225511 1
0.0458751725496 0.999998482958 1152.54865685 0
0.0346214262814 0.999999335463 1303.57048467 0
0.033134666122 0.999997030031 1502.80676049 2
0.0313417480857 0.999999450266 1497.4384426 1
0.0369536784506 0.892846927793 1398.14596 1
0.0361986507436 0.768070283018 1554.28533793 0
0.0377124603768 0.999999179471 1269.8806033 0
0.0385264181668 0.714953490019 1600.5270858 0
0.039844979538 0.999998992672 1244.00505327 0
0.0585735915326 0.999994804373 1050.71453909 0
0.0279420053761 0.999999714677 1496.82626014 0
0.046710054713 0.999998803239 1197.41750841 0
0.04473279136 0.999998951778 1202.22799422 0
0.0380248610377 0.999999404316 1307.64624456 0
0.0391095600349 0.999999107076 1243.15256073 0
0.0456206605826 0.999998794594 1188.55213923 0
0.027537475078 0.773141613822 1663.75067158 2
0.0279580802953 0.929406024223 1539.81905875 2
0.0377914632921 0.999999416349 1297.79958501 0
0.0439554787013 0.999998076226 1147.8726776 0
0.0542257644343 0.999998736766 1186.55130313 0
0.0426715712765 0.726645939864 1542.97067851 2
0.0533865657237 0.999997156868 1102.47999168 0
0.0460682453296 0.99999830038 1162.64134316 0
0.0467151278771 0.999999219564 1252.57480618 0
0.0543655526153 0.999998224034 1141.22382457 0
0.040195452522 0.999999614525 1341.2422374 0
0.0378464093398 0.999998834323 1207.01983665 0
0.0386242221539 0.999998909411 1222.75619064 0
0.0368615815649 0.999999684141 1389.89244812 0
0.0621359697028 0.999986946896 979.442664748 0
0.052462251765 0.999998261337 1153.74267794 0
0.0409554512526 0.999999403963 1293.02104795 0
0.043902456115 0.999994620555 1317.74648924 1
0.0562665325443 0.999996966651 1091.65202902 0
0.0404867589454 0.999997016116 1123.65179113 0
0.0335151706388 0.999999669321 1400.51097676 0
0.0413849704506 0.99999817235 1153.1348368 0
0.0377360420689 0.999997552976 1154.71006407 0
0.0402411176603 0.999996822211 1112.56551813 0
0.0526267773804 0.999993660346 1046.95481709 0
0.0395467547598 0.999999450786 1312.90892011 0
0.0610212624874 0.999998534458 1142.73887363 0
0.039511541261 0.699537462662 1640.66748577 2
0.0511831449446 0.999994980938 1069.84363708 0
0.0535097460785 0.99999619129 1072.21821037 0
0.0455755594375 0.999997914328 1137.29183114 0
0.0441480241253 0.999999210667 1250.32723965 0
0.0495055690886 0.999995920838 1078.05737705 0
0.0387730969553 0.542661539536 1721.21286644 0
0.0363113789037 0.999999419959 1305.95288344 0
0.0487387313841 0.999999004267 1204.18071183 0
0.0390848514664 0.99999920626 1272.46712527 0
0.0366570374055 0.832687706213 1396.95586098 1
0.0307791298004 0.999999619318 1616.75232976 2
0.0472058586665 0.999998299597 1158.91983597 0
0.0502754293752 0.999999278041 1240.04107464 0
0.0436092295608 0.7750014044 1428.53729009 1
0.0479124767638 0.999998547619 1179.84262379 0
0.0359081603341 0.999999201501 1260.36904073 0
0.0350343248856 0.664371659772 1643.54949172 0
0.0297637764435 0.710852474314 1656.63545961 0
0.0596562726995 0.999996254421 1066.08483008 0
0.0342447548096 0.999999545173 1359.50611089 0
0.0446332792947 0.99999888344 1203.7886295 0
0.0453376142184 0.499874252032 1678.40227081 0
0.0503740393842 0.999997868738 1122.17342584 0
0.0261320759476 0.333184968229 2651.33993399 0
0.041562449038 0.832567720102 1403.40069594 1
0.0374293879224 0.44152522917 1938.05006489 1
0.0377233400073 0.99999959622 1349.80344608 0
0.041324330069 0.999998630184 1371.88938459 1
0.0297235097646 0.719709552644 1618.3662729 0
0.0362576513258 0.999999252142 1291.85132962 0
0.0737399469264 0.999990396007 976.736214213 0
0.0484468620776 0.999997912422 1141.62072744 0
0.0465776578418 0.999999396469 1278.84283626 0
0.0315091835956 0.999999431639 1343.67849626 0
0.0388109722138 0.577165931433 1739.72352891 2
0.0345019668391 0.9999992854 1298.22037319 0
0.0303107106081 0.999999603491 1392.15554766 0
0.03592616038 0.672733957163 1610.99668523 0
0.0310270231729 0.828683316636 1662.75609067 1
0.0373911657192 0.688222112744 1583.53045268 0
0.039206671798 0.999998562779 1394.92820716 1
0.0524632354226 0.736508632069 1396.34434492 1
0.0419310769439 0.623821379227 1516.80447527 1
0.044026060575 0.999999088935 1265.15488372 0
0.0399217264802 0.999999724405 1413.184871 0
0.0400898481079 0.740884898432 1553.64204045 0
0.0373221764605 0.999999614568 1483.98244298 1
0.0485708090414 0.999998863921 1206.60456811 0
0.0430945773511 0.584243082355 1608.43296488 0
0.0378116093991 0.744441766521 1547.29408413 0
0.0391308790926 0.999998807985 1220.85352918 0
0.0321736431941 0.999999617513 1410.32486529 0
0.0477886213934 0.999999207103 1236.05624022 0
0.0397757604631 0.99999951386 1322.25053313 0
0.0528079036055 0.9999971066 1109.42931634 0
0.0439070546587 0.999999748049 1385.13436945 0
0.0425889745692 0.999998961328 1216.99018344 0
0.0383882853283 0.797050567452 1437.93683214 1
0.0528540033962 0.999998167748 1137.46160372 0
0.028746130476 0.999997598764 1524.50375287 2
0.0455072313166 0.999995118445 1071.21213396 0
0.0416414142057 0.710085197996 1468.62945779 1
0.0489576401641 0.999998284714 1140.83715768 0
0.0534326943802 0.999997161166 1096.20184405 0
0.0329928628862 0.999999689955 1397.60903093 0
0.0455287968437 0.9999990788 1215.42202273 0
0.0362022978262 0.999999264879 1300.64816315 0
0.0438493874544 0.99999917796 1242.37912688 0
0.0415928524955 0.99999829101 1178.23901444 0
0.0354246215695 0.78522011339 1548.81151233 0
0.0413326817217 0.999999365704 1286.09336832 0
0.0390396798222 0.999999574037 1343.76551618 0
0.040786344857 0.603696151734 1547.68403283 1
0.0287455875769 0.999999757778 1567.37652529 1
0.0388411303121 0.999999234962 1269.9323085 0
0.0345377543232 0.999978204647 1391.33652594 1
0.0417951795395 0.999998398965 1174.92094507 0
0.0383547588134 0.821359741278 1402.13674482 1
0.0349635698171 0.965933485655 1373.89820678 1
0.0472213446123 0.999999069421 1214.42345992 0
0.0604765471035 0.487401078469 1539.01567634 1
0.0398587657324 0.787562905809 1392.57335961 1
0.035303499013 0.999999363987 1296.599167 0
0.0443794428984 0.999998715416 1188.14670209 0
0.0417446288647 0.407357458876 1828.64241176 0
0.0268785843582 0.808626984189 1740.53228243 3
0.0403510769242 0.999997929812 1140.73333897 0
0.0505398922712 0.571035609171 1585.15456619 0
0.0430034835519 0.999998888361 1210.1376096 0
0.034808533278 0.999999365263 1299.45763616 0
0.0440180841776 0.999995868843 1084.8943669 0
0.037302336775 0.999999357722 1285.50523975 0
0.0392665333582 0.999999742174 1407.07712116 0
0.0474744132895 0.929321993452 1347.91383394 1
0.0390700999331 0.597575689803 1662.31057627 0
0.0327314497728 0.999999642514 1412.17700245 0
0.0384356524386 0.544900835863 1623.59367961 1
0.0281519862977 0.999999279215 1472.22167627 1
0.0389611248819 0.999995447155 1086.67248524 0
0.0584424608707 0.999997759228 1099.800099 0
0.0284822365693 0.999997821847 1416.77897642 1
0.0517841869385 0.999998433688 1156.75609012 0
0.0437269637166 0.999999124151 1237.9073484 0
0.0348085327229 0.999999365259 1299.4576636 0
0.0280054890389 0.999999653058 1430.93205552 0
0.0425081458921 0.999996482969 1106.91878455 0
0.0304893738035 0.644160740222 1742.97644385 0
0.065554606743 0.999980839714 950.355314033 0
0.0357236540349 0.999999547253 1363.96966083 0
0.0353620677185 0.891479293781 1419.35561601 1
0.0356953888669 0.99999951535 1319.12630229 0
0.0357270002471 0.691957773724 1637.24466223 0
0.0326723342825 0.999999343263 1323.75752805 0
0.0361356072842 0.999998236731 1391.6867569 1
0.0338591205074 0.999999749815 1438.42224374 0
0.0277820810801 0.725759849126 1725.86763294 2
0.0471555494652 0.999999090658 1233.65428238 0
0.0364472435566 0.66235790002 1601.33079741 0
0.0401606076172 0.999999103974 1238.28407042 0
0.0388571297361 0.999998736813 1203.61463241 0
0.0547450818011 0.999998269128 1147.56884804 0
0.0446472503413 0.999999134825 1229.36528249 0
0.0473951633495 0.999998527093 1156.23255917 0
0.0379040976384 0.999999363749 1302.82595935 0
0.0605210798144 0.999994830099 1046.95134851 0
0.0304154396114 0.618083723831 1738.65262907 0
0.0461991761513 0.999998900787 1223.82788369 0
0.0243752551476 0.611881499906 2072.65712357 0
0.0496527846616 0.999998534685 1167.58333835 0
0.0387144355463 0.922242435335 1495.89650529 2
0.0515781900523 0.999996492919 1095.11880541 0
0.0406651862184 0.999999252855 1257.23005831 0
0.0373024378053 0.999998971275 1240.26178894 0
0.0369872615869 0.999999225753 1299.39192071 0
0.0542997141695 0.99999849796 1169.381915 0
0.0385690501759 0.832973482746 1403.57824445 1
0.047284668403 0.999998421414 1151.51228572 0
0.0411027295533 0.999998950545 1228.6109839 0
0.0447633946576 0.999997992357 1149.19666025 0
0.058041247919 0.999998036807 1114.665444 0
0.0379242626192 0.999999499153 1316.91354211 0
0.0299461905273 0.844045823464 1464.90210815 1
0.0428373586603 0.999999416596 1292.07376467 0
0.0486084689166 0.999998640256 1188.11243799 0
0.0369026387226 0.337509463354 2336.5896357 1
0.0518022802432 0.600924420336 1586.55380898 0
0.0441000713725 0.599300774207 1600.1912162 0
0.0421989926336 0.999999205214 1270.56671375 0
0.0374750414034 0.999999192388 1252.07206663 0
0.0327655980126 0.707012415235 1583.03233528 0
0.0603816946443 0.999997887029 1104.78542749 0
0.0526111659793 0.999995083396 1053.10790725 0
0.0540553640738 0.999997156143 1094.6023225 0
0.033206240535 0.917226748092 1376.86057247 1
0.0486374052144 0.999998508859 1163.51928495 0
0.0372931358017 0.999998839944 1209.69408909 0
0.0418715917494 0.770357420093 1421.92232032 1
0.0501297253708 0.999997514288 1119.29895676 0
0.0434575581076 0.4199682209 1782.60222066 0
0.0519232729035 0.99999838428 1172.05403623 0
0.058208888265 0.999997636558 1102.34084177 0
0.0446701242662 0.999998522525 1177.07756303 0
0.037332488767 0.999999467138 1314.48866161 0
0.038693914739 0.999999489455 1329.81429498 0
0.0417311929457 0.999998706053 1210.87481894 0
0.0547993012079 0.999996728316 1097.24594583 0
0.044907948471 0.999998937801 1218.80170584 0
0.035390405051 0.999999477637 1333.47657198 0
0.0509301711915 0.736785841753 1394.04735436 1
0.0505132102813 0.999998009303 1126.36884723 0
0.0485236945069 0.62222771407 1431.52978417 1
0.0352147383476 0.772768404506 1456.2455651 1
0.0329865956772 0.999999574086 1373.66999591 0
0.0555092055654 0.999994268535 1038.55347392 0
0.0513744691233 0.9999939035 1036.99271511 0
0.043205561906 0.99999912443 1240.039238 0
0.0376117526013 0.99999901723 1249.4097599 0
0.0431820346147 0.999998469995 1166.60178333 0
0.0431130109391 0.999999518901 1312.84662039 0
0.0349877249395 0.479644619204 2003.21877611 0
0.055817771516 0.999995988866 1057.84834435 0
0.0437466324277 0.999998950906 1217.94984788 0
0.0431377050747 0.999997494961 1118.76670616 0
0.0460858967655 0.999999343937 1268.64329802 0
0.0419803691809 0.999998969616 1213.56195518 0
0.0328478888534 0.999999369621 1311.25766856 0
0.0386088427895 0.999999259229 1267.14258099 0
0.0318190163107 0.999998588732 1427.7386553 1
0.0556465612478 0.999998462663 1142.15121423 0
0.0577170111704 0.999999041457 1200.47704099 0
0.0370305608399 0.999999113313 1253.22105585 0
0.0349452511372 0.634913530903 1626.75377257 0
0.0511210707099 0.999998796667 1182.70767413 0
0.050963302467 0.999996210016 1078.57274099 0
0.035478396887 0.964720603054 1393.7396546 1
0.0330798516357 0.999999690041 1403.40256344 0
0.047972174011 0.999998872255 1203.31020512 0
0.0347739037565 0.999999682734 1378.12274047 0
0.0467844302188 0.999998412638 1164.96615747 0
0.0347510059617 0.632911233301 1796.67923579 1
0.0457586452063 0.999997841472 1141.21001282 0
0.0424962187662 0.999999206901 1238.73969084 0
0.033059512905 0.999999454639 1322.91446724 0
0.0432055624611 0.999999124476 1240.03923778 0
0.0360662549825 0.999999713824 1422.33950601 0
0.0448071701964 0.99999862255 1181.53742464 0
0.0274556977153 0.700300267371 1797.79519582 0
0.034293999307 0.986057041683 1391.20032582 1
0.0372282171757 0.479462756564 1767.63700401 0
0.0640048830602 0.999986661449 968.371103835 0
0.0329037658231 0.999999771321 1486.07244425 0
0.0360909485631 0.646114187183 1716.47955655 1
0.0400559341251 0.687097629775 1500.75133212 1
0.0359993967969 0.869990363704 1437.40751083 1
0.0550707296432 0.999998039237 1127.27562367 0
0.0305199177042 0.999998550308 1437.97305418 1
0.03397188586 0.778317203407 1584.38862432 2
0.0515399067869 0.999999144707 1238.83003536 0
0.0495295632286 0.999999305184 1250.91946226 0
0.0464670846245 0.999999305222 1262.54335986 0
0.0364261132368 0.558402442914 1830.42248588 1
0.0365846852812 0.887146811033 1395.10980047 1
0.0275798367477 0.99999818023 1562.24115238 2
0.0342447531443 0.999999545019 1359.50615929 0
0.0471894262555 0.999999372347 1257.19157988 0
0.0467709498908 0.919127240891 1330.42706538 1
0.0340940492505 0.999999677288 1424.95953249 0
0.0204577893514 0.999999836126 1619.63039219 0
0.0435565100654 0.999998523442 1194.48829179 0
0.0479246492491 0.999998409693 1161.21287738 0
0.0478791700731 0.999998413787 1149.4420595 0
0.0312474118802 0.999999627854 1384.49242972 0
0.0399634797477 0.742219555561 1532.46133417 0
0.0315288672947 0.999999593597 1360.26687798 0
0.0374755532162 0.598365324482 1564.0735662 1
0.027898426902 0.999999049546 1560.47381155 2
0.0422265411526 0.999999247357 1250.07037693 0
0.0556968593468 0.999995598069 1059.16313933 0
0.0446606435167 0.99999875485 1177.22261511 0
0.0468166944101 0.825765660291 1369.4131989 1
0.0412891326684 0.999999298125 1259.78058059 0
0.0321727827712 0.959204083161 1405.77885808 1
0.0381204728894 0.999999664345 1376.71868187 0
0.0517649806353 0.999996193903 1056.89003552 0
0.0561397284216 0.999995280216 1054.37135776 0
0.0421030388331 0.999999210529 1258.91776287 0
0.0494604607271 0.999997254983 1121.92108716 0
0.0445455594633 0.99999670273 1111.93684989 0
0.0466231719898 0.999998704743 1179.92981593 0
0.0372231717671 0.99999874477 1211.01884071 0
0.0475214423368 0.999998944623 1203.85845676 0
0.0396086008436 0.99999972821 1399.91191771 0
0.0410472139611 0.999999726419 1396.67956787 0
0.0400630217889 0.434137288051 1950.91173045 1
0.0424946711153 0.667815277723 1625.29346462 0
0.0478027323281 0.999998802352 1193.64296025 0
0.0404367034301 0.511532926733 1784.47127601 2
0.043987665177 0.999999343258 1265.80075896 0
0.0511873377018 0.999997775201 1129.58066558 0
0.04010140775 0.999998408773 1189.03298793 0
0.0408380645966 0.999999365415 1288.40878367 0
0.0433634472774 0.999999303095 1263.50746545 0
0.0345019651737 0.999999285381 1298.22038924 0
0.0531239346957 0.512921398544 1639.37067566 0
0.0514401321539 0.753068798868 1390.29566606 1
0.0323835858129 0.99999850178 1429.12166599 1
0.0387982612704 0.999999338652 1263.51911145 0
0.0397870120183 0.529371229811 1708.34782242 0
0.0509652425817 0.999997146355 1108.67162169 0
0.0427067992081 0.999999325256 1274.84134074 0
0.0399505067916 0.999999349413 1284.32001263 0
0.0336173738846 0.478458869784 1848.85622908 0
0.0268063732323 0.681883744891 1759.55530828 2
0.0356471302476 0.999998855745 1217.91551268 0
0.0663320787186 0.999973807581 928.908714532 0
0.0305525582611 0.999999419138 1332.97273279 0
0.0322825000065 0.999988676093 1502.88302594 0
0.0467052652109 0.99999 1250.00007747 0
0.0414715617403 0.999999519089 1303.60762775 0
0.0323176935213 0.672488599625 1871.6440315 2
0.0418751583409 0.999999576437 1335.486973 0
0.0429981050765 0.999998526469 1183.16833146 0
0.0505496650094 0.999997338066 1113.92114563 0
0.0323605853225 0.999998915367 1254.15281285 0
0.0462885046959 0.999998536831 1178.55036297 0
0.0360954349743 0.99999965851 1363.12718298 0
0.0391433657709 0.541684705376 1913.32536192 1
0.0395999277814 0.919804102317 1367.14053208 1
0.0508690378709 0.999996954067 1091.84318895 0
0.0307617858963 0.999999727871 1439.7156032 0
0.041972360032 0.999999450596 1301.05324645 0
0.0342038153356 0.878667582601 1407.55298049 1
0.0476234263136 0.999998178291 1153.016061 0
0.038469415431 0.999997759024 1157.39770196 0
0.0371101138708 0.999999047667 1412.79324953 1
0.0435118518993 0.239427873261 2396.94943654 1
0.0402879685169 0.999998514453 1200.29289315 0
0.0417648166051 0.999998928792 1230.94514584 0
0.0637060593167 0.999992825163 1011.74243952 0
0.0302360320115 0.999998423737 1211.79770507 0
0.0453274529022 0.999998632407 1186.58023489 0
0.0582403975047 0.999999041982 1194.18417603 0
0.0477353162553 0.999996970888 1107.27475828 0
0.058730152408 0.999993202589 1016.6814612 0
0.0333841981837 0.982253755304 1400.09473466 1
0.0439665265306 0.999998416483 1174.6576539 0
0.0319611065391 0.999999708907 1423.99617313 0
0.0430853558386 0.99999928262 1268.27303212 0
0.0785658943459 0.999976284303 925.416355562 0
0.0348085327229 0.999999365259 1299.4576636 0
0.0442008313284 0.999999246857 1236.59938442 0
0.0395570121103 0.999998406039 1191.17012802 0
0.0419855111788 0.999999599177 1339.88513632 0
0.0461042853894 0.999999004215 1219.06979653 0
0.0453189480387 0.99999941542 1281.16890525 0
0.048345795145 0.999999073597 1233.63268585 0
0.0488356932671 0.999997578321 1111.606114 0
0.0362185098579 0.999999084436 1261.82708535 0
0.0334947047875 0.999999295343 1312.80186025 0
0.0316075204898 0.890857855169 1401.38172925 1
0.0439588088152 0.999998807369 1201.36128213 0
0.0426837692968 0.999998951512 1222.15121361 0
0.0302990293966 0.781952216887 1576.81270312 0
0.0486084689166 0.999998640256 1188.11243799 0
0.0311445125245 0.760230007323 1709.78832344 1
0.0428803886843 0.99999783166 1150.63236821 0
0.0402990879556 0.999998788307 1221.59604076 0
0.0529333099575 0.999998860682 1181.30139983 0
0.0449221598808 0.99999918705 1262.89549357 0
0.0360909485631 0.646114187183 1716.47955655 1
0.0373929287534 0.999999622748 1363.97079419 0
0.046494531003 0.999998615362 1175.51255183 0
0.0565155422461 0.999997793935 1110.54201163 0
0.0452218024138 0.999998878549 1207.47604769 0
0.0530587296321 0.613148827661 1429.32489421 1
0.0562102697721 0.999996732046 1081.31572289 0
0.0600864558109 0.999995253034 1046.03803429 0
0.0414667183923 0.999999156748 1256.62248653 0
0.0405663780345 0.999999112418 1231.03639896 0
0.0408774519789 0.739518439676 1462.6189335 1
0.0318792098275 0.99999937114 1317.39109339 0
0.045182974584 0.999998039735 1156.19517595 0
0.0415322093383 0.60423579531 1523.11960114 1
0.051489395525 0.999998362977 1137.43201473 0
0.0527808940998 0.999997628439 1121.25550306 0
0.0464126365118 0.301652504567 1933.77576341 0
0.0695127883032 0.400360935447 1634.59760063 0
0.0267675376309 0.999999725914 1450.44336457 0
0.0455022247658 0.999998300448 1164.52766029 0
0.0501776165063 0.999998868347 1201.38604746 0
0.0367565083925 0.879923632572 1389.09817241 1
0.0317386356086 0.999999670723 1413.45068371 0
0.0509899961143 0.99998983794 1003.88247086 0
0.0521887916216 0.999997626302 1122.80641825 0
0.0446633086071 0.999999210361 1248.23106828 0
0.0315359943714 0.898340519561 1634.86894026 3
0.0347336243101 0.52971714252 1849.81311334 2
0.0374993791574 0.999999488617 1311.053631 0
0.0308719844133 0.636673614755 1669.43992745 0
0.0558368046244 0.999997156913 1096.48046993 0
0.0321521487212 0.708927797137 1520.93375703 1
0.0389333787432 0.557171293209 1677.71453103 0
0.036693270089 0.999999313659 1282.84387067 0
0.0510460740344 0.999998337251 1143.14060687 0
0.0552872320148 0.999993838481 1035.20732303 0
0.0583107212515 0.999995576871 1053.42150461 0
0.02632516094 0.921015624206 1452.48125123 1
0.0551138423788 0.720095498765 1385.62663861 1
0.0392537424787 0.65467163049 1730.56121878 1
