"D" "sigma" "logLik" "AIC" "maxgrad"
5291.05474569 5.38588052156 -1101.27 2206.54 -1.05803e-07
4500.94433524 5.60469431226 -1009.3 2022.6 -2.11412e-08
5280.48187405 5.42447097804 -1101.51 2207.02 -0.000458378
4644.53708417 5.57669898823 -1043.35 2090.7 -8.16576e-06
4459.57706714 5.54470151083 -960.786 1925.572 -6.8365e-06
5661.73784462 5.1856274274 -1076.78 2157.56 -1.81798e-07
5648.25553189 5.15451297726 -1068.97 2141.94 -1.16671e-06
4865.06475037 5.36585914823 -1012.41 2028.82 -4.07084e-06
4908.69875329 5.57611652968 -1086.9 2177.8 -6.15948e-05
5141.78685729 5.30272282003 -1043.02 2090.04 -5.69695e-06
4331.93485925 5.73032535778 -1008.4 2020.8 -2.98618e-05
4995.16475808 5.33412865846 -1001.62 2007.24 -6.93222e-06
5023.86030151 5.50861826944 -1078.22 2160.44 -5.38884e-07
5167.40396702 5.3697710748 -1067.59 2139.18 -2.26806e-07
5618.94175002 5.26304688195 -1105.25 2214.5 -4.63893e-06
5407.22421652 5.27389049295 -1068.95 2141.9 -6.00852e-05
4636.10972565 5.59525021896 -1009.46 2022.92 -5.37752e-06
4992.86778521 5.53233965974 -1098.73 2201.46 -1.05108e-07
4778.04314633 5.36515151527 -965.428 1934.856 -0.00407373
4928.81027638 5.7006402069 -1159.28 2322.56 -8.40997e-07
5086.13529843 5.29982658782 -1014.19 2032.38 -3.78766e-07
4953.46598754 5.24253138031 -965.316 1934.632 -2.5103e-05
4655.13398009 5.51011043935 -998.121 2000.242 -1.80205e-05
5344.79431096 5.33766004415 -1099.32 2202.64 -0.000306427
4701.66286137 5.33248502013 -938.232 1880.464 -0.00173885
4681.30063756 5.82833926203 -1127.8 2259.6 -4.54653e-06
4415.79232721 5.37405856466 -901.399 1806.798 -6.01746e-08
5061.82188769 5.37207822756 -1028.04 2060.08 -4.84368e-06
5229.83173523 5.31428335215 -1039.55 2083.1 -0.00262026
5006.17602245 5.45724500416 -1055.47 2114.94 -0.000725746
5351.35666497 5.08188661032 -1000.98 2005.96 -0.00149315
4767.8758091 5.55537304294 -1053.28 2110.56 -1.1464e-05
4438.94434721 5.48971587212 -946.217 1896.434 -3.88856e-06
5257.00828912 5.35804687787 -1075.99 2155.98 -1.40082e-06
5124.39678694 5.37982015631 -1049.63 2103.26 -0.000460939
5462.36225182 5.48809525026 -1160.63 2325.26 -1.11818e-06
4955.33415567 5.67959771925 -1130.47 2264.94 -0.00107723
5007.50635579 5.42360387748 -1044.78 2093.56 -0.00180117
4848.65390104 5.77605885684 -1139.05 2282.1 -0.00022062
5460.17320224 5.27872154405 -1072.76 2149.52 -1.0129e-06
5429.20066047 5.37094400356 -1105.85 2215.7 -0.000313064
4183.53591143 5.79452209373 -991.136 1986.272 -0.000118244
5256.8993064 5.43105548346 -1094.88 2193.76 -6.36854e-08
4181.06710002 5.77191124699 -982.688 1969.376 -0.00378594
4691.8075487 5.48013408644 -1010.47 2024.94 -4.77512e-07
4534.72972311 5.80853948161 -1086.95 2177.9 -0.00180589
4805.40704875 5.52523493496 -1040.07 2084.14 -3.66064e-08
4845.17757 5.56041545127 -1076.79 2157.58 -1.36853e-08
4927.59185859 5.50666370234 -1058.42 2120.84 -0.0213161
4264.38554308 5.85337985176 -1030.15 2064.3 -0.000755856
4719.85520416 5.38806322887 -977.282 1958.564 -3.34637e-05
5483.53724377 5.27307215899 -1083.18 2170.36 -0.00119782
5270.77807847 5.15800279692 -1004.36 2012.72 -2.58168e-06
4827.69348725 5.37212130736 -995.162 1994.324 -0.00513765
4477.13587446 5.51756293545 -968.001 1940.002 -8.21371e-05
5490.90212272 5.51751052402 -1185.49 2374.98 -5.55043e-06
5264.83405921 5.49757440616 -1125.15 2254.3 -3.83965e-06
5142.10627846 5.43074132678 -1056.95 2117.9 -2.97941e-05
4961.56776007 5.25898809793 -973.016 1950.032 -8.11104e-05
4894.22676106 5.24151283009 -967.956 1939.912 -8.36141e-05
5031.08050158 5.64157393302 -1123.75 2251.5 -1.49431e-05
4895.72915749 5.42076863386 -1020.96 2045.92 -9.46237e-06
4640.42033815 5.36976804763 -947.777 1899.554 -8.34876e-05
4766.72606374 5.39705645116 -1017.23 2038.46 -3.44931e-05
5053.6269549 5.21364957431 -985.729 1975.458 -2.42685e-07
5144.30404917 5.54491564473 -1134.93 2273.86 -7.34072e-05
4482.53371753 5.20621880237 -887.056 1778.112 -0.000264852
4941.08886567 5.53987695241 -1065.94 2135.88 -8.74269e-05
4670.03657749 5.56706993103 -1015.01 2034.02 -0.00137442
5291.60116478 5.47822157164 -1128.11 2260.22 -1.59597e-05
5161.60572761 5.41642696441 -1084.98 2173.96 -0.000232275
5027.46824114 5.40857366112 -1052.8 2109.6 -1.00518e-06
5735.96041805 4.93911742031 -1003.59 2011.18 -2.99913e-06
4992.59345372 5.42396900713 -1050.89 2105.78 -0.00274247
5004.86818738 5.35992228639 -1020.35 2044.7 -1.11548e-05
5054.83595358 5.17948401274 -968.638 1941.276 -1.09547e-05
4748.77227994 5.53692445143 -1023.51 2051.02 -0.00106405
4873.49084298 5.48259472502 -1037.04 2078.08 -0.024054
5199.83466067 5.5452009606 -1150.69 2305.38 -0.000122323
4266.85002309 5.86318278488 -1033.24 2070.48 -1.44809e-05
5336.41500213 5.44615443603 -1109.62 2223.24 -0.0291109
5195.18998671 5.38141435968 -1066.31 2136.62 -4.65206e-05
5017.27920704 5.33966477671 -1019.41 2042.82 -0.00704146
5469.39398152 5.14963364007 -1049.24 2102.48 -0.0093514
5109.02010667 5.25051109554 -1002.31 2008.62 -6.07851e-09
5372.41807194 5.64122694989 -1202.92 2409.84 -1.98797e-05
4500.27578927 5.41327730338 -954.01 1912.02 -0.00252982
5114.21464578 5.15909749809 -979.969 1963.938 -1.92741e-06
4742.18888768 5.57620880893 -1056.34 2116.68 -6.25886e-05
5218.65403208 5.43790121946 -1088.57 2181.14 -0.000168736
5050.21585839 5.40239939287 -1032.08 2068.16 -0.00426603
5371.32533901 5.2985828841 -1054.61 2113.22 -1.068e-05
4712.59406421 5.21764905526 -919.147 1842.294 -1.66153e-06
5061.72760533 5.24091314994 -994.77 1993.54 -2.65146e-05
4446.10356851 5.82935504797 -1058.34 2120.68 -2.08094e-06
5394.96443028 5.34381178793 -1106.66 2217.32 -7.56329e-06
4383.11681948 5.5381890433 -958.081 1920.162 -0.000178021
4718.49250868 5.57290460837 -1038.44 2080.88 -0.000218731
4775.52435601 5.44728819465 -1008.55 2021.1 -4.69612e-05
5129.91561543 5.51371988144 -1121.48 2246.96 -4.00163e-07
4944.2921802 5.37245282365 -1010.69 2025.38 -0.000416956
4805.50912786 5.44625927475 -1003.1 2010.2 -2.58683e-05
5338.31604619 5.17532927618 -1005.47 2014.94 -6.64285e-07
5249.18079726 5.48835886797 -1117.97 2239.94 -0.0125121
4699.90863136 5.55394850796 -1035.31 2074.62 -0.0083088
4594.72913127 5.56027771728 -1016.25 2036.5 -5.08145e-05
5320.54677839 5.39593890301 -1089.94 2183.88 -3.82114e-08
5509.31906535 5.21520693664 -1066.82 2137.64 -2.78248e-07
4861.69358198 5.59141285512 -1085.05 2174.1 -1.82682e-07
5018.26524763 5.5236334536 -1107.9 2219.8 -0.00762789
5572.81772161 5.22363049293 -1074.17 2152.34 -3.00849e-08
4334.56445033 5.72793415711 -1002.28 2008.56 -2.95888e-05
4880.56509592 5.60928558936 -1102.71 2209.42 -3.00536e-07
4784.78747633 5.40571664485 -988.711 1981.422 -1.77193e-05
5294.65540457 5.24755109451 -1033.84 2071.68 -2.45244e-07
4730.85104512 5.66422380644 -1092.63 2189.26 -5.89536e-05
5465.64771038 5.26483916778 -1061.8 2127.6 -4.11139e-06
4415.747251 5.50974356601 -965.046 1934.092 -1.32e-05
5401.99686115 5.41008899336 -1113.2 2230.4 -4.14854e-05
4307.65145313 5.76466170557 -1000.77 2005.54 -0.000110972
4679.24134157 5.45558605984 -985.699 1975.398 -2.62219e-08
4741.78795647 5.64401456751 -1087.47 2178.94 -1.79639e-05
5320.33736028 5.1876353785 -1024.51 2053.02 -1.64675e-06
5217.81355389 5.36509903992 -1069.93 2143.86 -1.7752e-05
5231.82959578 5.29168909326 -1044.92 2093.84 -5.93385e-06
5490.07894615 5.23822054477 -1056.54 2117.08 -0.004292
5251.08079378 5.351796783 -1060.59 2125.18 -5.2175e-05
4725.27451528 5.46458990723 -1014.32 2032.64 -2.87929e-05
5571.46054643 5.14387422652 -1046.74 2097.48 -3.50318e-05
5275.78123612 5.38637789115 -1096.85 2197.7 -8.89196e-08
5357.99678484 5.35930688765 -1094.74 2193.48 -0.000930258
5075.53343199 5.38356983292 -1042.27 2088.54 -0.00267368
5287.53614762 5.2945553445 -1074.08 2152.16 -5.9651e-06
4583.12524851 5.54660671322 -1006.35 2016.7 -1.6464e-07
4950.65066168 5.43395859222 -1027.03 2058.06 -3.18271e-06
4546.79622422 5.37454794213 -922.524 1849.048 -4.81551e-05
4914.17055094 5.31705095357 -973.877 1951.754 -9.95067e-06
5560.46638792 5.34155367542 -1128.36 2260.72 -0.00614647
5364.4664147 5.11543022249 -1008.59 2021.18 -8.75591e-05
5389.38319505 5.06708996026 -986.829 1977.658 -0.00152846
4910.77161381 5.28579445842 -980.216 1964.432 -0.000473528
4334.39741686 5.77642884962 -1030.03 2064.06 -2.64354e-07
4881.28791855 5.34209948196 -982.999 1969.998 -9.26333e-05
4836.22255303 5.38819727404 -995.728 1995.456 -2.8884e-06
4832.25107831 5.23100190096 -952.428 1908.856 -0.00751107
4669.77552003 5.68128361437 -1076.47 2156.94 -0.000313886
5475.53741854 5.34918299357 -1128.13 2260.26 -0.000511594
5618.1422752 5.20393634721 -1084.23 2172.46 -0.00635596
5245.88969608 5.34500283724 -1066.85 2137.7 -0.000251771
4777.6791453 5.3654368672 -980.421 1964.842 -0.0112315
5212.31104077 5.2201610826 -1015.52 2035.04 -1.84883e-06
5257.96606816 5.34689383168 -1068.79 2141.58 -2.64532e-05
4654.55650481 5.6599930567 -1050.28 2104.56 -4.45343e-06
4843.64161095 5.38243165333 -1016.75 2037.5 -2.87365e-06
5098.38801757 5.35590977058 -1038.92 2081.84 -1.8789e-06
4533.75219087 5.83230643962 -1073.97 2151.94 -0.00357015
5170.78259388 5.2495833686 -1024.06 2052.12 -0.00823548
4406.66280149 5.78252675494 -1026.76 2057.52 -4.07385e-07
5017.69296314 5.55623553324 -1065.74 2135.48 -2.58695e-07
5354.42994743 5.24805751086 -1059.74 2123.48 -2.45702e-08
4388.69076866 5.61873133489 -979.782 1963.564 -2.75939e-07
4959.56326481 5.43814155582 -1058.72 2121.44 -8.8885e-07
5504.98337717 5.19774508727 -1055.4 2114.8 -0.000502598
4731.17478734 5.73085085733 -1095.08 2194.16 -0.00184807
4866.72572566 5.37586646123 -1001.86 2007.72 -6.2131e-06
4493.80914164 5.82162199098 -1067.03 2138.06 -0.000346951
4846.09655235 5.35785289022 -996.433 1996.866 -1.5601e-06
5297.99931645 5.30814192157 -1066.6 2137.2 -0.000406701
4845.03336909 5.46022919252 -1035 2074 -0.00204031
4977.70766697 5.48983047334 -1046.38 2096.76 -0.0131526
5101.28591951 5.4822500015 -1088.35 2180.7 -0.00443594
5230.04383466 5.56408132406 -1123.31 2250.62 -1.67919e-07
4395.91176471 5.67276041948 -1005.61 2015.22 -0.000334994
4684.10535458 5.57836836381 -1026.77 2057.54 -3.02917e-05
4643.05376899 5.72646138249 -1089.27 2182.54 -0.000376719
5696.91092974 5.31003680467 -1128.44 2260.88 -0.000631409
5450.91048898 5.4263456531 -1128.83 2261.66 -9.83529e-05
5023.16249954 5.30227488077 -993.305 1990.61 -5.11492e-05
5223.51847965 5.20155923527 -992.953 1989.906 -1.39385e-07
5140.91447201 5.2384690057 -1002.69 2009.38 -4.36878e-08
4932.96826838 5.48055018263 -1040.28 2084.56 -1.64358e-05
4344.87127644 5.70646534662 -1006.09 2016.18 -0.000925656
4394.67173999 5.69790445171 -1013.6 2031.2 -0.0148945
5091.16667125 5.38279551877 -1052.69 2109.38 -3.41843e-06
4755.9446764 5.12488949759 -892.273 1788.546 -3.12339e-05
5096.1580126 5.44346483908 -1086.17 2176.34 -1.65383e-05
4444.15074897 5.5701098035 -966.175 1936.35 -6.63806e-05
4154.76248618 5.67057887101 -944.198 1892.396 -0.00850891
4633.8071465 5.5740858179 -1009.1 2022.2 -2.08755e-06
5902.61786684 5.10286777119 -1089.59 2183.18 -5.62024e-06
4842.02901588 5.41759303632 -1023.51 2051.02 -2.09824e-05
5011.30442621 5.45335535569 -1065.94 2135.88 -0.000750194
4885.7870507 5.38368003704 -1027.61 2059.22 -1.37711e-06
5328.39332478 5.52300077281 -1149.7 2303.4 -7.56839e-07
5285.51135152 5.28548366259 -1041.96 2087.92 -0.000803088
5398.48430145 5.18678075869 -1050.9 2105.8 -0.00102337
5322.50939982 5.35328468472 -1088.23 2180.46 -5.1051e-05
4624.17835685 5.7425238817 -1088.35 2180.7 -0.00294073
5287.99468079 5.43972246618 -1113.66 2231.32 -4.51623e-08
5085.85332554 5.45114553165 -1080.03 2164.06 -2.96546e-05
4566.53097963 5.56057421391 -1001.3 2006.6 -8.40134e-05
5107.33636259 5.33855506684 -1027.37 2058.74 -0.00341513
4846.33364877 5.32354236481 -979.766 1963.532 -6.69238e-05
5579.9405723 4.99551556714 -1001.83 2007.66 -4.21298e-07
5094.54072417 5.2609833843 -993.829 1991.658 -5.03507e-06
4924.97681737 5.40939563926 -1020.91 2045.82 -4.18727e-06
5759.4669083 5.10379849261 -1069.01 2142.02 -3.17843e-05
4788.40555916 5.43707395831 -1005.78 2015.56 -4.46673e-05
4956.85031002 5.39614495906 -1023.23 2050.46 -1.527e-06
5506.14270535 5.16636288451 -1042.68 2089.36 -0.00136307
4939.79588625 5.47527923495 -1050.56 2105.12 -1.86691e-05
5297.92988941 5.47366791368 -1130 2264 -0.00825147
5462.67288736 5.25666293603 -1081.5 2167 -0.0045811
4864.08889546 5.57850685486 -1059.05 2122.1 -1.08905e-07
4947.49482682 5.61070523238 -1096 2196 -3.52294e-05
4864.62688585 5.60006293282 -1072.57 2149.14 -1.10563e-07
5117.7037553 5.51231187468 -1126.35 2256.7 -0.000737898
5090.0405327 5.40514849981 -1056.09 2116.18 -5.72935e-07
4576.63502573 5.40996990695 -952.758 1909.516 -1.64486e-06
5913.54680226 5.04809631617 -1075.88 2155.76 -9.79069e-06
4757.54667715 5.79705107031 -1123.79 2251.58 -0.00194203
4284.24245646 5.67592117711 -980.6 1965.2 -0.000182284
4466.55975226 5.52663071929 -965.533 1935.066 -0.0155336
4278.14649138 5.61948218289 -966.666 1937.332 -8.3924e-06
4892.01878102 5.46813867546 -1035.92 2075.84 -0.00625495
5056.58388719 5.29962142201 -1007.15 2018.3 -1.51346e-06
4800.96957872 5.53999329957 -1035.82 2075.64 -0.0079874
5301.44178616 5.44038201545 -1106.11 2216.22 -0.000174001
4852.42319705 5.63175329466 -1097.45 2198.9 -6.96853e-05
4815.31100072 5.55088318245 -1063.26 2130.52 -2.28986e-07
4246.75845257 5.71038911579 -975.196 1954.392 -0.00116959
4975.16015183 5.46999967638 -1066.35 2136.7 -0.0013384
5353.11540928 5.20720864983 -1053.23 2110.46 -3.94703e-07
4898.91928951 5.31735868006 -985.437 1974.874 -1.22375e-05
4621.08022745 5.43278472864 -967.979 1939.958 -0.00140185
5067.22117505 5.49717774183 -1068.2 2140.4 -0.00167008
5346.27849557 5.1909212812 -1034.52 2073.04 -0.00376111
5323.65574891 5.17480327882 -1004.16 2012.32 -1.69968e-07
5259.38260742 5.34588651206 -1080.72 2165.44 -0.0060409
5183.06891441 5.21928361646 -1021.13 2046.26 -0.000166666
5357.88095022 5.46141352789 -1115.67 2235.34 -0.00194974
4864.94452893 5.21777020744 -953.05 1910.1 -8.13073e-05
5096.46484572 5.31402747074 -1029.3 2062.6 -6.87317e-07
4760.48054233 5.41348471013 -988.379 1980.758 -4.12344e-05
4140.27932228 5.78568725161 -956.941 1917.882 -8.65265e-05
5136.64199859 5.48764767633 -1093.82 2191.64 -0.0152529
4867.15051837 5.48756067243 -1041.47 2086.94 -0.0187039
4284.87921012 5.50061762021 -916.653 1837.306 -9.57934e-05
4810.33535941 5.75331588586 -1100.84 2205.68 -0.000332332
4890.98408824 5.42443544482 -1005.35 2014.7 -9.67261e-06
4512.41484468 5.49954043872 -959.926 1923.852 -1.27393e-06
5052.92212132 5.55062803586 -1111.18 2226.36 -3.44923e-06
4923.31724391 5.6080972719 -1087.85 2179.7 -4.98195e-05
4557.80287482 5.81121408784 -1072.45 2148.9 -0.000283847
5383.92550053 5.54350322326 -1172.44 2348.88 -6.62796e-05
5060.56518731 5.3512788496 -1033.67 2071.34 -1.07288e-06
5535.89082986 5.1569694727 -1031.12 2066.24 -0.000930832
4664.77345245 5.47898880582 -989.799 1983.598 -0.0064251
5361.16880612 5.27457739118 -1059.26 2122.52 -0.00867998
5110.5476013 5.41141685782 -1064.15 2132.3 -0.000269942
5424.43229008 5.27239811738 -1078.91 2161.82 -0.00893297
5300.22933031 5.50266494114 -1138.95 2281.9 -0.00149185
4062.86703673 5.83546916249 -977.104 1958.208 -2.44889e-06
4631.47996058 5.65656562276 -1045.15 2094.3 -4.76097e-05
5701.14086322 5.14057988359 -1066.45 2136.9 -3.32488e-07
4898.40638739 5.30645502737 -971.69 1947.38 -0.00011601
5522.60378229 5.24686068412 -1087.7 2179.4 -9.4327e-08
4832.58589847 5.27685742303 -943.874 1891.748 -7.86453e-05
5075.9412429 5.42637464636 -1075.51 2155.02 -1.68469e-05
4928.88144283 5.31715331353 -1003.17 2010.34 -0.00103244
4759.1110641 5.33381187622 -957.77 1919.54 -2.46884e-07
5737.39625121 5.11764683673 -1063.78 2131.56 -0.00889863
5058.76875229 5.4068399541 -1041.64 2087.28 -5.93187e-07
4943.41592714 5.54894554484 -1082.42 2168.84 -6.88816e-05
4995.723158 5.25603620318 -984.192 1972.384 -1.99721e-05
4510.86018642 5.66691198824 -1017.64 2039.28 -2.35297e-05
5369.87528612 5.24783822294 -1075.9 2155.8 -0.0323547
4905.89998088 5.50155727353 -1055.47 2114.94 -7.51133e-06
4308.14964451 5.39139642167 -900.879 1805.758 -0.00169913
5954.1689241 5.27002298751 -1183.52 2371.04 -0.00124773
4793.52677868 5.43302476125 -1002.9 2009.8 -3.76792e-05
4521.6068219 5.59877720318 -997.32 1998.64 -3.37694e-07
5341.91877344 5.25668496946 -1065.56 2135.12 -2.3614e-05
4950.28576708 5.54360331118 -1093.67 2191.34 -0.000163832
4121.10814972 5.75345319944 -962.434 1928.868 -0.00319508
5018.71176867 5.29453064941 -1011.25 2026.5 -3.18672e-05
5127.89845698 5.31278129927 -1032.95 2069.9 -1.73151e-07
5589.74753509 5.28231764612 -1112.44 2228.88 -1.21584e-05
4705.15220005 5.48084102694 -997.151 1998.302 -0.0197592
4494.04585948 5.61064359092 -1011.73 2027.46 -1.8032e-07
4480.41069878 5.49063546514 -969.036 1942.072 -3.06169e-06
4713.43543605 5.61105730564 -1052.14 2108.28 -0.000164722
4881.75759514 5.58645440357 -1072.83 2149.66 -8.02259e-08
4442.9935283 5.53484784398 -978.136 1960.272 -0.000637717
4900.93229267 5.36083726214 -1003.29 2010.58 -1.4046e-06
5479.60246824 5.31618962754 -1108.39 2220.78 -7.88152e-05
4896.55976746 5.19405099256 -943.764 1891.528 -6.69478e-07
5359.66932006 5.41949445768 -1126.26 2256.52 -0.00420506
4567.11119769 5.52475668117 -981.17 1966.34 -4.85642e-07
5719.54653587 5.23694754118 -1116.56 2237.12 -0.000114594
5540.01195431 5.19486635739 -1076.76 2157.52 -5.12669e-07
4947.51759911 5.55661327769 -1082.83 2169.66 -4.88362e-05
5046.71590146 5.39416789454 -1043.34 2090.68 -2.45459e-07
5089.63564319 5.31902014493 -1017.89 2039.78 -0.0173436
4729.66202533 5.58643216054 -1048.65 2101.3 -0.000244801
5498.13427236 5.30362986768 -1098.97 2201.94 -1.65375e-05
5298.96769244 5.48315255952 -1129.06 2262.12 -1.66232e-05
5202.3947862 5.32327943711 -1052.58 2109.16 -0.00105793
5061.14416113 5.55498941492 -1087.97 2179.94 -0.00157713
5180.85752699 5.26391869892 -1029.43 2062.86 -8.11452e-07
4854.95888022 5.50826969178 -1041.12 2086.24 -6.43966e-05
4888.05366446 5.33692431162 -1002.74 2009.48 -6.56272e-05
4643.14790509 5.51998593602 -1013.6 2031.2 -0.000738757
5221.5123725 5.39397296807 -1070.67 2145.34 -0.00014509
5324.19378993 5.22708041928 -1042.43 2088.86 -2.46163e-05
5206.08508236 5.37354353933 -1076.7 2157.4 -3.99153e-05
5276.0538671 5.55077528117 -1152.11 2308.22 -0.000133017
5242.71200745 5.63628399353 -1182.72 2369.44 -6.81604e-06
5017.20682743 5.32872200987 -1025.82 2055.64 -0.000440888
5154.21455314 5.54795115978 -1121.57 2247.14 -0.00223739
4992.31798931 5.43510178065 -1061.74 2127.48 -9.94136e-05
5304.44266189 5.19856957346 -1017.55 2039.1 -1.10753e-08
4935.01207184 5.4679796916 -1046.19 2096.38 -4.99284e-05
4663.57465221 5.81010859571 -1116.24 2236.48 -4.77454e-05
5299.0857756 5.15985226535 -1001.2 2006.4 -0.00270835
4961.10269046 5.25933416322 -981.18 1966.36 -6.6563e-05
5245.35055941 5.5630542433 -1130.16 2264.32 -0.000521625
5072.01523637 5.37536092989 -1033.69 2071.38 -0.00667364
5095.35189043 5.55020903366 -1113.66 2231.32 -0.0120293
4743.6533415 5.36916427183 -974.001 1952.002 -3.33695e-05
5432.00141542 5.4994492491 -1151.72 2307.44 -0.00527523
4939.43368163 5.5302673957 -1051.12 2106.24 -6.21558e-08
4853.23093349 5.58714609715 -1076.73 2157.46 -1.23321e-08
4828.22980136 5.60715040843 -1063.04 2130.08 -5.35852e-08
4817.19825611 5.57165401636 -1037.19 2078.38 -2.99203e-08
4740.0829306 5.33715721616 -946.408 1896.816 -0.0020771
4852.5268881 5.4767351106 -1027.96 2059.92 -0.00072771
5350.45090022 5.34401618235 -1090.06 2184.12 -5.84823e-05
5141.86181947 5.313432763 -1029.78 2063.56 -7.60124e-07
4866.6538335 5.63130414963 -1092.96 2189.92 -0.00268627
5329.60902022 5.26520436126 -1050.68 2105.36 -5.83029e-06
4828.3036468 5.34886493536 -974.328 1952.656 -5.3211e-06
5327.19558332 5.5035993474 -1136.73 2277.46 -6.73424e-05
4965.48238782 5.35641570262 -1002.66 2009.32 -2.16348e-05
5316.14322251 5.10563407482 -994.93 1993.86 -2.39503e-05
4833.87213788 5.61365735414 -1082.79 2169.58 -0.000328529
5026.83273296 5.32157561141 -1007.46 2018.92 -4.85668e-05
5072.64484662 5.37489472423 -1031.63 2067.26 -0.00735261
5139.17663245 5.58006164694 -1138.57 2281.14 -0.00033896
4343.90171717 5.73156100537 -1003.48 2010.96 -0.000942378
4770.57404141 5.4398152801 -1002.15 2008.3 -5.38962e-05
4988.89971654 5.49211797297 -1060 2124 -0.000831856
4860.13657808 5.36966149786 -995.051 1994.102 -8.42653e-06
5245.8931169 5.47008745674 -1116.14 2236.28 -0.000551508
5072.47610134 5.36418906737 -1043.91 2091.82 -0.012728
4469.28699026 5.8086291036 -1051.34 2106.68 -6.86833e-05
4357.75447364 5.71902121499 -989.645 1983.29 -1.83536e-05
5463.00412915 5.46779887829 -1151.46 2306.92 -0.000136252
4994.13341326 5.21249149361 -975.941 1955.882 -1.62477e-05
5045.98589251 5.44880363642 -1062.49 2128.98 -0.010384
4876.85937038 5.53533804676 -1070.62 2145.24 -4.66218e-05
4551.58864321 5.72479120084 -1046.94 2097.88 -0.000907084
4880.12918683 5.5548015121 -1064.01 2132.02 -0.000274615
5260.98293036 5.15405932754 -1001.16 2006.32 -1.55779e-06
4999.75751501 5.49464946962 -1080.76 2165.52 -4.59777e-07
4667.35465943 5.61509299469 -1030.06 2064.12 -0.00138751
5185.59028406 5.42001949314 -1079.47 2162.94 -2.98601e-08
5159.6323708 5.33275152733 -1043.01 2090.02 -7.15846e-08
5643.40952521 4.95563140469 -988.536 1981.072 -5.40196e-06
5000.64310495 5.43969266384 -1063.15 2130.3 -0.0038526
5333.48385676 5.21018604516 -1036.43 2076.86 -0.0118184
4995.61190386 5.45440022544 -1048.79 2101.58 -4.60957e-06
5233.15362957 5.62306937688 -1162.15 2328.3 -7.44001e-05
4456.90887941 5.57108807134 -979.62 1963.24 -7.08181e-06
5160.03884177 5.33245749363 -1036.61 2077.22 -1.71365e-08
4623.77039424 5.58246309588 -1018.23 2040.46 -0.00303441
4393.4019235 5.81817583018 -1055.05 2114.1 -2.62677e-05
5173.66654951 5.35459595802 -1051.03 2106.06 -9.29992e-08
4745.32739117 5.37941183675 -970.665 1945.33 -1.48854e-05
4782.51772709 5.40750676362 -980.252 1964.504 -2.22535e-05
5385.79607395 5.48202639288 -1140.84 2285.68 -2.86237e-05
4420.74901306 5.44407079004 -930.93 1865.86 -0.00113172
5385.77115657 5.37061478233 -1093.55 2191.1 -3.09586e-05
4655.12515944 5.41678472799 -978.271 1960.542 -3.40997e-05
4778.73682701 5.52408573958 -1028.49 2060.98 -0.000422698
4889.53913111 5.52537089123 -1084.76 2173.52 -6.52505e-07
5054.90422208 5.47435758283 -1090.99 2185.98 -0.0118298
4715.73017042 5.62047113494 -1029.36 2062.72 -2.29464e-07
4275.34383769 5.80669404759 -1007.67 2019.34 -0.00419506
5031.21648262 5.48150798247 -1074.93 2153.86 -2.30307e-05
4985.05267313 5.60286219634 -1094.52 2193.04 -0.017982
5632.31441249 5.22454861711 -1097.86 2199.72 -2.35934e-05
4276.96965912 5.60808846898 -957.824 1919.648 -3.94637e-06
5117.25725621 5.39577054329 -1059.34 2122.68 -0.00134886
5261.40140726 5.64265742454 -1185.61 2375.22 -8.55157e-05
4778.9273964 5.45596836751 -1002.75 2009.5 -0.012877
4986.01652681 5.48346731225 -1067.25 2138.5 -5.28769e-07
4856.77046078 5.57330304305 -1061.98 2127.96 -2.21094e-08
5367.27913044 5.2703635443 -1072.35 2148.7 -0.000327663
4708.78285848 5.48940604377 -1002.76 2009.52 -0.0118839
4858.66021239 5.71390548713 -1113.16 2230.32 -1.21756e-05
4790.63538579 5.57068547841 -1057.53 2119.06 -1.20209e-05
5081.77375158 5.27025575293 -1008.64 2021.28 -2.70523e-06
4878.72150457 5.29875975722 -976.361 1956.722 -0.000125574
5735.33763881 5.21706134059 -1107.92 2219.84 -0.00443706
4975.69499865 5.45867634992 -1055.69 2115.38 -0.00356465
4845.72661383 5.59313413748 -1063.61 2131.22 -2.17319e-08
4471.01947835 5.30280554163 -900.465 1804.93 -1.1043e-06
4664.26613696 5.6745745585 -1061.67 2127.34 -0.000322614
4814.00276761 5.71758350145 -1104.87 2213.74 -5.37819e-06
4631.91576703 5.45919143354 -979.672 1963.344 -8.36517e-05
4490.32248823 5.56623457781 -984.816 1973.632 -0.000143025
4417.80577505 5.72506328382 -1018.56 2041.12 -2.05363e-05
4959.21347771 5.40538634719 -1019.82 2043.64 -0.0175364
4588.24289307 5.69326711446 -1050.75 2105.5 -0.000794749
4911.25493053 5.66089488618 -1113.28 2230.56 -6.59616e-06
4836.66478784 5.5561030925 -1060.93 2125.86 -2.25611e-07
5294.39627715 5.35237030388 -1072.13 2148.26 -0.000100127
4649.55962739 5.57252559269 -1017.12 2038.24 -0.00103617
4268.15122007 5.42659972299 -898.253 1800.506 -3.91411e-07
4929.54979349 5.35022865201 -999.791 2003.582 -3.93122e-05
5229.39975176 5.34625717282 -1069.24 2142.48 -7.78416e-05
5022.39520899 5.30284253935 -1018.48 2040.96 -5.74419e-05
5284.89441783 5.46252763154 -1128.91 2261.82 -0.0185536
4504.05813558 5.75462338137 -1072.37 2148.74 -0.0039784
4822.61152723 5.54505403141 -1054.02 2112.04 -7.91443e-05
4888.34679252 5.44876673588 -1036.96 2077.92 -3.118e-06
4603.09096856 5.37633034983 -956.137 1916.274 -6.00707e-07
4941.66767865 5.46285251353 -1052.1 2108.2 -5.97007e-05
4695.93826191 5.6368294363 -1045.62 2095.24 -6.66577e-08
5192.31509961 5.54041534273 -1120.51 2245.02 -0.00122097
4856.5979445 5.36107958045 -1000.57 2005.14 -5.40546e-06
4557.41917003 5.48551070863 -990.196 1984.392 -7.35803e-07
4258.67022512 5.9071419016 -1051.21 2106.42 -0.0013736
4839.6043925 5.60905830979 -1069.57 2143.14 -0.000468524
4886.20938736 5.52798448444 -1057.42 2118.84 -0.000190507
4957.39196273 5.42880655148 -1028.89 2061.78 -2.97374e-06
5311.04100699 5.22565590863 -1023.53 2051.06 -2.00233e-07
5636.33923174 5.0313201429 -1030.02 2064.04 -4.87844e-07
4766.85802473 5.49968141234 -1024.3 2052.6 -0.0022088
4961.96125001 5.28110631485 -985.68 1975.36 -8.26848e-05
4807.47784657 5.42202768803 -1018.56 2041.12 -3.73148e-05
4792.40277179 5.56926189411 -1041.4 2086.8 -0.00917628
4422.70089777 5.64902970059 -983.442 1970.884 -8.50175e-05
5002.20767302 5.76922426753 -1190.05 2384.1 -7.45276e-05
5017.39029801 5.4487474242 -1056.65 2117.3 -0.000826386
4832.44242585 5.70255557807 -1102.86 2209.72 -0.000195422
5512.49748868 5.36404559259 -1138.48 2280.96 -3.10531e-05
4658.00569424 5.57702709922 -1035.57 2075.14 -5.63832e-05
5692.5271539 5.0963639559 -1050.46 2104.92 -4.23481e-06
4623.5455919 5.70896142704 -1053.96 2111.92 -1.76768e-06
5197.50525405 5.43235501417 -1089.24 2182.48 -1.72383e-07
5250.31235241 5.48753597064 -1125.07 2254.14 -1.18642e-07
4609.10435073 5.69841320279 -1062.66 2129.32 -2.20923e-05
4675.41212665 5.52813608999 -1020.77 2045.54 -0.0020249
5266.04913792 5.25697846104 -1030.61 2065.22 -2.08172e-07
4749.72470353 5.45643758567 -1000.67 2005.34 -4.07562e-05
5006.1072436 5.31492460277 -1011.38 2026.76 -6.81258e-07
5147.39667943 5.59467625123 -1154.41 2312.82 -0.000656426
4762.36538963 5.44634637269 -993.461 1990.922 -5.90891e-05
4840.09130369 5.54227131779 -1040.68 2085.36 -0.000689339
4768.25079661 5.76622099734 -1103.52 2211.04 -0.00343466
5056.52536685 5.28870038226 -998.422 2000.844 -2.23425e-07
5155.01970005 5.25004334268 -1021.22 2046.44 -0.0255408
5203.31469277 5.46995065074 -1093.03 2190.06 -8.49926e-08
5336.13482637 5.51743562637 -1154.03 2312.06 -1.55274e-06
4780.84828624 5.47715523442 -1030.63 2065.26 -0.00241875
5187.84411086 5.35497154067 -1062.03 2128.06 -1.95747e-08
5107.34669524 5.22987040428 -996.402 1996.804 -7.07652e-05
5430.87447627 4.97636424273 -946.913 1897.826 -0.000330076
5436.17799346 5.22336249264 -1047.14 2098.28 -5.93698e-06
4042.60115592 5.7135065403 -915.944 1835.888 -0.00566326
4534.13386762 5.58806707235 -997.632 1999.264 -0.0173409
5091.21477194 5.17550302277 -960.922 1925.844 -2.89041e-05
4870.24203072 5.44052829574 -1018.96 2041.92 -0.0121275
5738.77701256 5.33108185419 -1156.24 2316.48 -1.30743e-05
5026.86984621 5.39813911337 -1034.41 2072.82 -0.00831202
4819.65657657 5.29828689642 -963.732 1931.464 -4.06653e-05
5259.86271041 5.32456871441 -1071.7 2147.4 -0.0221592
5539.81584135 5.36540154835 -1121.34 2246.68 -1.49109e-05
5243.58325918 5.36763327776 -1057.68 2119.36 -1.11321e-05
5177.18527059 5.33075499279 -1018.98 2041.96 -0.00118728
4907.42088668 5.29962235572 -979.046 1962.092 -5.98728e-05
4727.584497 5.49712492394 -985.676 1975.352 -2.24569e-05
5414.78775716 5.22754035757 -1065.25 2134.5 -4.90841e-08
5425.65361814 5.24077129294 -1053.28 2110.56 -3.63887e-07
5588.34792895 5.36233710529 -1157.96 2319.92 -2.03319e-06
4946.81527978 5.46987184544 -1035.84 2075.68 -2.54718e-05
4789.73532575 5.43602191224 -1008.49 2020.98 -4.63352e-05
5047.51063295 5.58660693544 -1120.09 2244.18 -1.32551e-05
4860.43345194 5.53724396258 -1030.21 2064.42 -0.000293443
5394.52870542 5.08476520787 -989.861 1983.722 -0.0301574
5666.6346456 5.24175006361 -1107.56 2219.12 -0.00441888
5382.43349389 5.33202998376 -1082.28 2168.56 -7.02726e-05
4756.6628805 5.50787001122 -1037.02 2078.04 -6.4826e-06
4769.77350213 5.67674779958 -1083.16 2170.32 -3.16906e-05
4483.89774635 5.78402214602 -1068.52 2141.04 -1.2113e-06
4317.87207618 5.66993723106 -982.643 1969.286 -1.32546e-05
4786.640582 5.39281924259 -990.935 1985.87 -1.6413e-05
4384.94401748 5.7306012035 -1010.78 2025.56 -0.000194272
