"D" "g0" "sigma" "z" "logLik" "AIC" "maxgrad"
5548.22429924 0.975500265899 6.89805419096 7.17677980994 -1075.6 2159.2 -0.0021888
4918.05710302 0.926737836336 7.42760104106 9.10556567118 -983.199 1974.398 -4.20746e-06
5569.19273462 0.98238315075 7.00742770768 7.75383212331 -1071.99 2151.98 -0.000104113
4985.63020904 0.999999929713 6.92052890014 6.90521998933 -1015.88 2039.76 -0.000127775
4635.8533014 0.950441009197 7.31418986388 7.44021582018 -939.066 1886.132 -4.81874e-05
5813.57989338 0.959687206067 6.78734230016 7.31915742996 -1053.36 2114.72 -8.85447e-05
5837.86096182 0.998359857099 6.39280805645 6.39780567373 -1048.87 2105.74 -0.000480599
4971.86704086 0.999999832904 6.41648379488 5.41321402443 -1000.51 2009.02 -0.00159099
5281.3538139 0.99999975313 6.95472658675 7.12623813293 -1055.36 2118.72 -8.13586e-05
5307.48249803 0.999999876118 6.56135783932 6.21929975392 -1019.68 2047.36 -7.46862e-05
4690.82091157 0.912396220105 7.54985187966 7.858664381 -986.811 1981.622 -0.00127838
5313.17903892 0.999999827454 6.86837305767 8.46699884979 -969.242 1946.484 -0.00105629
5369.76675335 0.999999950838 6.86425831259 6.99391615016 -1046.65 2101.3 -8.97586e-05
5319.86055639 0.999999873744 6.52630470481 5.77426093183 -1050.38 2108.76 -0.000746095
5715.36072561 0.999999871296 6.50945924226 5.98027866952 -1088.6 2185.2 -4.72851e-05
5553.16078788 0.999999853134 6.66227101819 6.65635424107 -1042.66 2093.32 -8.77226e-06
4893.34678276 0.99999981785 6.90409995753 6.36901423996 -987.404 1982.808 -0.00281225
5279.58210093 0.942949473884 7.06405465661 6.72690635149 -1077.84 2163.68 -3.67451e-06
5062.48391969 0.935436915053 7.14080239111 8.51347447499 -942.281 1892.562 -5.76879e-05
5243.71271115 0.992444400972 6.80893070577 5.72019491744 -1141.06 2290.12 -8.7194e-05
5210.70308188 0.987448898072 6.61934634473 6.17407242134 -997.901 2003.802 -1.32912e-05
5145.18252677 0.978810123829 6.79263840833 7.54722728973 -940.444 1888.888 -0.000916018
4974.52797107 0.821607664142 7.87747778329 10.0297373097 -985.027 1978.054 -0.0028711
5634.07841484 0.928521007284 7.14636222506 8.48525408956 -1073.73 2155.46 -0.00318395
4980.83375525 0.872425755115 7.45815652518 10.0421110495 -919.952 1847.904 -0.000766739
5022.81638033 0.911807354641 8.21413238467 12.5511495454 -1090.41 2188.82 -0.0122127
4584.89802361 0.957876998364 6.99506021716 7.21032824459 -880.351 1768.702 -4.93856e-07
5343.24122458 0.841333090275 7.87466588176 13.8107268616 -1008.13 2024.26 -0.0116954
5446.58418182 0.875820066645 7.57769136358 10.8033300139 -1017.82 2043.64 -7.0141e-07
5305.0344429 0.999999928593 6.71970656543 6.50145734976 -1030.12 2068.24 -0.000140387
5518.91151242 0.923732735214 6.73621400889 7.42541897004 -984.36 1976.72 -0.00127787
5064.35621182 0.945773509827 7.13696789167 7.03869228511 -1033.22 2074.44 -0.00169277
4663.72807048 0.926689957488 7.19204536969 7.18596908738 -928.829 1865.658 -0.000596344
5379.09702443 0.999999868159 6.62298473156 6.0095471433 -1056.08 2120.16 -9.13863e-06
5341.27500748 0.874259325415 7.09971123815 6.56653048109 -1040.3 2088.6 -4.08553e-06
5661.25658022 0.999999931323 7.12241451174 7.55782209657 -1124.98 2257.96 -2.42497e-05
5290.8561958 0.923579265325 7.42709616257 7.35492219408 -1107.03 2222.06 -0.000301065
5328.42166971 0.99999997022 6.8338563077 7.34778534513 -1011.08 2030.16 -0.00372241
5141.32151796 0.970726541856 7.4212617204 7.13263352728 -1106.74 2221.48 -0.000164897
5601.23961715 0.898297397589 7.14517233161 7.4126634226 -1057.23 2122.46 -7.47335e-05
5621.08831458 0.918883419072 7.17314256127 7.44924485893 -1087.61 2183.22 -6.37931e-05
4476.40537882 0.961827891313 7.28212047116 6.57963501435 -970.413 1948.826 -0.00940512
5583.82904587 0.889600577895 7.57632114258 10.5003849184 -1067.28 2142.56 -0.000137014
4572.32633961 0.999999961271 7.40285710728 8.63178610542 -942.151 1892.302 -0.00170852
5009.74871072 0.999999879885 6.82554433967 6.98285196694 -987.946 1983.892 -1.57454e-05
4985.15615441 0.999999891074 7.21740656523 7.33966675344 -1050.82 2109.64 -0.000141898
4975.28662872 0.993332481943 7.1008306652 7.04506005953 -1010.09 2028.18 -0.000825386
5187.82365043 0.8619904466 7.64809355398 8.66597109581 -1059.04 2126.08 -0.00233866
5098.59381408 0.999999859638 6.92460350356 6.50356844436 -1031.19 2070.38 -0.00410242
4701.2048532 0.969032275558 7.35766800588 7.34928936282 -1000.81 2009.62 -4.65712e-06
4905.867511 0.999999958622 6.69453822263 6.38668360724 -956.842 1921.684 -0.00319472
5760.5263958 0.876006370037 7.06781773059 7.35440750533 -1070.16 2148.32 -2.81918e-07
5519.54822966 0.999999936134 6.42803512621 6.85200153088 -980.624 1969.248 -3.69755e-05
4985.85970816 0.999999917913 6.6149863598 6.07673755757 -977.676 1963.352 -0.000826558
4749.23115062 0.979254878701 7.03083546109 7.2376678832 -940.027 1888.054 -0.00251656
5878.57156235 0.90464019225 7.6580425545 11.0933341406 -1153.28 2314.56 -4.0886e-06
5441.85206641 0.999996145487 6.72679072344 5.89338758388 -1104.64 2217.28 -1.60859e-06
5397.63972897 0.999999946574 6.82288886637 6.8675525072 -1032.47 2072.94 -0.000439637
5080.30885498 0.946100284247 7.39496146946 11.4758742706 -939.017 1886.034 -0.00103541
4923.941926 0.99999868983 6.55032487613 6.02315026775 -948.524 1905.048 -3.87035e-05
5243.81857555 0.929115305737 7.66335837424 8.3184363088 -1095.81 2199.62 -2.22803e-07
5168.96038215 0.915367358598 7.41967383116 9.46712375013 -994.875 1997.75 -6.48777e-05
4962.09855106 0.98181913139 6.9732049484 8.69170067085 -915.529 1839.058 -0.00391161
5013.72961805 0.95922997139 6.91709894824 7.03765180761 -994.781 1997.562 -0.00565476
5283.64223767 0.999999958658 6.79280521355 8.57900777493 -953.103 1914.206 -1.76347e-05
5462.02823509 0.998022554768 6.76900349479 6.24722893127 -1110.38 2228.76 -0.00510113
4537.20661126 0.977469640802 6.29195683904 5.370172006 -878.195 1764.39 -0.00252373
5441.58651971 0.933827060646 7.48524242316 12.1975083809 -1028.09 2064.18 -1.21626e-05
4955.92953208 0.957676679693 7.0579799399 6.75717289559 -994.444 1996.888 -3.93023e-06
5529.77020997 0.93992620039 7.25732544793 7.67441671972 -1100.56 2209.12 -8.11902e-05
5297.02438966 0.968597942582 6.96364436041 6.64175147423 -1065.28 2138.56 -0.00242414
5344.67588147 0.871938415284 7.42058290835 8.67516146804 -1034.52 2077.04 -1.83078e-05
5890.51248137 0.954481444532 6.55732326489 8.2204839484 -981.084 1970.168 -0.00286457
5263.39269775 0.885775101758 7.42304685277 8.4977034778 -1031.25 2070.5 -0.0157917
5243.17683436 0.855904787238 7.35205537532 7.73824322063 -1007.86 2023.72 -0.00501599
5230.8326255 0.999999941567 6.5874304893 7.16471197478 -944.872 1897.744 -0.000174792
4890.00601659 0.999999808457 7.04798391133 6.698311047 -997.406 2002.812 -0.000352752
5143.36273638 0.999999943979 6.92790625571 7.13711122443 -1007.15 2022.3 -0.000399544
5555.60751549 0.999999979325 7.083539752 7.86501900451 -1107.41 2222.82 -0.000231252
4443.29469 0.999999787875 7.24496050666 6.01520667302 -1008.34 2024.68 -3.01315e-05
5660.86710318 0.928001594158 7.21421090079 8.01828132967 -1084.41 2176.82 -0.00292683
5489.00853737 0.863101424079 7.66460003881 11.0860385137 -1044.38 2096.76 -0.00069887
5391.32066043 0.95885557137 7.01312404626 9.11298771376 -991.902 1991.804 -0.00302272
5708.67910245 0.891176432924 7.26102871987 11.1122630326 -1023.99 2055.98 -0.000637617
5333.95849245 0.99999981907 6.6659708035 7.27236913657 -978.667 1965.334 -0.000707025
5634.44391947 0.919097073315 7.58014871508 7.83943673898 -1178.3 2364.6 -6.33087e-05
4789.73929962 0.999999948408 6.79755002418 7.24406053482 -923.93 1855.86 -0.00366298
5358.23807117 0.887393491506 7.25688812686 10.9451187478 -958.034 1924.068 -1.35627e-06
4963.45852153 0.969474475805 6.90050820636 6.02432411185 -1038.66 2085.32 -0.00233295
5465.99689783 0.975525700061 6.788009725 6.36487871326 -1067.43 2142.86 -8.46734e-05
5319.2622293 0.932784338723 7.0258004743 7.17211757134 -1013.9 2035.8 -1.72423e-05
5360.44404917 0.999998924236 6.69719805952 6.08892638393 -1036.81 2081.62 -0.00181151
4907.63172282 0.999999964514 6.57769617075 6.99952979105 -896.101 1800.202 -0.000115496
5322.00957329 0.915360208264 7.21884320907 10.1822935357 -968.975 1945.95 -6.27868e-05
4766.02832637 0.959971047682 7.32129755861 6.55855308797 -1037.8 2083.6 -0.00501227
5544.27235788 0.932893399096 7.04946896914 7.04492355055 -1087.18 2182.36 -0.000259202
4542.7036946 0.987056416322 6.66398914643 5.53202864074 -946.047 1900.094 -0.00156656
5005.91087895 0.99999993584 6.92321153674 6.66391328949 -1009.96 2027.92 -5.00234e-05
4941.73976704 0.999999247841 6.75992830887 6.23228027881 -990.116 1988.232 -0.000490543
5451.87722623 0.999999949023 6.94306848477 7.17847168884 -1088.28 2184.56 -0.000613318
5071.15889056 0.999999850042 6.69939240103 6.22928666856 -991.842 1991.684 -1.7138e-05
5018.47856831 0.986639995228 7.06556295827 7.63425067392 -973.498 1954.996 -3.03724e-05
5424.34589253 0.972385752983 6.65092866222 6.64666710318 -985.498 1978.996 -0.00105622
5488.52035513 0.868448111389 7.61898610431 8.4004458982 -1102.08 2212.16 -1.18577e-05
5152.85895092 0.91511950503 7.59632485491 12.1561146065 -1003.54 2015.08 -0.000326908
4899.09338827 0.921419668676 7.4243305392 8.317596798 -994.645 1997.29 -0.00139097
5574.38448558 0.968953441116 7.25672996681 9.47148179417 -1056.07 2120.14 -0.0100495
5664.53960484 0.999999842187 6.42149738982 6.10015330446 -1044.71 2097.42 -0.000379394
5215.00498425 0.999999939792 6.89360436908 6.6855501903 -1054.06 2116.12 -1.87525e-05
5403.06050547 0.942362188596 7.09761231157 7.40533824628 -1083.94 2175.88 -0.00581243
5819.22250229 0.999999936525 6.67091925823 7.54055266644 -1047.62 2103.24 -3.32901e-07
4696.36105823 0.999999855477 7.13249557033 7.09748639537 -972.343 1952.686 -0.000630654
5224.34169371 0.999999920927 6.84860318049 6.37764742189 -1075.81 2159.62 -0.000860177
4786.2828512 0.999999860279 6.65337084816 5.58290224516 -976.082 1960.164 -6.41544e-06
5368.62445299 0.979974183529 6.98335044061 7.84931847474 -1006.82 2021.64 -0.000156911
4960.05597939 0.999999920128 7.11561117268 6.63296966402 -1063.98 2135.96 -1.02961e-05
5728.46505556 0.828657399911 8.18870934536 197.579318473 -1039.01 2086.02 -2267.71
4714.23857238 0.965942692628 6.87096575031 6.57429193415 -947.15 1902.3 -8.377e-05
5658.49188653 0.999999957783 6.68280608933 6.38153929229 -1088.24 2184.48 -0.00698271
4615.81787078 0.915061584046 7.72584521633 8.28561746124 -977.015 1962.03 -8.90113e-06
4889.57121387 0.964083975607 7.27154954023 8.48764132277 -958.208 1924.416 -1.41602e-05
5061.77204182 0.931079355746 7.265470486 6.95660003385 -1068.46 2144.92 -0.00144877
5432.23173761 0.999999914433 6.88757366491 8.56632801465 -986.921 1981.842 -7.44013e-06
5339.21085264 0.993909533088 6.74110675554 6.306777083 -1048.78 2105.56 -5.3236e-06
5353.55842863 0.874410064653 7.29280494749 7.59656270846 -1030.45 2068.9 -5.80305e-05
5602.03294634 0.999999924222 6.6207540816 6.55892991559 -1033.57 2075.14 -9.48247e-05
5437.04649827 0.999999903108 6.66559275382 6.39672366781 -1037.18 2082.36 -0.00184957
5100.58159712 0.931500213365 7.28740790913 9.30295543326 -984.056 1976.112 -7.94972e-05
5750.2511457 0.999999957092 6.57244712375 7.29843502827 -1021.11 2050.22 -1.31991e-05
5407.44692736 0.999999948999 6.69831536087 6.1473429837 -1075 2158 -5.62503e-05
5751.45025445 0.918739641772 7.24689771456 9.85028541788 -1069.38 2146.76 -5.33556e-05
5394.76200748 0.817963171249 8.33372685587 174.283851577 -1019.41 2046.82 -4043.88
5481.68650791 0.971359597834 6.58393027373 6.13826700383 -1056.99 2121.98 -1.63486e-05
4834.36359446 0.999999465711 6.78679341145 6.19774969149 -985.548 1979.096 -0.00014471
5241.85134294 0.899645560227 7.27500641174 7.86751273453 -1010.21 2028.42 -0.000113968
4721.80422428 0.849100560031 7.89269004423 12.4860524397 -904.21 1816.42 -0.000701204
5075.38352457 0.999999955457 7.06549040413 8.90290030519 -936.705 1881.41 -0.00297459
5771.48173903 0.999999805426 6.68554971228 6.58166719958 -1101.58 2211.16 -0.000432508
5474.94550038 0.999999863857 6.42368463603 6.50098517008 -988.746 1985.492 -0.000811644
5411.87976636 0.999999938581 6.36195329745 6.20785886246 -969.762 1947.524 -0.000171513
5234.92150563 0.899791503906 6.98381327933 7.69081210663 -966.104 1940.208 -0.00311184
4593.25173242 0.869610725863 7.99412334155 8.47735031156 -1011.88 2031.76 -8.93811e-05
5011.86121761 0.999999909436 6.76879722231 6.67268437881 -961.428 1930.856 -1.33636e-05
5101.74007035 0.898397742446 7.30535876714 8.37909816304 -976.633 1961.266 -7.59191e-05
5055.01997197 0.999999940162 6.62792495568 7.28640532085 -928.002 1864.004 -0.00520086
5071.60961991 0.952048851937 7.17443834164 7.03072493631 -1052.78 2113.56 -0.000632282
5706.80752354 0.866658801975 8.09484330421 36.3544809561 -1096.93 2201.86 -0.0145094
5816.61963905 0.908465848698 7.14795802362 8.83297178434 -1061 2130 -0.00101124
5388.01207042 0.999999895093 6.59038997041 6.02850528792 -1043.8 2095.6 -0.000195807
5041.46302639 0.909118376718 7.15622571281 7.84935410784 -963.138 1934.276 -8.76022e-05
5464.65428646 0.894422183318 7.00043769414 7.72307053485 -1001.07 2010.14 -2.0268e-05
5632.62614464 0.927464795323 6.9732088264 7.78466701724 -1048.85 2105.7 -7.20181e-06
4968.60047564 0.953213816591 7.6419754476 9.76673139644 -1014.22 2036.44 -0.000564056
5063.76001432 0.989834527772 6.77119561074 6.73098232873 -990.815 1989.63 -4.55136e-06
5365.88701097 0.911414837727 7.13802158177 7.77993309991 -1020.89 2049.78 -6.51463e-07
4855.3587192 0.999999808003 7.12112300767 6.24042473347 -1050.21 2108.42 -0.000334706
5289.43856406 0.96692798114 6.66275946322 6.34532547644 -1007.93 2023.86 -0.00539637
4684.11270118 0.999999886677 7.12108330381 6.3302025577 -1004.86 2017.72 -6.78307e-06
5197.24142505 0.987055388162 7.37110519907 8.17828071013 -1031.12 2070.24 -0.0123394
5673.51655494 0.949860083222 6.78064693201 7.56872670272 -1035.83 2079.66 -9.05606e-05
4669.23417826 0.999999900766 6.99723329958 6.75613996234 -954.654 1917.308 -0.000201443
5296.03944792 0.995885219492 6.80794498332 7.14327507316 -1031.2 2070.4 -0.000117929
5415.82035448 0.999999840991 6.35138044666 5.34884699883 -1043.7 2095.4 -4.84241e-05
5072.96584206 0.922701822926 7.57281077822 7.83789049506 -1070.65 2149.3 -0.00362107
4879.30901448 0.99999809487 6.47658351455 5.29986799303 -990.449 1988.898 -0.00124908
4695.52475685 0.999999866289 7.08086636334 5.79056140246 -1044.56 2097.12 -6.72823e-06
5094.81319068 0.999999763567 6.72116551956 6.93598347439 -969.628 1947.256 -1.55595e-05
5491.91581274 0.999999909944 6.46738549803 5.96025987359 -1048.92 2105.84 -1.81047e-06
4994.25612286 0.963618609417 6.92252768775 6.29754982394 -1016.76 2041.52 -0.00561645
5079.1944485 0.999999880163 6.7596168812 5.82319124421 -1029.36 2066.72 -0.000190594
5424.19451332 0.896804446665 7.33031371053 7.84793858667 -1069.41 2146.82 -2.41002e-06
5548.53951024 0.93786510204 7.6550137175 10.7297718444 -1088.66 2185.32 -0.00025734
4697.78863621 0.999999978013 7.11787915103 7.03944189437 -971.89 1951.78 -0.000772254
4912.24964294 0.98956187872 6.75340806967 5.79179480933 -1010.14 2028.28 -0.00102003
4951.09075269 0.987209572991 7.02871117082 6.23388788007 -1066.96 2141.92 -0.00147955
5900.36420058 0.999999940195 6.62084005048 6.46314385694 -1103.68 2215.36 -7.74748e-05
5571.30947511 0.901688472877 7.41460831429 7.5948058228 -1111.79 2231.58 -0.00303331
5215.23635361 0.960631746655 7.04114866906 8.19817680232 -968.535 1945.07 -8.2922e-05
5599.64032113 0.813240656672 7.77204132956 20.8535187125 -974.865 1957.73 -0.000859483
5295.76520527 0.953296317697 6.84294631393 7.18136614867 -982.222 1972.444 -0.0131217
5064.40957035 0.999999943154 6.77700340643 6.00210259636 -1018.36 2044.72 -0.000370531
4673.43229756 0.999999939962 7.11672085497 6.98034254885 -977.069 1962.138 -5.02293e-05
4729.55328327 0.999999942084 6.97022590763 6.46543335944 -987.872 1983.744 -0.00032231
5302.48577146 0.958361146042 6.73325270568 6.17248234259 -1038.37 2084.74 -7.72898e-07
5005.93084128 0.895974923068 7.37323262675 17.2078704485 -867.734 1743.468 -0.000557433
5275.81369217 0.968461244127 6.96803127176 6.69300098931 -1063.6 2135.2 -2.35739e-07
4657.89156725 0.986118748459 6.88711038451 6.17613083738 -948.6 1905.2 -6.56083e-07
4377.9570051 0.999999949358 7.02018572188 6.36378298637 -921.299 1850.598 -1.44e-05
5073.27171684 0.850351844072 7.76739333597 10.582201093 -989.424 1986.848 -5.08419e-05
6042.93406807 0.817821192144 7.28211149214 8.09471982189 -1080.53 2169.06 -0.00678452
5096.29242736 0.9775731038 6.99383458526 7.58074320445 -998.079 2004.158 -0.00574741
5302.38877143 0.890749333495 7.28683791333 7.56587954784 -1049.38 2106.76 -0.00267708
5084.94967945 0.999999958402 6.52876834914 5.88871252721 -1007.47 2022.94 -2.7313e-05
5813.7577555 0.891307329996 7.54483652468 10.3833951205 -1121.6 2251.2 -1.71787e-05
5363.73297469 0.962279139403 6.8102287101 6.48589749075 -1023.51 2055.02 -0.0227021
5628.66688114 0.999999364962 6.44425922102 6.62585644215 -1027.73 2063.46 -4.86687e-05
5482.59197067 0.932550125211 7.31899876987 8.69017009022 -1060.58 2129.16 -0.000402658
4932.52425037 0.999999821428 6.92584935713 5.97099623585 -1061.99 2131.98 -7.06612e-05
5649.64234446 0.943853985854 7.28723924634 9.4764128729 -1081.77 2171.54 -0.0091963
5336.45702173 0.981602591401 6.88608464642 6.77502353691 -1053.8 2115.6 -3.71938e-05
4835.40641923 0.999999882714 6.79157466079 6.21718223547 -978.884 1965.768 -0.000160251
5335.98906549 0.896151640661 7.52797537097 10.8257427681 -1002.43 2012.86 -0.01162
4916.14280346 0.992213565833 6.52638368341 5.68252720115 -966.376 1940.752 -8.37063e-06
5721.46502986 0.947836012032 6.54003465154 7.30817852697 -984.16 1976.32 -0.00294431
5199.1051078 0.86095371187 7.66548967917 10.7744209976 -976.528 1961.056 -0.000114038
5101.03533877 0.898780574786 7.36519125367 7.85111641056 -1002.72 2013.44 -0.00105124
5959.34522677 0.960259280034 6.76412008805 8.29076062859 -1041.95 2091.9 -0.000631438
5009.32671086 0.832150826128 8.13262456275 15.5228573267 -986.161 1980.322 -1.15071e-06
5223.29820623 0.957632471622 7.0933383785 8.08214170353 -998.371 2004.742 -8.6013e-05
5623.94029996 0.94733755019 6.89765928109 7.74611739659 -1023.35 2054.7 -0.000290938
5342.30522249 0.999999964489 6.89377843576 7.78485026863 -1017.01 2042.02 -8.8183e-06
5558.87256172 0.984366844381 6.80963219554 6.38291229228 -1106.41 2220.82 -0.00290028
5656.05913529 0.999999156725 6.55340448872 6.49822777431 -1057.44 2122.88 -1.71771e-05
5200.51143596 0.885296023541 8.04638843987 16.0288967736 -1030.2 2068.4 -0.00112401
5203.86149839 0.962575510756 6.94968743739 6.04672368966 -1079.91 2167.82 -2.29078e-06
5236.71509314 0.897687689996 7.73906803419 10.5141263515 -1045.87 2099.74 -2.50081e-05
5434.12126911 0.999999943769 6.80641188317 6.57078507538 -1100.92 2209.84 -0.00470971
5374.72855969 0.881324427512 7.72659689282 12.5879964242 -1028.57 2065.14 -0.000170033
4860.67079618 0.899453206727 7.49569646696 10.3277613668 -926.558 1861.116 -6.48967e-06
5977.56459292 0.994251604893 6.35043673196 6.33712011426 -1058.37 2124.74 -0.00212682
4880.03360754 0.989769591093 6.91875936243 5.23665559049 -1110.36 2228.72 -5.95812e-05
4548.66917479 0.999999962485 7.07765441122 6.6969809915 -952.81 1913.62 -0.00227046
4651.35451184 0.999997178074 6.90862761595 6.47020779018 -941.3 1890.6 -6.33809e-05
4593.89698655 0.902790512937 7.52745369838 8.27045253645 -948.536 1905.072 -1.57331e-05
5073.69007649 0.913480892641 7.24326778299 7.03769308244 -1019.71 2047.42 -1.51682e-06
5206.78067379 0.999999905704 6.73994610202 6.89006575767 -981.003 1970.006 -0.0143819
5033.65422169 0.982969746737 6.94884248217 6.50991046903 -1013.8 2035.6 -0.00841003
5506.88516793 0.999999323292 6.82816272066 6.58842673693 -1081.75 2171.5 -1.71806e-06
5305.95794383 0.910624283165 7.58967211361 9.81401401718 -1068.76 2145.52 -0.00326765
5134.71435064 0.960809778015 7.1711636246 7.58692700682 -1035.19 2078.38 -3.88139e-05
4694.87758376 0.867527065562 7.77139263216 9.57280472241 -957.036 1922.072 -2.69947e-05
5369.90367586 0.8268090626 8.01064548273 15.5055913375 -1047.64 2103.28 -0.00342202
5578.823265 0.912918959846 6.89419678715 7.37459798656 -1035.14 2078.28 -5.73703e-05
5071.99548454 0.862284858739 7.41767053962 8.29867368419 -971.531 1951.062 -0.000826129
4935.11686104 0.999999945042 6.72878775403 6.86417046615 -944.43 1896.86 -0.00174736
5399.12838633 0.897094305588 7.75716275808 12.4044043609 -1039.83 2087.66 -4.32693e-05
5510.13136018 0.874318247533 7.46952711779 11.1955542764 -1012.83 2033.66 -2.08865e-05
5605.34337681 0.884421170134 7.10394617712 8.98827800934 -985.805 1979.61 -0.000526914
5439.66358537 0.972619668781 6.87541457129 6.94541282892 -1056.42 2120.84 -0.00145786
5254.04665324 0.9999998713 6.54750667946 6.25465861338 -1001.04 2010.08 -0.000202964
5660.56832319 0.953108848437 7.15808923317 7.85785206607 -1089.58 2187.16 -2.31074e-05
4902.79330041 0.999999214953 6.79475276538 7.16977677712 -925.957 1859.914 -0.000393435
5159.11612502 0.999999869675 6.40551971511 5.43965842704 -1016.89 2041.78 -5.24641e-05
5098.44534039 0.875257625448 7.4175247288 9.05775820466 -970.724 1949.448 -1.28005e-05
4453.49938383 0.938976837566 7.80951711375 9.47258338293 -927.79 1863.58 -6.06613e-05
5504.30333289 0.887793264642 7.78322152409 13.3770438652 -1063.99 2135.98 -0.00117782
5277.02051153 0.913307209331 7.65528568672 14.2806609731 -1008.62 2025.24 -0.000846965
4524.53810525 0.977354319985 6.929384993 6.74919699044 -896.049 1800.098 -0.00124577
5171.57939042 0.918651376291 7.51108437385 7.34948564815 -1079.9 2167.8 -2.17628e-05
5152.89940089 0.939937487326 7.18052183626 8.00096314861 -982.03 1972.06 -4.07331e-05
4686.46608857 0.999999842741 6.82013396743 6.2485943917 -940.364 1888.728 -0.00270051
5551.22050226 0.978267634433 6.769315414 6.70875328026 -1089.69 2187.38 -6.87676e-06
5102.35363459 0.962829778928 7.09116844401 6.24315019825 -1071.18 2150.36 -6.5818e-05
4731.45498785 0.99999991279 7.0125208937 5.57917712191 -1053.55 2115.1 -5.4429e-05
5728.6180117 0.999999963813 6.8596671955 6.64691090219 -1142.55 2293.1 -3.61556e-05
5218.88873582 0.968267678058 6.8496576882 6.67576613963 -1014.14 2036.28 -3.92606e-06
5589.21252931 0.999999960579 6.69707526179 7.20151408588 -1003.04 2014.08 -0.00102259
4818.26457658 0.937695879267 7.66645299683 10.497723487 -962.07 1932.14 -0.00181603
5599.56726817 0.999999845334 7.01494552284 9.78087595392 -1019.63 2047.26 -1.91594e-06
5344.60920777 0.999999919148 6.91957517662 7.37563454013 -1035.32 2078.64 -0.0105167
5576.77203364 0.999999932915 6.56036788943 6.29424153513 -1055.12 2118.24 -0.000540885
5429.32300696 0.999997964766 6.76013100209 5.83213882552 -1121.82 2251.64 -5.20499e-05
4441.96391883 0.999999846358 7.02460171499 6.28894667326 -954.087 1916.174 -2.58977e-05
4965.30876853 0.999999745434 7.01615418991 6.78488488436 -1017.35 2042.7 -0.000143732
5816.34004088 0.99999992309 6.63199096718 7.29983370744 -1040.88 2089.76 -0.00172452
5033.41941197 0.861983004957 7.35050617801 7.68727944339 -960.712 1929.424 -0.00121204
5884.62242742 0.874776796656 7.76412156758 35.5647877169 -1058.07 2124.14 -1.76645e-05
4947.99404291 0.979132385472 6.89894419009 7.39560470596 -920.233 1848.466 -0.0051164
5311.42162329 0.982865098719 6.90286477576 6.95682424981 -1050.64 2109.28 -0.00202134
5230.07180478 0.978282924616 6.73312987469 7.2414197755 -976.971 1961.942 -0.000316069
4863.03092472 0.999999926862 6.80674140151 6.77079009844 -936.108 1880.216 -0.000175468
5950.99363533 0.999999870723 6.83423783407 10.2016071997 -1024.7 2057.4 -0.00181567
5437.73961933 0.963781451293 7.17924724215 9.96336071169 -1007.19 2022.38 -0.000130901
5288.02111675 0.951667857736 7.13316533359 7.34813364207 -1058.34 2124.68 -0.00202245
5252.39274175 0.989324808368 6.51166773181 6.54368394116 -964.78 1937.56 -0.000483631
4730.06460067 0.982910921909 7.2167279573 6.82656927025 -994.964 1997.928 -6.8597e-05
5567.73834122 0.999999774586 6.40371584121 6.0329801721 -1055.94 2119.88 -3.00188e-06
5013.95336521 0.983055554455 7.02331095174 6.46628389523 -1031.07 2070.14 -8.91817e-05
4426.07713387 0.995832078751 6.64728034288 5.97013889967 -885.91 1779.82 -3.065e-05
6192.69782631 0.981158487405 6.58706199945 6.43848516294 -1159.76 2327.52 -0.000357331
4884.52397403 0.999999798008 6.85269485242 6.32905703998 -983.389 1974.778 -1.456e-05
4848.40210458 0.952009485337 7.38410692225 8.53936796093 -966.316 1940.632 -6.1559e-05
5703.74861595 0.951748665068 6.81369084104 8.02064691068 -1039.68 2087.36 -1.40428e-05
5168.37079831 0.974356946796 6.78350635243 5.82410464363 -1075.84 2159.68 -0.000406604
4565.82991242 0.844623227093 8.15726734501 13.2437101524 -943.82 1895.64 -0.00316779
5209.85907431 0.999999744364 6.58664549862 6.46650779862 -990.54 1989.08 -0.000834063
5245.25888191 0.999999837418 6.90751275266 7.43969032443 -1001.95 2011.9 -1.33131e-05
5816.82254475 0.999999908935 6.834377993 7.87883775007 -1082.26 2172.52 -0.00058761
4932.07209951 0.932719045942 7.08262081683 6.7829289578 -981.442 1970.884 -0.00193234
4811.34196107 0.999999940531 7.05158581332 7.20901509606 -980.272 1968.544 -0.00244357
4818.88578719 0.982004913042 6.93961269883 7.4264532085 -942.047 1892.094 -3.7199e-05
4980.07170672 0.8854375382 7.5619647823 7.62387933886 -1034.85 2077.7 -0.00251435
5242.64208777 0.999999911825 7.06209016643 7.54597992312 -1038.52 2085.04 -5.38346e-06
4717.41555839 0.963318019381 7.20454546239 7.82214375667 -947.813 1903.626 -0.0192651
5120.49205392 0.958589311794 6.70451360931 6.24014343308 -987.933 1983.866 -3.12591e-05
5764.65118966 0.866234429358 7.55377916241 10.7994836799 -1086.2 2180.4 -0.000713138
4966.77866871 0.999999949652 6.33693813453 5.71687328644 -929.974 1867.948 -5.45531e-05
5585.49266637 0.948752204912 6.86482117703 6.35585257301 -1110.31 2228.62 -0.00103242
4781.3017029 0.900010434193 7.37943465946 7.32750164308 -966.281 1940.562 -1.52866e-06
5923.28382771 0.999999944089 6.97429528969 9.43415984463 -1078.66 2165.32 -8.17963e-06
5722.22971616 0.903968563245 7.1083041875 8.38355369073 -1056.21 2120.42 -0.00238095
5228.5013555 0.957911201568 7.16441093972 7.19284029036 -1056.44 2120.88 -0.000968631
5170.09033583 0.991013078299 6.70944507482 6.05992297602 -1025.51 2059.02 -0.00376256
5290.5656047 0.921346854132 7.07598726451 7.51669729835 -1001.38 2010.76 -2.90309e-05
4966.89360831 0.999999947716 6.91301096288 6.34657028221 -1024 2056 -7.14729e-05
5684.00212972 0.999999962469 6.66935722205 6.65374669095 -1073.5 2155 -0.0135512
5616.83704569 0.99999995178 6.99301550902 7.61045490009 -1097.35 2202.7 -3.28083e-06
5275.69849467 0.930007352483 6.9539402445 6.43933488615 -1038.62 2085.24 -0.00089782
5320.95196162 0.890178030841 7.92082969931 11.6846604571 -1060.74 2129.48 -0.00869437
5468.06971608 0.985518190242 6.67587596341 7.31761852739 -1001.24 2010.48 -6.43993e-05
5101.62770447 0.999999918417 6.79363095198 6.33437978529 -1016.9 2041.8 -0.000720158
5267.20125647 0.944303654541 6.88608461574 7.87666985579 -979.42 1966.84 -0.0190651
4849.93743461 0.999999554653 6.80434909602 6.20385678552 -992.142 1992.284 -1.37088e-05
5276.67283724 0.938560919324 6.95424262567 6.12067819876 -1057.33 2122.66 -1.87115e-05
5500.501967 0.985490813971 6.61297970868 6.70391195691 -1022.52 2053.04 -7.30409e-05
5456.71858135 0.907396415054 7.09056518682 7.17128162518 -1061.59 2131.18 -0.000324084
5573.02073437 0.94689683492 7.26266395339 7.55640552678 -1124.73 2257.46 -0.00038819
5595.48511736 0.919916937679 7.10889154119 6.28084028528 -1167.22 2342.44 -0.000143614
5157.12743124 0.895862607986 6.95192315933 6.28451196622 -1015.78 2039.56 -0.00016042
5445.84403755 0.999999508859 6.96449103954 6.88965985736 -1089.43 2186.86 -0.00028134
5116.10920899 0.999999951058 6.53077013889 5.49395697158 -1043.81 2095.62 -7.49404e-05
5434.39678451 0.999999638463 6.54857550197 6.59318952327 -996.302 2000.604 -0.000318302
5162.42131194 0.999999746242 6.87811164548 6.78465201042 -1015.92 2039.84 -0.000158091
4932.38727357 0.999999881062 7.08750454968 6.02743608166 -1090.68 2189.36 -0.0177391
5377.32808519 0.999999822464 6.77484749166 7.79615496199 -977.897 1963.794 -0.0048553
5153.08874199 0.967351075597 6.74676783902 6.98651157509 -961.147 1930.294 -0.00532958
5745.55810531 0.868274431466 8.17764247051 55.053836511 -1096.09 2200.18 -1.71518e-05
5217.41817964 0.957278765814 6.94719225152 6.73882795461 -1015.27 2038.54 -2.91043e-05
5305.13713493 0.963941983834 6.9648966797 6.19688797173 -1094.56 2197.12 -3.13586e-05
5120.75430177 0.837019625618 7.69182871692 12.5021626697 -956.117 1920.234 -0.00547957
5791.85607369 0.961956017293 6.93973785945 6.83945524208 -1128.24 2264.48 -2.66986e-05
5070.20685833 0.999999879181 7.18947784513 7.27774986328 -1024.21 2056.42 -0.000928869
5074.67325448 0.999999941603 6.92373003023 6.29843095921 -1047.62 2103.24 -0.000390254
4917.28417806 0.999999934256 7.0947377486 6.28075580838 -1038.93 2085.86 -0.000395754
5046.98296098 0.913893260695 7.62026664205 8.67239060096 -1012.25 2032.5 -1.74345e-05
4971.99710616 0.999999949487 6.96133917939 8.5219264066 -910.329 1828.658 -0.000139949
5142.18340651 0.999997182291 6.97930719457 7.57828636191 -996.204 2000.408 -2.38453e-06
5635.52946967 0.893423488604 7.46330196234 10.3650861101 -1063.8 2135.6 -7.85385e-06
5431.30189132 0.918490902826 7.22748941692 9.37746325762 -1006.87 2021.74 -0.00122082
5259.8235439 0.926750051293 7.33605844488 7.68596215773 -1069.69 2147.38 -0.00570397
5519.34785056 0.978694791779 6.91131034908 7.96934731049 -1022.46 2052.92 -7.11319e-06
4898.41650805 0.999999927978 6.58618049453 5.80793978925 -958.514 1925.028 -0.000100196
5695.04935791 0.909419307459 7.49450835814 9.45518456073 -1109.85 2227.7 -3.33379e-07
5097.63795409 0.999999896762 7.12095015835 8.53785471344 -969.621 1947.242 -0.000158339
5288.02660955 0.999999696927 6.25676301453 5.5654153672 -982.904 1973.808 -0.0192973
5158.08549258 0.971424876929 7.16734996873 7.25894445365 -1055.03 2118.06 -0.000645733
5280.05102831 0.835662822072 7.91663397047 16.1047092711 -989.253 1986.506 -0.000258872
5221.92315944 0.95397335224 6.75716322537 6.04486027682 -1017.65 2043.3 -2.06399e-05
5335.74564156 0.99999992343 6.79331622546 5.82499539415 -1116.92 2241.84 -7.97954e-05
4630.48013287 0.986904469283 7.00940024315 6.14336998679 -985.659 1979.318 -7.73101e-07
4995.4926078 0.929610174677 7.24765071495 7.84559112747 -981.445 1970.89 -0.00136888
5302.8973436 0.999999940653 6.96824661367 7.48421620856 -1027.63 2063.26 -1.54764e-06
5005.01589166 0.999999857047 6.59134020459 5.96712407958 -978.954 1965.908 -0.000242014
5420.23572522 0.999999765682 6.86022495926 6.43538748572 -1090.85 2189.7 -0.00800951
5202.82283732 0.999999936569 6.56119429397 5.8394460231 -1025.19 2058.38 -1.82403e-05
4841.69784827 0.999999972242 7.38510830328 7.76518395969 -1012.61 2033.22 -0.00246243
4525.37389129 0.999999834443 7.22457916904 6.53864298263 -961.756 1931.512 -0.00201103
5950.80351538 0.934715734318 7.2739402348 9.79756708342 -1121.89 2251.78 -0.0146923
5022.44934491 0.999999863864 6.67883562147 6.6271604394 -953.93 1915.86 -5.35776e-05
5227.77827928 0.973273519248 6.72845775102 5.9162974352 -1047.44 2102.88 -0.00224773
5185.53043574 0.999999926662 6.93766707062 7.0137158508 -1039.86 2087.72 -0.00122245
4773.70702024 0.999999887962 6.99563662475 5.97504805759 -1027.46 2062.92 -9.27144e-05
5220.58458579 0.894028394789 7.50874805456 8.47811072892 -1042.58 2093.16 -4.82941e-06
5435.34641918 0.999999868977 6.57494388361 7.25738012413 -975.735 1959.47 -5.78267e-05
5257.71376529 0.918605061917 7.27483051767 7.46413981835 -1058.87 2125.74 -0.00015006
4906.30022773 0.999999781575 6.93033285812 6.28533788103 -1004.68 2017.36 -5.44219e-05
5346.7577874 0.999999717689 6.84054038199 6.59248056722 -1049.97 2107.94 -3.677e-07
5387.08984648 0.935636369821 7.09490888404 7.93325480369 -1021.85 2051.7 -4.45085e-06
5630.74760174 0.966628599588 6.55855368709 7.24931523665 -968.495 1944.99 -0.00013717
5298.17381785 0.971075248749 6.94200581652 7.22117877219 -1036.61 2081.22 -0.00446109
5481.53624482 0.957457571672 7.20254961726 10.6540833901 -999.322 2006.644 -0.000998659
5218.69253633 0.999999968288 6.91676600812 7.00927158585 -1020.72 2049.44 -5.03917e-05
5401.85140335 0.915933310623 7.47162584471 6.94141455431 -1144.81 2297.62 -0.000113017
4733.4055333 0.999999942815 6.99221406991 6.99032765678 -954.194 1916.388 -5.32663e-05
5365.45512558 0.999999932714 6.9760888428 8.29493650231 -1003.94 2015.88 -0.000195841
4942.53308359 0.937950036083 7.83391634572 14.6538442346 -978.378 1964.756 -0.000210961
4828.23876247 0.999999930701 7.04551304672 6.54384616462 -1026.58 2061.16 -8.24279e-06
5515.99440592 0.919241518729 7.17920010859 8.84173337367 -1027.54 2063.08 -0.00156361
4908.34283605 0.930229444036 7.22561498236 7.85468344741 -949.865 1907.73 -0.000553101
4929.29251066 0.92566559365 7.0844415012 6.75724283706 -966.659 1941.318 -1.09027e-06
5572.56124164 0.871921921165 7.65483078307 8.36696501804 -1123.78 2255.56 -0.000354437
4721.40410283 0.999999899173 6.95362360267 8.01324109723 -898.01 1804.02 -0.00213377
5723.10404059 0.862995299323 8.09810408881 121.353600488 -1066.73 2141.46 -0.000704013
4799.0947361 0.999999447678 6.694001175 6.09471130649 -959.684 1927.368 -0.000149294
4988.56319922 0.923966698684 7.39114372464 7.71717994581 -1006.18 2020.36 -1.93273e-05
5169.15779135 0.997233314842 6.80545982144 6.37950811985 -1058.66 2125.32 -9.99141e-05
5368.4292227 0.999999920068 6.78996247939 6.73089738613 -1059.81 2127.62 -0.00470201
4903.71942004 0.999999952171 7.35841266116 7.85130028365 -995.396 1998.792 -0.017384
4508.62558783 0.999999952084 7.22831163081 6.41934242666 -984.12 1976.24 -1.87842e-05
5365.19472314 0.869578698138 7.60529429716 9.38919205321 -1056.15 2120.3 -2.0469e-05
5287.77582497 0.99999988741 6.9921984098 6.76058202313 -1066.84 2141.68 -0.000112608
5702.67602612 0.999999776119 6.46510571216 5.9384860922 -1080.17 2168.34 -0.00233086
4426.25467059 0.999999868643 6.90951880134 5.98862543937 -938.731 1885.462 -0.00384614
5341.51515877 0.985329150757 6.83503212485 6.82770952182 -1034.49 2076.98 -2.51611e-05
5575.71905434 0.920905810637 7.5071832056 7.79743637505 -1159.12 2326.24 -5.41715e-05
5073.13632714 0.858898758547 7.91569172549 13.904083399 -981.693 1971.386 -0.000145444
5164.92984396 0.99022545208 6.73861487077 5.9403718968 -1048.35 2104.7 -5.60012e-06
5182.84532214 0.98380205379 6.98756984578 6.87390265155 -1036.25 2080.5 -0.00054065
5561.10633667 0.993623020973 6.79313171058 7.47176276493 -1039.83 2087.66 -3.15151e-05
4897.25277076 0.999998840986 6.70219026678 5.95088575501 -985.223 1978.446 -0.000147782
5151.352476 0.933742135456 7.61197305621 8.02848620386 -1083.66 2175.32 -4.56846e-09
5406.43784843 0.809390982727 8.34972179613 137.456330063 -1037.04 2082.08 -972.1
5163.42320669 0.999999945407 6.58323207923 6.16589684724 -989.917 1987.834 -0.000557391
5048.78432069 0.914824677833 7.29561031197 8.97515642182 -955.603 1919.206 -5.73144e-06
5882.94944601 0.813113705953 7.66948728075 9.84124280803 -1095.26 2198.52 -0.00079438
5184.82520423 0.861068935916 7.45685820724 7.42114956323 -1043.84 2095.68 -3.24372e-05
5106.29132618 0.953616076491 7.48199014725 8.58792089896 -1031.07 2070.14 -0.00130053
4630.05116046 0.965908147297 6.79846413418 6.83054843816 -882.596 1773.192 -0.00262675
4802.07838618 0.999996478916 6.98867428205 5.87079968262 -1040.59 2089.18 -8.27493e-06
5166.9475924 0.950540567554 7.40180491259 7.51645398281 -1075.86 2159.72 -0.000570791
4763.71352536 0.964015669737 7.13541656481 7.09511367252 -959.725 1927.45 -0.00106769
4745.05546166 0.999999691275 7.03978772637 7.10963595435 -956.01 1920.02 -0.000206814
4762.98050478 0.96215563648 7.26294632049 7.08557717386 -993.733 1995.466 -8.75507e-05
5113.90523825 0.951294196821 7.04668756273 6.95571136105 -1000.64 2009.28 -0.000301898
4913.84562486 0.927045138995 7.69419426123 9.16095819589 -1023.07 2054.14 -0.000349828
5322.68191477 0.933373104416 7.32457611562 7.5802038907 -1089.5 2187 -0.000107578
5204.68425845 0.939644998902 7.172312782 7.48498487316 -1038.48 2084.96 -8.90629e-05
5452.3986977 0.938295766849 6.87863985303 6.40883829845 -1057.46 2122.92 -0.000277427
4988.13305472 0.999999873052 6.97912513509 7.19025510721 -985.37 1978.74 -0.00122356
4431.79643898 0.999997922165 6.74276341476 6.33933481992 -875.584 1759.168 -0.00386938
5135.19317082 0.921676247335 6.81046285109 6.21933055656 -989.22 1986.44 -0.000601081
5486.91825932 0.968096396275 6.86340157669 7.20891922269 -1047.28 2102.56 -0.000343239
5254.27391399 0.999999573694 6.555050551 6.45969944333 -994.403 1996.806 -0.00215812
5637.99770015 0.887409499484 7.41841376294 8.58174539306 -1107.21 2222.42 -6.90992e-05
4800.57426435 0.997043712734 7.06879062991 6.31279877847 -1043.22 2094.44 -4.90522e-05
5108.1792185 0.999999949899 6.96702453244 6.9821997904 -1025.44 2058.88 -4.48104e-05
5058.85787911 0.949660253561 6.97616787432 6.47536088908 -1019.26 2046.52 -0.00155507
4897.66980925 0.881823102005 7.34736326259 8.81140401054 -937.951 1883.902 -5.77704e-07
5145.2651549 0.995433214415 7.0024594959 7.20503313352 -1021.82 2051.64 -4.99716e-05
4885.99958827 0.999999529304 6.88387671831 5.88660290504 -1021.76 2051.52 -0.000261097
5681.93723923 0.952498280533 7.22753510208 9.0161009258 -1088.07 2184.14 -0.00706808
5069.52216233 0.978233266409 6.68213455002 6.34367163298 -982.219 1972.438 -0.00240817
4779.25619797 0.999999818237 6.88475172574 6.76251447343 -962.973 1933.946 -0.0143772
4581.68608739 0.866830213262 8.24655686008 9.50864768665 -1031.97 2071.94 -0.00104416
5237.29721979 0.91188389906 7.48745541995 8.65487946099 -1045.99 2099.98 -0.000128097
4972.30459514 0.999999771633 6.66112120152 5.41946652188 -1043.32 2094.64 -0.0021847
5129.27025715 0.897316983493 7.55228352501 8.89151529327 -1007.49 2022.98 -0.000367573
5452.75859523 0.927464507335 7.82743400958 58.7304543071 -979.332 1966.664 -5.81959e-06
5731.70321411 0.899377799075 6.94084195073 8.26854107608 -1014.6 2037.2 -0.00140115
4967.52299126 0.955146772289 7.14008796556 7.06263921554 -1001.69 2011.38 -0.000669907
5285.2202145 0.93720880241 6.94385654697 8.26881550355 -964.127 1936.254 -0.000277249
5060.2896683 0.986293598683 6.83876722837 6.89083984027 -992.314 1992.628 -0.00645811
5151.3898507 0.926987746542 7.46138909968 9.02450241958 -1014.92 2037.84 -2.26573e-06
4686.90470112 0.985141293218 7.1290131172 6.85023809985 -957.968 1923.936 -1.36099e-06
5403.94900016 0.999999277653 7.04583406577 6.44848940905 -1162.9 2333.8 -0.00524818
5262.71626987 0.954467822136 7.03914583252 7.10957912037 -1033.77 2075.54 -0.000150326
5033.28105579 0.999999556033 6.96682985913 5.87788288869 -1081.73 2171.46 -2.63746e-06
5634.21471168 0.999999831697 6.52993820718 5.7031091338 -1120.42 2248.84 -0.00247954
4830.03275541 0.968099655574 6.83807573589 5.70429517574 -1020.6 2049.2 -1.54653e-05
5831.82617949 0.983872276579 6.74055190711 8.31917234082 -1021.81 2051.62 -1.17226e-05
4836.29793852 0.999999824421 7.07305189654 6.22405972329 -1028.9 2065.8 -0.000462772
5337.98153989 0.999999656581 6.6948310012 5.96759112732 -1069.89 2147.78 -0.00122027
5461.79222214 0.999999955968 6.88368719701 6.56752586352 -1097.19 2202.38 -0.000200078
4914.80629936 0.879634206313 7.94280896375 9.66789387342 -1040.9 2089.8 -2.10824e-05
4922.18139471 0.999999423872 6.90896255595 6.69526991674 -993.305 1994.61 -0.000775827
5421.90031735 0.896622350895 7.66178343467 14.5666595318 -1002.92 2013.84 -8.8616e-05
4870.32165981 0.999999828401 6.89502629783 6.47997931817 -977.397 1962.794 -0.00144443
5200.81215818 0.928592231226 6.92562293101 6.89080655281 -995.936 1999.872 -1.68118e-05
5542.08942094 0.931192488798 7.15822097785 7.01926904967 -1133.22 2274.44 -1.40791e-05
4887.03737502 0.945106248146 7.23824688704 7.35045786548 -972.901 1953.802 -0.00231101
5140.53299499 0.99355433611 7.10452491727 7.69584397412 -1013.68 2035.36 -0.0011423
5164.54733273 0.978140797342 7.32844734889 7.46075451293 -1070.3 2148.6 -0.00327573
5217.7409069 0.873389371485 7.21135598484 7.41497448313 -986.098 1980.196 -1.76337e-06
5302.17895893 0.848458191396 7.9570461629 20.0084931643 -997.358 2002.716 -4.28522e-05
5423.82535948 0.947111111992 7.40528315127 8.84055747735 -1063.05 2134.1 -9.67788e-06
5588.46595712 0.963286115797 7.30184342447 8.09482315936 -1118.57 2245.14 -0.000433902
5095.78367154 0.999999945736 6.65965716068 6.29363426451 -1007.04 2022.08 -0.000161264
5273.47165265 0.999999870043 6.58682676018 5.81447455284 -1044.76 2097.52 -5.83301e-05
5200.43285254 0.999999839848 6.68124869043 6.81763792479 -975.459 1958.918 -0.000380749
5490.19731344 0.867553094876 7.08842372044 9.06930731021 -933.232 1874.464 -2.67676e-06
5665.09356886 0.956437676355 6.72710882125 7.08156545627 -1025.64 2059.28 -3.40271e-05
4104.26904188 0.99999968785 6.8888134761 5.34401968302 -903.148 1814.296 -1.52261e-05
4823.01530381 0.894466652878 7.72123193301 9.57067708816 -975.35 1958.7 -0.000308741
5217.77673133 0.966403214152 7.06690098671 9.76432063324 -928.402 1864.804 -2.68661e-05
5077.48754463 0.870624208208 7.65408995603 9.21194479752 -1001.73 2011.46 -0.000497337
5821.60244293 0.959813906209 6.70075630692 5.88126991684 -1140.05 2288.1 -9.15398e-05
5139.88128527 0.999999913098 6.75355158113 6.22954134843 -1014.77 2037.54 -4.25136e-05
5001.7843515 0.992920084468 6.77678722208 7.19109420426 -936.538 1881.076 -2.05962e-06
5558.39302348 0.98183024909 6.85883631505 7.84237185446 -1041.22 2090.44 -9.8499e-05
5763.23303033 0.999999920667 6.97632213004 7.95437319841 -1090.16 2188.32 -0.00103453
5395.71172154 0.999999962477 6.88729319509 7.08124145073 -1030.64 2069.28 -8.5865e-05
5257.57021277 0.993486536242 6.88988508555 6.92116826039 -992.104 1992.208 -0.000814088
4988.76110296 0.999999857295 6.59913799688 6.08791003155 -963.167 1934.334 -4.68465e-05
4990.0380468 0.999999934712 6.83862608781 6.65371780771 -963.185 1934.37 -0.00194615
5667.6154093 0.999999964706 6.70050239278 7.77289729136 -1035.4 2078.8 -1.02438e-05
5620.51880707 0.923089031512 7.09005569985 8.30315672553 -1031.49 2070.98 -0.0159756
5824.67633278 0.828039884628 8.13685171636 19.6643370556 -1138.04 2284.08 -0.00193235
5079.54340142 0.999999927351 6.71072429154 5.858560561 -1015.93 2039.86 -7.99709e-05
5015.42774034 0.999999905078 6.70998683268 6.33811452293 -988.777 1985.554 -0.0016564
5374.30738354 0.847548792764 7.82466566697 9.06892434174 -1102.92 2213.84 -0.000394006
5098.05888387 0.940941472185 7.65669073087 10.5166618627 -997.895 2003.79 -0.000606497
5473.71040124 0.903692522512 6.81583465355 7.01074437661 -976.601 1961.202 -0.00058264
5882.62652792 0.953531081496 7.03065513576 8.68737543953 -1077.08 2162.16 -0.00289791
5666.76182578 0.940920971999 6.97292756986 7.57978633386 -1061.76 2131.52 -4.61586e-06
5124.76189827 0.883417420093 7.54159381224 9.44097002473 -1014.3 2036.6 -0.00257587
5099.88208829 0.99999983037 7.11600835011 7.01780880172 -1053.82 2115.64 -0.000110221
4941.55502079 0.953156317313 7.22773469913 6.99149964535 -1045.5 2099 -0.00026378
4737.07230472 0.914007469188 7.51807964478 8.86394300628 -960.02 1928.04 -0.00105218
4961.52532205 0.999999947918 6.83615713848 6.86244203697 -963.962 1935.924 -3.24503e-05
4618.17604216 0.955699825436 7.11201591853 5.99376570177 -996.208 2000.416 -7.08917e-06
