"D" "ssb0" "ssb1" "sigmass" "logLik" "AIC" "maxgrad"
5564.10295655 5.1668479812 -0.0211560073837 5.9746451733 -2999.6 6007.2 -8.49697e-05
4938.42183061 5.17168090035 -0.0213647959345 5.62066577536 -2756.03 5520.06 -6.39193e-05
5437.15904359 5.16457132367 -0.0202322233183 5.63423869059 -2974 5956 -0.00138183
5176.84055334 5.16531078249 -0.0209733543133 5.59159638754 -2825.32 5658.64 -7.34598e-05
4677.48097907 5.15366756603 -0.0190011517304 6.33109953376 -2595.25 5198.5 -7.21923e-05
5771.67456846 5.1609418473 -0.0208559479144 6.07289804205 -2887.37 5782.74 -8.92209e-06
5792.73475233 5.15740211434 -0.0207828944965 6.39495034413 -2878.07 5764.14 -4.50216e-05
5084.81523921 5.15244308032 -0.0196703718792 6.68684251721 -2708.75 5425.5 -0.000936418
5276.67246842 5.1536878586 -0.0191434748724 6.05029322842 -2945.93 5899.86 -0.000432944
5379.71692096 5.16125527624 -0.0208639500618 6.25250566781 -2844.68 5697.36 -2.59225e-05
4870.80728623 5.15666099598 -0.0196191694686 6.1498092622 -2749.9 5507.8 -7.38906e-05
5115.15814419 5.16311174917 -0.0203721222834 5.65849171486 -2695.95 5399.9 -2.41409e-06
5434.49654782 5.16025722297 -0.0203005134322 6.02351618353 -2928.89 5865.78 -0.000305567
5461.2356708 5.15192974199 -0.0197043533687 6.53685422734 -2862.05 5732.1 -1.48374e-05
5511.56889767 5.16492637078 -0.0204156355171 6.26944319836 -2953.49 5914.98 -9.575e-05
5635.97980474 5.15106918809 -0.0194013329011 5.54117047913 -2840.84 5689.68 -0.000266065
5094.48721975 5.16526772861 -0.0206040502823 5.47732102195 -2718.02 5444.04 -2.82274e-05
5480.46861785 5.16550853851 -0.02115256644 6.21063948267 -3011.83 6031.66 -0.000913975
4943.02800803 5.1712765003 -0.0214588557199 5.83609263926 -2614.53 5237.06 -0.000868657
5589.61462554 5.15723029277 -0.0198753410953 5.9681342069 -3134.59 6277.18 -3.43116e-05
5175.51108226 5.15828031445 -0.0198860292443 5.80494154572 -2697.26 5402.52 -2.79587e-05
5041.64115262 5.16130466172 -0.0203627866062 5.36903195453 -2588.32 5184.64 -8.53722e-05
5017.24453062 5.15394171638 -0.0195743299497 6.28997938938 -2656.07 5320.14 -0.00138075
5514.6743481 5.15427388518 -0.0196708119682 6.35407468681 -2955.31 5918.62 -5.92949e-05
4853.53816956 5.16013864619 -0.0203458947576 6.19066065998 -2521.59 5051.18 -1.12169e-05
5207.55125278 5.16182629865 -0.019514322745 5.73196880923 -3086.25 6180.5 -2.14145e-05
4503.62483586 5.15953933888 -0.0196739782032 5.57962382356 -2417.93 4843.86 -0.00218127
5402.51953753 5.16261800315 -0.0208951453323 5.81545178088 -2770.95 5549.9 -2.59737e-05
5352.09268972 5.15736831677 -0.0200927232161 6.55572801134 -2806.94 5621.88 -0.000598785
5244.57548105 5.16192055495 -0.0202522280347 6.17361733113 -2853.49 5714.98 -8.16746e-06
5493.23078191 5.15436354889 -0.0209074029428 6.77860960512 -2686.74 5381.48 -0.000198345
5091.50524058 5.16203087289 -0.0201505749469 6.14975027891 -2849.58 5707.16 -8.01923e-06
4723.61749424 5.15612370353 -0.019755250329 6.38206277845 -2563.42 5134.84 -3.79554e-07
5459.4566556 5.1572946062 -0.0201032650278 6.48528427732 -2898.97 5805.94 -3.90152e-05
5233.74837524 5.16218343272 -0.0202858453171 6.39013119964 -2788.71 5585.42 -2.64387e-06
5716.12937175 5.16787126694 -0.0208460736866 6.27743600536 -3173.44 6354.88 -5.57119e-05
5314.59217902 5.15059677361 -0.018524949554 6.48484302979 -3055.74 6119.48 -2.77977e-05
5111.5905317 5.1569655652 -0.0192906125214 5.89876792018 -2841.24 5690.48 -1.28742e-05
5299.3996497 5.15999872906 -0.0193443822301 6.03826629141 -3122.61 6253.22 -0.000276676
5729.83022615 5.15827021492 -0.0205141599754 5.88307358738 -2854.41 5716.82 -0.0001078
5697.12503462 5.15502262239 -0.0199096414221 6.40858378619 -2977.55 5963.1 -0.000332753
4721.88840099 5.15184291572 -0.0187282905156 5.81071910365 -2670.39 5348.78 -4.20545e-06
5565.52434315 5.15157503351 -0.0191496246475 5.81166545857 -2937.81 5883.62 -0.000297114
4507.51022329 5.16721573472 -0.0197707247207 5.45548740264 -2689.73 5387.46 -9.55127e-08
4967.73375666 5.15515386193 -0.0193687928221 5.77774075235 -2677.33 5362.66 -6.51276e-05
5119.77836792 5.15551136984 -0.0189864401913 5.46406848697 -2940.44 5888.88 -2.3329e-05
5063.99775258 5.16641074458 -0.0205798982971 6.14767113353 -2846.99 5701.98 -2.75117e-06
5180.01500633 5.15271933929 -0.0192533599985 6.66240211696 -2901.37 5810.74 -4.97161e-05
5236.98709673 5.16362673957 -0.0202736899983 5.60156887477 -2866.06 5740.12 -0.000614718
4772.00246212 5.15746890113 -0.0191580321358 6.14700028629 -2826.72 5661.44 -4.35662e-06
5005.10340224 5.15685927426 -0.0200584448173 5.9652454625 -2627.79 5263.58 -1.35946e-05
5653.32926006 5.15269618608 -0.0197433263844 6.35838037251 -2890.71 5789.42 -0.000238346
5370.24241305 5.15073908399 -0.0197152754772 6.11064053384 -2683.26 5374.52 -4.00122e-05
5130.28861293 5.16614373738 -0.0212224250723 5.71179306278 -2671.53 5351.06 -2.51999e-05
4719.04915513 5.16207814098 -0.0202003199819 6.40192318436 -2658.24 5324.48 -1.92722e-06
5864.72387752 5.15949356204 -0.0200594815866 6.27693432882 -3223.91 6455.82 -7.99441e-06
5626.37492981 5.15697439252 -0.0199378713468 6.49798785889 -3027.03 6062.06 -0.000926937
5374.53608739 5.15635390008 -0.0195364723763 5.83905328902 -2834.62 5677.24 -0.000874759
5167.11072874 5.15928754224 -0.0206218282012 5.93435595202 -2644.24 5296.48 -2.44588e-05
4931.26054609 5.15367859152 -0.0195990275314 6.26752068923 -2607.52 5223.04 -7.13915e-06
5342.17605599 5.16104966183 -0.0194765884382 5.8419872477 -3034.18 6076.36 -6.87716e-06
5258.77731654 5.16109399708 -0.0207455863728 6.22413813293 -2779.73 5567.46 -1.61015e-05
4920.64273499 5.16261812634 -0.0206881103898 5.51026024793 -2578.02 5164.04 -0.000807101
5071.34781675 5.16414013628 -0.0209806634808 5.99768224424 -2761.25 5530.5 -3.82572e-05
5182.07727793 5.1598625204 -0.0204159855811 5.29399525541 -2642.65 5293.3 -4.67144e-06
5494.39116632 5.15375035879 -0.019109377712 5.87457852558 -3053.44 6114.88 -0.000656986
4664.12827585 5.15729140919 -0.0208726951065 6.64370963051 -2379.42 4766.84 -2.5681e-06
5323.11814752 5.15920823119 -0.0199272603987 5.8970478212 -2913.7 5835.4 -6.43315e-05
5207.1005866 5.1646175404 -0.0211824635977 6.27710364628 -2767.64 5543.28 -3.72397e-05
5740.15154307 5.16212778795 -0.0208823895081 6.48302577556 -3075 6158 -9.53587e-05
5524.89772108 5.15849792175 -0.0203486634446 6.1229840588 -2908.46 5824.92 -0.00265614
5261.9963998 5.16214308001 -0.0206414638212 6.60489145103 -2846.44 5700.88 -0.00038605
5801.56913158 5.1567045022 -0.0211081594631 5.33493693559 -2663.94 5335.88 -0.000306322
5124.97077356 5.15363576726 -0.0192726467405 6.63127000025 -2855.37 5718.74 -1.73857e-05
5205.43118395 5.14815447645 -0.0192287450468 6.97038050903 -2723.27 5454.54 -7.22353e-05
5170.06561755 5.16500531706 -0.0213878899943 5.89945478488 -2620.89 5249.78 -1.16363e-05
4943.88577603 5.15192777758 -0.0182559660384 5.08216980034 -2709.58 5427.16 -1.54059e-05
5168.48880988 5.15602688745 -0.0195517098143 5.94666872143 -2802.67 5613.34 -7.37077e-05
5448.94979086 5.16526715229 -0.0201067188623 5.70071057679 -3150.3 6308.6 -0.0001077
4787.72036226 5.15961035078 -0.0192989838807 5.85138574437 -2808.86 5625.72 -5.79585e-06
5683.83832712 5.17003026084 -0.0213714108724 5.63131582789 -3003.65 6015.3 -2.92394e-06
5398.57790416 5.15281827541 -0.0193416260339 6.14369679866 -2854.21 5716.42 -0.000387028
5083.94527075 5.16622901582 -0.0205665748597 5.71337468728 -2752.09 5512.18 -4.35953e-05
5560.50660398 5.1600159037 -0.0207990205347 5.90034704919 -2810.58 5629.16 -8.1751e-05
5276.12299623 5.16841684434 -0.0214923914675 5.45643444556 -2696.11 5400.22 -0.000418589
5793.34273316 5.15461477935 -0.019096672141 6.18651631593 -3253.81 6515.62 -3.80494e-06
4645.92963551 5.16328474224 -0.020298925335 5.99581032881 -2612.17 5232.34 -2.74631e-05
5238.95470549 5.16154038705 -0.0211802093526 6.18239541906 -2657.31 5322.62 -1.25074e-05
5032.74494989 5.1633482898 -0.0201249810119 6.16839038238 -2864.06 5736.12 -1.88656e-06
5372.42634328 5.15776540873 -0.0195079757398 6.03242358372 -2934.14 5876.28 -0.000386032
5337.69397797 5.15929872816 -0.0201279626685 5.65440670979 -2748.2 5504.4 -6.36385e-05
5432.48122237 5.16208354037 -0.0204089952382 6.23177522513 -2822.69 5653.38 -2.54485e-05
4884.5139127 5.16433761902 -0.0213829338257 5.97994139428 -2462.29 4932.58 -8.57729e-05
5267.80465323 5.15879580029 -0.0205298459952 5.6524050556 -2657.44 5322.88 -3.67794e-05
5049.27538368 5.15842702264 -0.0194746040043 5.83557135762 -2864.25 5736.5 -6.2582e-05
5413.99627675 5.15705294723 -0.0197794319956 6.94160944447 -3004.09 6016.18 -3.70587e-05
4793.77646049 5.15906995068 -0.0201624057971 5.89495347381 -2562.3 5132.6 -1.03152e-05
5134.23923976 5.15684391012 -0.0196522840581 5.86219423847 -2818.62 5645.24 -1.33428e-05
4877.60866883 5.16419310983 -0.020036600944 5.86094421443 -2703.98 5415.96 -1.3808e-05
5513.10419305 5.16343137617 -0.0204508776818 5.73398826509 -3053.26 6114.52 -0.00197002
5241.38935397 5.16113851233 -0.0207550145939 6.25043327896 -2709.96 5427.92 -3.25297e-05
5062.86235788 5.15944812402 -0.0200809621307 6.13608115304 -2731 5470 -0.000236507
5336.57760161 5.15697823576 -0.0201342210336 6.19408973131 -2690.43 5388.86 -0.00079446
5683.84338626 5.16756171094 -0.0213233750034 6.09100287531 -3026.63 6061.26 -0.000193379
5016.84514764 5.17235110061 -0.0211624917975 5.5227577648 -2829.59 5667.18 -0.000901902
4977.95611582 5.16004821776 -0.0200353156744 5.90121850735 -2747.07 5502.14 -0.000123244
5482.93619912 5.16141276021 -0.0200660844347 5.84462922034 -2928.96 5865.92 -2.88064e-06
5577.89666553 5.15487428173 -0.0201365859165 6.76722872657 -2888.97 5785.94 -0.0001889
5426.42795621 5.16362176203 -0.0208870795437 6.0538086357 -2972.88 5953.76 -0.00047624
5386.0293304 5.15873434313 -0.0199575297135 6.11015672581 -3004.74 6017.48 -3.84388e-05
5669.92446571 5.15632827138 -0.0200435444733 5.97669585418 -2872.67 5753.34 -0.00121912
4928.73244822 5.16168654624 -0.0201813963279 5.50736625839 -2722.91 5453.82 -0.000594119
5273.54154165 5.16163956445 -0.0200107445879 5.99338226411 -3003.5 6015 -9.70869e-06
4984.74852097 5.15389454126 -0.0195557534527 6.51101028887 -2632.44 5272.88 -4.46446e-07
5358.78204988 5.15763872947 -0.0199132112458 5.70403269153 -2763.96 5535.92 -0.00205292
5282.98002546 5.16008132239 -0.0199605879302 5.52055255922 -2945.82 5899.64 -0.000195103
5636.23392604 5.15537984147 -0.0201145189629 6.36741181158 -2844.73 5697.46 -0.00107511
4747.30160175 5.16426202053 -0.0206609782573 5.97468205376 -2618.49 5244.98 -0.000322662
5819.71545433 5.17054809791 -0.0218772927249 5.83242548928 -3023.64 6055.28 -0.000755244
4743.26733158 5.15805361509 -0.0193265412748 6.16392013968 -2743.62 5495.24 -0.0013631
4975.06872527 5.16560859089 -0.0208386454604 5.86758848187 -2671.37 5350.74 -9.43233e-06
5112.9858048 5.1580252821 -0.0195262906053 6.2982226056 -2954.32 5916.64 -0.000264804
5305.06283451 5.16231204879 -0.0202399852496 4.89095521168 -2742.56 5493.12 -8.72696e-05
5513.70143091 5.16226778297 -0.0210337742903 6.66480961896 -2896.7 5801.4 -8.45742e-07
5375.2393931 5.15395987241 -0.0197864950497 6.41805575315 -2788.11 5584.22 -0.00126509
5601.17963611 5.1501928436 -0.0191907875579 5.76483131307 -2794.34 5596.68 -1.38954e-05
5437.87196978 5.15784044129 -0.0199612064012 5.99561082819 -2863.86 5735.72 -0.00200278
4888.17655669 5.15679146036 -0.0192692525792 5.79065156355 -2764.84 5537.68 -0.00125077
5633.82961323 5.16109054169 -0.0209396267468 6.09314387577 -2821.07 5650.14 -2.81099e-05
5448.5144294 5.15406985216 -0.0194151416903 6.24691986399 -2953.03 5914.06 -8.2976e-05
5670.92679336 5.16412303547 -0.0209169611212 5.5858970533 -2932.86 5873.72 -2.07834e-05
5289.00509593 5.15652096583 -0.0198429053881 6.19780654015 -2803.52 5615.04 -3.74752e-06
5423.67762615 5.16392340917 -0.0209147957662 6.31049351187 -2897.86 5803.72 -7.36637e-05
4938.76487937 5.16358087119 -0.0206040761618 6.36803540752 -2745.28 5498.56 -1.39675e-07
5351.49581776 5.16758597186 -0.0213585403667 5.54894568219 -2741.95 5491.9 -1.00134e-05
4828.6191779 5.15500788209 -0.0200760853419 6.38722787801 -2471.83 4951.66 -0.00181084
5207.39281233 5.15725101883 -0.0203192270994 5.72385117819 -2630.23 5268.46 -4.99227e-06
5864.76845699 5.16178058858 -0.0206769909964 5.67212766508 -3049.5 6107 -2.71103e-05
5418.5776648 5.15728966561 -0.0206208271968 6.20504696563 -2703.67 5415.34 -4.47384e-05
5504.34683962 5.16419882136 -0.0218819545566 6.08908816468 -2664.11 5336.22 -0.000628791
4955.03941581 5.15944067308 -0.0203200465695 6.7628684125 -2634.04 5276.08 -0.000381763
4798.07972278 5.15686977173 -0.0193026990423 6.36305965187 -2785.28 5578.56 -0.000930477
5013.54490408 5.15710139576 -0.0198259626279 6.1132764148 -2630.69 5269.38 -9.95226e-05
5122.45537995 5.16238440939 -0.0206660046949 5.82368954995 -2663.48 5334.96 -5.06285e-06
4806.51607721 5.16605868189 -0.0207949979237 5.90447513497 -2561.56 5131.12 -5.37631e-05
5230.50951259 5.16282311666 -0.0205510727079 6.2947224347 -2939.9 5887.8 -6.97743e-05
5602.43622836 5.16621643051 -0.0207873970969 6.00076606769 -3066.68 6141.36 -3.8499e-06
5689.27521582 5.15909637919 -0.0204960884493 6.24361408318 -2927.04 5862.08 -0.000384748
5611.21710935 5.15331111675 -0.02009096714 6.33774720413 -2875.74 5759.48 -0.000141206
5008.59058593 5.16102643315 -0.0206463112511 6.40783643007 -2652.12 5312.24 -6.95338e-05
5332.90659129 5.15259256526 -0.0200778250504 6.93810304919 -2707.97 5423.94 -3.87297e-06
5573.45640631 5.15736616451 -0.0203681154363 6.16087858799 -2865.02 5738.04 -4.07383e-06
5088.19896044 5.16313437883 -0.0200734717819 5.73732574164 -2868.58 5745.16 -0.000746706
5041.58956979 5.16568716298 -0.0209866653271 6.3337470007 -2776.36 5560.72 -1.58595e-05
5520.53379533 5.16188745502 -0.0212577367231 6.17444995328 -2783.48 5574.96 -7.47736e-05
5064.25686056 5.15724561107 -0.0191660556315 6.0970342172 -2915.87 5839.74 -8.00538e-05
5390.93675005 5.15709867028 -0.020651284057 6.56119275845 -2756.58 5521.16 -1.59938e-05
4958.1855141 5.15539852998 -0.0190402854822 5.51808476413 -2754.92 5517.84 -0.000264619
5236.44633238 5.16525887891 -0.0199642926089 5.6201786895 -2889.47 5786.94 -7.58872e-05
5663.84417753 5.16817325753 -0.0221443329809 6.14555892139 -2872.7 5753.4 -3.58171e-05
4796.34667026 5.16474067151 -0.0204053361205 5.64909627857 -2654.84 5317.68 -0.00017459
5238.30233053 5.16946943863 -0.0213893595746 6.19157957203 -2898.06 5804.12 -0.000132529
5632.52436202 5.1537428376 -0.020187509041 6.62890090231 -2796.68 5601.36 -0.000195038
5405.42102085 5.1584828718 -0.0199794787975 5.85040097334 -2961.41 5930.82 -2.0695e-06
5038.77490513 5.15097615751 -0.0192118378659 6.45413196738 -2674.46 5356.92 -2.51573e-05
5126.85094261 5.15867060407 -0.0196568243165 5.97282277395 -2891.09 5790.18 -3.57032e-05
5156.14629539 5.16408549372 -0.0212487861703 6.25248065438 -2737.08 5482.16 -3.04069e-05
5419.60642261 5.15970615596 -0.0200806660406 5.7276745052 -2844.81 5697.62 -7.20062e-06
5121.48570302 5.15774818141 -0.0199468429618 6.3323010827 -2795.09 5598.18 -0.0012668
5310.60024089 5.16257124021 -0.0205024974132 6.20924215434 -2824.7 5657.4 -1.09019e-05
5480.39849608 5.16419957879 -0.0207540281879 5.9506796979 -2937.93 5883.86 -8.52534e-06
5618.20041462 5.16335166782 -0.020328915056 6.04579580579 -3068.69 6145.38 -0.000120655
4792.74577439 5.15816933195 -0.0193225463112 5.54726986677 -2752.07 5512.14 -0.00151627
5113.31205591 5.14839874564 -0.0188845205151 6.41190722968 -2770.84 5549.68 -0.000316573
5156.45770682 5.16325242606 -0.0202241170891 6.16453864944 -2970.99 5949.98 -5.17254e-05
6004.92808777 5.16646565506 -0.0215037651285 5.97432536528 -3054.5 6117 -4.62943e-05
5878.47300388 5.15394746606 -0.019889313826 6.17600132755 -3023.89 6055.78 -4.04786e-06
5247.87106228 5.16333061989 -0.0207751155674 5.3412820715 -2658.78 5325.56 -6.77196e-05
5335.07797854 5.1545853215 -0.020118640007 6.31296392067 -2633.61 5275.22 -0.000121557
5233.43197982 5.16402158869 -0.0208438184484 5.72802742691 -2701.51 5411.02 -3.99708e-05
5231.42959337 5.15406861758 -0.0192698339564 5.79960366842 -2767.29 5542.58 -9.65209e-05
4868.13821321 5.16064052252 -0.019868509071 5.40867993262 -2713.39 5434.78 -7.8881e-05
4933.97540021 5.15382198789 -0.0193356768488 6.01876208736 -2740.75 5489.5 -0.000295716
5326.92252277 5.15675655254 -0.0199761845342 6.29152790912 -2812.11 5632.22 -0.000603466
4970.87718979 5.17214562221 -0.0229253808292 5.74805262878 -2422.11 4852.22 -6.87582e-06
5346.48557482 5.15654579759 -0.0196742079586 6.12790838726 -2911.97 5831.94 -9.69124e-05
4748.8540597 5.15531398709 -0.019364918781 6.30093510611 -2596.82 5201.64 -6.6728e-05
4487.406229 5.15820960257 -0.0193797592272 6.06917590518 -2549.74 5107.48 -2.94651e-06
5067.50807827 5.15536028853 -0.019846513096 6.62560065337 -2738.32 5484.64 -4.71669e-05
5880.74893271 5.16428803209 -0.0216227987625 6.98148035457 -2929.31 5866.62 -0.000205284
5118.66175708 5.16581545819 -0.0208385085937 5.58397884918 -2756.95 5521.9 -0.000212264
5202.50027369 5.14880541113 -0.0187431027602 6.585982818 -2848.81 5705.62 -7.90399e-06
5252.51660806 5.15622963996 -0.0201219490931 5.68656269396 -2740.34 5488.68 -0.00028911
5720.81368396 5.15322145926 -0.0193106842152 6.12462178048 -3087.81 6183.62 -0.000412485
5373.40020528 5.16057410451 -0.0203683352157 6.22631105182 -2808.24 5624.48 -9.09528e-06
5707.70230942 5.15532969802 -0.0206335062445 5.72860948191 -2808.81 5625.62 -0.00054187
5486.76244351 5.15340485484 -0.0193642521485 6.04068561202 -2938.2 5884.4 -1.58856e-05
5147.69974916 5.15302775495 -0.0189208670339 5.97724635602 -2974.41 5956.82 -4.46487e-05
5497.17425325 5.16631102685 -0.0206081341467 5.85144027724 -3021.68 6051.36 -1.99386e-05
5286.54175222 5.16146489833 -0.0200461854592 6.03770521318 -2940.97 5889.94 -0.000697904
4985.5166932 5.16441899667 -0.0205105010879 5.38231948867 -2698.62 5405.24 -2.06657e-05
5249.81293012 5.15604465674 -0.0196782722035 5.986713928 -2764.62 5537.24 -0.000185608
5015.56263103 5.15668082225 -0.020000333579 6.17451770966 -2604.82 5217.64 -0.00169257
5664.49990374 5.15767832394 -0.0212156316918 5.89637693481 -2657.45 5322.9 -6.19861e-05
5285.63859124 5.1592146671 -0.0207011194602 6.36017402416 -2658.89 5325.78 -0.000140364
5122.30870788 5.1582747452 -0.0200299320589 6.49663072861 -2780.44 5568.88 -1.76947e-05
5777.7234962 5.16213312455 -0.0210205430328 5.80852038932 -2879.21 5766.42 -0.000225536
5078.08109922 5.15937586505 -0.0202609040362 6.24719647254 -2709.35 5426.7 -8.808e-05
5139.3394681 5.15843553577 -0.0198176154716 5.87561084362 -2756.06 5520.12 -0.000774741
5589.22636092 5.15723574592 -0.0202945142098 5.75530290712 -2763.01 5534.02 -5.01331e-05
5187.31483019 5.16404439686 -0.0204198604518 6.04721792822 -2872.69 5753.38 -6.73158e-06
5508.67565727 5.15327046815 -0.0190788745883 6.26764790475 -3042.7 6093.4 -3.45215e-05
5697.89202575 5.16565406659 -0.0216080222591 6.3472465725 -2941.59 5891.18 -2.58535e-05
5146.59237672 5.15968944887 -0.0194890683923 5.76402511464 -2860.32 5728.64 -0.00231781
5477.91122073 5.15712892685 -0.0198677650595 6.02047622295 -2946.94 5901.88 -4.08404e-05
5378.16286056 5.15236554388 -0.0193017957565 5.99392772638 -2907 5822 -0.00130706
5430.80483904 5.15634532166 -0.0195672198922 6.18380630756 -3034.55 6077.1 -3.47108e-05
5216.43956932 5.15084481935 -0.0187059144983 5.90342143955 -2814.8 5637.6 -0.000182186
4720.71059629 5.16346353456 -0.0203447692149 6.06177943058 -2583.02 5174.04 -0.000761389
5933.19105527 5.16301562178 -0.0216292268272 6.41352385352 -2870.46 5748.92 -2.0311e-05
5299.86120586 5.15343774134 -0.0189753492869 6.49314851321 -3028.14 6064.28 -0.000100821
4739.94093431 5.16796264664 -0.0207170260508 5.54407136661 -2691.2 5390.4 -4.70142e-06
4684.59334926 5.16092508648 -0.0197931889283 5.99606412067 -2610.55 5229.1 -6.71457e-06
4699.80435003 5.15665496097 -0.0196930348162 6.13486982969 -2612.91 5233.82 -6.01318e-05
5363.99918747 5.16612543421 -0.0215421505339 6.31865689266 -2818.27 5644.54 -1.32715e-05
5267.88772679 5.17043466673 -0.0218960551771 6.13285602913 -2762.49 5532.98 -5.27022e-06
5161.78243876 5.16770052093 -0.0211064904861 6.41663791062 -2804.68 5617.36 -1.62645e-05
5601.09797664 5.15598442997 -0.0195090771483 5.52539399883 -2961.64 5931.28 -5.50613e-07
5278.38725139 5.15334388455 -0.0191765191952 6.33553461259 -2991.24 5990.48 -5.64068e-06
5129.08467807 5.16252675465 -0.0200525107214 5.78170964223 -2893.07 5794.14 -9.95626e-05
4805.57237089 5.15347763427 -0.0194670175169 6.2746440957 -2628.93 5265.86 -7.01043e-05
5246.78378272 5.15273414616 -0.0191836399736 6.10754749151 -2847.6 5703.2 -0.000129926
5512.38420199 5.1686844617 -0.021964481593 6.25727668024 -2852.72 5713.44 -1.64048e-05
5155.73208043 5.15437584083 -0.0201309258881 6.46584219983 -2625.92 5259.84 -4.52404e-05
4918.14854013 5.16149018042 -0.0205923250266 6.24024825653 -2627.72 5263.44 -0.000121324
5395.34912045 5.15982168996 -0.0200688232176 6.10518672709 -2885.14 5778.28 -3.478e-05
5444.925826 5.16023847659 -0.0206338292413 5.81620975368 -2769.38 5546.76 -2.58025e-05
5578.7925598 5.16321078112 -0.0217907812099 6.38305272054 -2712.93 5433.86 -0.000393217
5473.43884093 5.15807539843 -0.0200665949006 5.91749732595 -2895.16 5798.32 -0.000323511
5304.92577389 5.15833224187 -0.0205424390197 6.32913525889 -2748.98 5505.96 -8.02437e-06
5692.23099674 5.15903974459 -0.0200331996121 5.95026395463 -2991.55 5991.1 -0.000739916
4854.89668196 5.16357883305 -0.0205337359467 5.68869858944 -2558.33 5124.66 -8.0189e-06
5414.15152186 5.15427708853 -0.0204947039707 6.97127473305 -2768.96 5545.92 -1.20731e-05
5071.97596034 5.15584382939 -0.0200542148911 6.36339335339 -2668.65 5345.3 -0.000754416
4402.84585757 5.15968497589 -0.0188660826768 6.06738221653 -2628.77 5265.54 -6.2676e-05
5360.8234633 5.15489534529 -0.0191592610218 5.98062738189 -2952.78 5913.56 -0.000134203
5220.19894147 5.16122803228 -0.0202319287842 5.64481471677 -2814.65 5637.3 -0.00012895
4489.4735595 5.16031234315 -0.0197521869166 5.83008010892 -2466.96 4941.92 -1.48211e-05
5343.32351656 5.16328403302 -0.0200427619176 5.9532839342 -2997.16 6002.32 -0.000190385
5054.86084059 5.16582473727 -0.0205163711552 5.84171108642 -2710.9 5429.8 -0.00156144
4791.51459059 5.15487885074 -0.0194713512573 6.2257773977 -2584.41 5176.82 -0.00233293
5587.39237222 5.15861201387 -0.0204489418972 6.45974115365 -3023.66 6055.32 -8.26352e-05
5382.10666108 5.15671255423 -0.0197177718034 6.26183554264 -2913.43 5834.86 -1.19906e-06
5104.03266579 5.15946462931 -0.0196084279732 6.26358740734 -2922.26 5852.52 -0.000706175
5563.56249386 5.1640874403 -0.0198792826323 6.05999870534 -3191.4 6390.8 -3.14433e-05
5261.23147419 5.15400687282 -0.0196973101427 6.34476408192 -2778.31 5564.62 -0.000193461
5509.52037428 5.1690292717 -0.0215980263471 6.12800988704 -2807.6 5623.2 -0.0030243
4798.88110491 5.16043384104 -0.0196519571953 6.06359275994 -2672.38 5352.76 -4.07903e-08
5558.16690611 5.16215564396 -0.0206652682931 5.46223433231 -2864.46 5736.92 -1.02397e-05
5336.78028755 5.15884841213 -0.0199641147612 6.00181674535 -2865.31 5738.62 -0.0018245
5660.64655032 5.15746317382 -0.0207442207506 6.89156811441 -2924.78 5857.56 -2.40493e-05
5692.35582325 5.15533675657 -0.0197883111828 6.46986002238 -3050.13 6108.26 -8.94371e-05
4660.53289896 5.1621336388 -0.0200302173265 5.78021087178 -2670.93 5349.86 -1.05883e-05
5001.39559742 5.16533220602 -0.0202325713194 5.97379272939 -2854.4 5716.8 -4.99249e-05
5741.32014637 5.15749255993 -0.0204747804032 6.19193127704 -2850.92 5709.84 -7.22979e-05
4958.25447017 5.14787459749 -0.018764927207 6.4105050973 -2559.48 5126.96 -5.23279e-05
5782.37520861 5.15795814377 -0.0206360771413 6.02828016017 -2917.84 5843.68 -4.8273e-05
4979.56850759 5.16874254117 -0.0214271458173 5.63715268865 -2555.22 5118.44 -0.000195718
5324.53437995 5.1607888686 -0.0202420156159 6.09684285575 -2919.83 5847.66 -5.06826e-06
5180.63534032 5.16929809125 -0.0217917690618 6.02755358054 -2738.92 5485.84 -4.84691e-05
4816.45239645 5.16826758086 -0.0207935767006 5.64370287628 -2581.05 5170.1 -5.05668e-05
5776.85966993 5.16658277581 -0.0215692704067 5.78204110379 -2907.1 5822.2 -6.52949e-05
5429.16594412 5.16620921267 -0.0211147384293 5.33310296037 -2822.73 5653.46 -0.000326107
5362.95770403 5.1571404808 -0.0197558129995 5.9059832271 -2933.92 5875.84 -0.000136593
5188.88675582 5.16221326111 -0.0211538601251 6.46322826378 -2668.08 5344.16 -0.000414907
4908.98604024 5.15595414716 -0.0192110107461 5.97316647043 -2735.06 5478.12 -7.47588e-05
5525.28001344 5.16478524007 -0.021224557069 6.13464849026 -2914.98 5837.96 -4.12373e-05
5213.00302122 5.15361380882 -0.01906950529 5.55066812529 -2806.72 5621.44 -8.01002e-06
4483.96576598 5.15727895457 -0.0200384629672 6.59507002357 -2434.96 4877.92 -4.00052e-05
6057.90377776 5.14878375216 -0.0190894547965 6.38907597544 -3172.54 6353.08 -0.000477845
5087.94096629 5.14701079979 -0.0188519454328 6.37399486059 -2676.18 5360.36 -2.4362e-05
4730.26939812 5.16021926091 -0.0191987125824 5.50010715006 -2719.08 5446.16 -5.0621e-05
5499.29851313 5.15285019307 -0.019721341416 6.13506462878 -2879.77 5767.54 -1.59294e-06
5299.11171297 5.15488096524 -0.0193707229986 6.10275621236 -2942.44 5892.88 -2.25986e-05
4505.29511556 5.15821514029 -0.0194655490195 6.63980823991 -2614.51 5237.02 -8.19365e-05
5145.77231021 5.1632897818 -0.0205257115432 5.46095077932 -2698.94 5405.88 -0.00191677
5036.60678652 5.15890033891 -0.0193034228513 5.69495835649 -2763.57 5535.14 -8.45032e-05
5702.53240622 5.15556945986 -0.0197848679613 6.10071940856 -2999.29 6006.58 -0.000685307
5106.54474986 5.15549646666 -0.0199410434437 6.15162417062 -2676.78 5361.56 -2.89613e-05
4904.94477953 5.16368221211 -0.020397318635 5.95038285038 -2774.97 5557.94 -3.86123e-05
4696.07968137 5.16333101277 -0.0203496023863 6.34505635871 -2651.47 5310.94 -0.000486948
5273.72485353 5.16114812066 -0.0206265970945 6.28571985075 -2862.07 5732.14 -8.31208e-06
5068.61413425 5.16122384001 -0.0192991204476 5.64846052257 -2928.59 5865.18 -0.000165384
4588.28190854 5.1658950855 -0.0201353243563 6.11650081774 -2698.75 5405.5 -1.48082e-06
5129.48705097 5.14787328563 -0.0192058126961 6.78468397723 -2686.31 5380.62 -4.02143e-06
5702.51995847 5.15514992282 -0.0201706058333 6.7618423348 -2998.19 6004.38 -0.00122816
4825.63044161 5.15215659721 -0.0193148322599 6.37149754282 -2515.45 5038.9 -1.07066e-05
5609.66581774 5.1510346471 -0.0191455581929 6.30096231174 -3003.05 6014.1 -0.000517192
4853.5497506 5.15379299021 -0.0193057115539 6.35841050385 -2613.87 5235.74 -4.07521e-05
5783.14845202 5.16609210388 -0.0209631192749 5.65105490024 -3003.98 6015.96 -4.17974e-05
5801.37883846 5.15302943193 -0.0203743522499 6.34273491833 -2897.42 5802.84 -9.50721e-05
5265.10120566 5.15517287411 -0.0192823006039 6.155689106 -2934.16 5876.32 -6.8908e-05
5315.86556071 5.16389444321 -0.0207815944451 5.96530032592 -2821.96 5651.92 -2.49456e-05
5231.81442399 5.16346515543 -0.0207555410231 6.23498328222 -2735.33 5478.66 -2.87585e-06
4965.55055914 5.15898519246 -0.0192797676677 5.83726800129 -2838.31 5684.62 -1.61865e-05
5682.0251691 5.16737862486 -0.0213789421105 6.19098943239 -2976.82 5961.64 -6.27892e-06
5688.47622291 5.16140621625 -0.0203570930893 5.83989194642 -3050.83 6109.66 -0.000138717
5439.7562597 5.15717828633 -0.0205057837906 6.86533284938 -2834.14 5676.28 -1.39966e-05
5489.66046267 5.16609100769 -0.0207331094884 5.69068005576 -2938.54 5885.08 -4.05477e-07
5405.23213891 5.16408228585 -0.0212163102028 5.89764462019 -2787.26 5582.52 -5.63685e-06
5121.4290164 5.15934420568 -0.0197461939198 5.91904683037 -2808.34 5624.68 -1.22429e-06
5190.56221735 5.15725001615 -0.0203518919066 5.96073994187 -2713.65 5435.3 -6.71195e-05
5003.77795134 5.16444425652 -0.0208494150401 6.43283105625 -2775.11 5558.22 -5.5776e-05
5590.33092351 5.15072558744 -0.0196186697282 6.43618221979 -2850.65 5709.3 -4.24185e-05
5332.52016623 5.15420413958 -0.0197731500332 6.62306211432 -2805.65 5619.3 -1.98018e-05
5636.38449165 5.1614227793 -0.0211614152495 6.29601874718 -2880.21 5768.42 -1.25514e-05
5458.12313796 5.15637928488 -0.0189039277544 5.86560295784 -3105.29 6218.58 -0.000118368
5860.58094785 5.157519022 -0.0201487541202 6.49963974368 -3229.95 6467.9 -3.00821e-05
5164.36926995 5.15611291872 -0.0199730478862 6.55607201004 -2727.03 5462.06 -3.5069e-07
5429.68947505 5.16322624793 -0.0199361014662 5.69010168203 -3046.86 6101.72 -1.81101e-05
5372.56752861 5.1543688163 -0.0198878071938 6.22163618844 -2876.33 5760.66 -4.79509e-06
5469.23232489 5.17336849873 -0.0224554236548 5.78647011479 -2750.1 5508.2 -9.767e-05
5177.02560135 5.15799110387 -0.0196845105525 5.9725433352 -2825.77 5659.54 -0.000210825
5248.73936362 5.15534035985 -0.0191489612193 6.10688619627 -3022.66 6053.32 -3.31201e-06
5351.06031327 5.16875477433 -0.0215329345501 5.32188354016 -2669.92 5347.84 -4.45144e-06
4992.4301979 5.16380310778 -0.0205626522799 5.83289850116 -2630.61 5269.22 -0.00205767
5417.90915233 5.15874201035 -0.0191401069558 5.96267903009 -3041.27 6090.54 -1.79179e-05
5346.92079841 5.15716750511 -0.0202642076604 6.50618263225 -2769.23 5546.46 -0.00022865
5601.18689425 5.15102748573 -0.0193976000298 6.36363787026 -2983.4 5974.8 -0.00647425
4958.7138314 5.16590443415 -0.021124590001 6.27577364179 -2641.75 5291.5 -1.04429e-05
5769.63332723 5.15414311209 -0.0192797142072 5.94306346929 -3108.8 6225.6 -0.00073179
5219.44762468 5.15613956786 -0.0193406310818 6.01943625356 -2818.47 5644.94 -7.15704e-05
5096.50276146 5.15383374704 -0.0187103286755 5.91162951905 -2903.91 5815.82 -7.59561e-05
5296.66736887 5.15451463292 -0.0196054364068 6.48995718152 -2871.94 5751.88 -7.19101e-07
5177.5240682 5.16485038787 -0.0204291357084 5.8934021736 -2818.89 5645.78 -1.99254e-06
4905.40134291 5.15536963605 -0.019684849251 5.91898477802 -2569.65 5147.3 -4.82672e-06
5213.14776947 5.16875613396 -0.0213197553691 5.90647524992 -2803.19 5614.38 -3.14551e-06
5579.59768428 5.1549667364 -0.0198775036828 6.30614355012 -2932.09 5872.18 -0.000692964
5395.30169465 5.15704317054 -0.0202594281631 6.03124089895 -2762.02 5532.04 -9.12449e-05
5359.5591484 5.15931589315 -0.0199827452919 6.08280731583 -2977.98 5963.96 -5.54449e-05
5400.04334012 5.15560558944 -0.019566814706 5.59581114304 -2807.15 5622.3 -5.63873e-05
4957.57051976 5.15690699514 -0.0198401709367 6.29825392552 -2608.81 5225.62 -2.42126e-05
5789.41726817 5.16494733349 -0.0207893529093 5.50001090525 -3060.14 6128.28 -0.000191517
5155.370825 5.16771738787 -0.0211773735796 5.9761142736 -2726.27 5460.54 -5.39055e-05
5314.74780466 5.16350966212 -0.0212799470297 6.23344219643 -2665.93 5339.86 -0.00128083
5362.33288448 5.16145988519 -0.020129686974 5.2131160364 -2922.64 5853.28 -3.61319e-05
5118.58714944 5.15484836544 -0.0195285477048 6.17227565023 -2670.63 5349.26 -4.8142e-05
5429.53036727 5.1614363642 -0.0210848924663 6.61398003365 -2779.77 5567.54 -2.33292e-05
5435.81145684 5.15222750829 -0.0186133243729 5.79173718582 -3054.09 6116.18 -4.9058e-05
4767.52189406 5.15799653423 -0.0194362184407 6.26106661211 -2719.56 5447.12 -6.07635e-05
4990.97462523 5.15381178309 -0.0192931392842 6.06037877502 -2700.86 5409.72 -2.12958e-05
5281.26360105 5.16181335388 -0.0200595805601 5.62062669489 -2851.38 5710.76 -2.47287e-06
5218.80117649 5.15528672582 -0.0202815895124 6.31129249649 -2647.39 5302.78 -1.66036e-05
5528.91213327 5.15875046432 -0.0201153742252 6.67826345566 -3020.36 6048.72 -0.00135699
5393.49090275 5.15781468739 -0.0203199210785 5.95230499562 -2795.62 5599.24 -1.46025e-06
4952.6879547 5.16051966301 -0.0192344075887 5.31265246893 -2873.73 5755.46 -0.00174384
4677.27614261 5.15843385531 -0.0190401732381 5.85621026661 -2681.11 5370.22 -1.24319e-05
5915.85455615 5.16328944177 -0.0208437515809 5.95590522264 -3118.71 6245.42 -0.000140838
5065.32444322 5.16355469854 -0.0209128260395 5.92152639853 -2620.61 5249.22 -7.83154e-05
5435.43679755 5.15215889157 -0.0195636725931 6.19168128 -2831.12 5670.24 -0.000102534
5270.20368705 5.16339992564 -0.0205751897257 6.09408661492 -2928.21 5864.42 -8.36236e-06
5037.90813744 5.15834958912 -0.0195011228452 5.90373394131 -2822.4 5652.8 -7.17371e-05
5252.5922436 5.1581689924 -0.0199063500658 6.37222209529 -2903.93 5815.86 -0.000608601
5365.93968273 5.1525717472 -0.0198033442148 5.64392570939 -2651.95 5311.9 -0.000419422
5273.36295749 5.16254294973 -0.0202895425208 6.2085883338 -2940.99 5889.98 -7.91132e-06
4831.90827726 5.15733840547 -0.0188211443207 5.99097800882 -2795.23 5598.46 -0.00320291
5485.41532504 5.16378405441 -0.020848465331 6.30090437066 -2943.12 5894.24 -1.28321e-05
5503.32293405 5.16297275566 -0.0211323939766 5.87933952014 -2805.22 5618.44 -1.19117e-05
5610.86343054 5.15970484657 -0.0214245239827 6.20108130326 -2654.07 5316.14 -2.97844e-05
5378.03143065 5.15663064449 -0.0201610952012 6.29023990165 -2893.15 5794.3 -0.000418203
5291.31786328 5.16290260013 -0.0203203180837 5.4932919214 -2799.37 5606.74 -0.00013874
5163.21563869 5.16011881299 -0.0197548941791 5.96610282676 -2828.44 5664.88 -9.81988e-05
5707.14650974 5.15492175374 -0.0195335726725 6.57732143789 -3126.34 6260.68 -2.18855e-05
4816.20469876 5.15670706649 -0.019540556035 5.88055397951 -2646.39 5300.78 -3.17356e-05
5359.74953417 5.16590669577 -0.0209026001151 5.48177195214 -2796.08 5600.16 -9.9486e-05
4838.46219264 5.15739334951 -0.0192176875873 6.25359448295 -2758.31 5524.62 -1.71338e-05
5110.75096845 5.16431891668 -0.0205461231465 5.63586662289 -2887.8 5783.6 -2.9951e-05
5385.93247935 5.16060728223 -0.0203390543014 5.90813249031 -2824.74 5657.48 -2.08628e-05
5049.55786111 5.15700145479 -0.0202410978945 6.15315612706 -2615.06 5238.12 -2.89215e-05
4958.22510095 5.1535126803 -0.0193268768393 6.25972326049 -2614.7 5237.4 -0.000767301
5619.80963989 5.16301970931 -0.0202001527895 6.14293440309 -3068.41 6144.82 -1.53234e-05
4593.56193032 5.16521029488 -0.0204497809628 5.85143631099 -2543.59 5095.18 -0.000105895
5618.78686658 5.15710363651 -0.0200356234319 6.32271085824 -2944.46 5896.92 -9.77367e-06
4955.45127635 5.15362883057 -0.0198507282492 6.59438945472 -2620.32 5248.64 -0.000110102
5131.8790706 5.16111439476 -0.0202335975967 6.06441696293 -2790.24 5588.48 -0.000216432
5430.427124 5.1588683286 -0.020540184306 6.14503331452 -2941.36 5890.72 -0.000172758
5505.45744776 5.15862579353 -0.0202502624998 5.71887981945 -2951.87 5911.74 -0.00637279
5127.18656234 5.15789296257 -0.0194083555507 5.40722665974 -2773.07 5554.14 -0.000394423
4766.80014363 5.16215663354 -0.0196910179429 5.77760803115 -2732.1 5472.2 -3.81971e-05
5405.40844815 5.162555688 -0.0207238084397 6.393839391 -2904.06 5816.12 -0.000190934
5302.3514522 5.1586049415 -0.0193673257115 5.82433483425 -2954.85 5917.7 -1.24575e-05
5632.38700682 5.16226955707 -0.0205746752643 6.22805897977 -2949.48 5906.96 -0.000170061
4502.41767435 5.15845186053 -0.019318069993 6.22282527676 -2570.08 5148.16 -2.84847e-06
5320.15912543 5.16253586467 -0.0203102960547 5.74218960647 -2853.33 5714.66 -2.37945e-06
5671.13453415 5.15898587821 -0.0195415800928 6.04564741602 -3237.8 6483.6 -0.00296894
5169.66792932 5.16404713809 -0.021019133387 6.08402938423 -2719.86 5447.72 -2.01445e-05
5337.34851787 5.15555258499 -0.0197350699772 6.19939152248 -2865.14 5738.28 -0.000137343
5228.92783739 5.16354441205 -0.0202725049497 5.83336760473 -2882.02 5772.04 -0.00172824
5587.30428672 5.16024096934 -0.0207620827281 6.15113315727 -2923.21 5854.42 -0.00294418
4935.89475377 5.16273292855 -0.0201249658537 5.91429494106 -2698.62 5405.24 -5.56538e-05
5281.40497659 5.1615990151 -0.0198563374914 6.47367231116 -3059.08 6126.16 -2.1533e-05
5246.63111861 5.15342331595 -0.0194661182232 6.16307417498 -2870.22 5748.44 -7.23871e-06
5257.36576636 5.15812021994 -0.0203786049119 6.1041595718 -2694.36 5396.72 -0.00043251
4951.07443043 5.16280850071 -0.0204362318388 5.91971999239 -2622.44 5252.88 -8.75785e-06
5785.53769988 5.15627547567 -0.0201299329397 6.49891624424 -2947.61 5903.22 -0.00208059
5445.56430364 5.15670788772 -0.0205689220287 6.774489178 -2848.67 5705.34 -0.00144012
5109.97923096 5.15793791627 -0.0192712962483 6.03025862055 -2898.48 5804.96 -2.02662e-05
4558.56339722 5.17053496066 -0.021495589175 6.09023497071 -2434.66 4877.32 -1.91888e-05
5142.77130465 5.16171154119 -0.0200537523241 5.9343913333 -2864.38 5736.76 -0.000482365
5250.77960514 5.16381455661 -0.0200142829993 6.10920424515 -3034.33 6076.66 -0.000284633
4893.19657372 5.16426264543 -0.0205925033024 5.98317379766 -2637.35 5282.7 -0.00044497
4843.08810933 5.15813427918 -0.0197475577874 6.0057789548 -2675.08 5358.16 -0.000560648
4823.83152296 5.16007451187 -0.019367567178 5.56421552232 -2760.92 5529.84 -4.85844e-05
5244.15681232 5.16647676283 -0.0211057545644 5.94336649865 -2761.4 5530.8 -9.42235e-05
4946.31389536 5.15743544376 -0.0191299603334 5.95844684171 -2851.15 5710.3 -1.77599e-05
5549.47097107 5.16089469961 -0.0204043651473 5.90457253083 -3004.31 6016.62 -1.37158e-06
5266.70191408 5.16483188068 -0.0207802554049 6.07993947962 -2880.38 5768.76 -1.67321e-05
5425.91545701 5.16241091639 -0.0204450134356 6.27575298003 -2864.67 5737.34 -4.6532e-05
4965.76942987 5.16439421784 -0.0202585642939 5.87138851517 -2780.08 5568.16 -6.83775e-06
4470.53689766 5.15800550476 -0.0199314675465 6.22547236352 -2438.91 4885.82 -0.000158459
5192.8419403 5.15212693302 -0.0198429564453 6.73932815723 -2673.54 5355.08 -5.5566e-05
5386.90987681 5.16023985789 -0.0202908021651 6.26373805209 -2880.94 5769.88 -6.77292e-06
5206.57319011 5.16371351302 -0.021004325357 6.23894232405 -2777.62 5563.24 -0.000338811
5503.30870063 5.16173853228 -0.0201725810594 6.33790787828 -3063 6134 -1.77731e-05
4972.20815909 5.16528070137 -0.0202145749716 6.07161657584 -2955.99 5919.98 -0.000176123
5187.99582005 5.16035261532 -0.019878483668 5.49966562384 -2821.02 5650.04 -5.92971e-05
5272.55884122 5.16284217761 -0.0208693560109 6.12793638129 -2813.78 5635.56 -4.96341e-05
4613.73994665 5.155005708 -0.019278783772 6.67458834634 -2567.8 5143.6 -2.73924e-05
5270.18555536 5.15939994603 -0.0200104663362 5.61024942079 -2858.22 5724.44 -3.35491e-05
5023.20705316 5.15400773646 -0.018972393991 6.31656895838 -2860.4 5728.8 -1.61421e-05
5725.49003474 5.15959944475 -0.0204810762322 6.23806049785 -3058.28 6124.56 -1.09019e-05
5149.02606944 5.16441666451 -0.0211913467715 6.19283539159 -2702.98 5413.96 -5.40507e-05
4794.68846957 5.16367405267 -0.0204837189367 6.37149678393 -2708.26 5424.52 -4.01354e-05
4938.63485324 5.16021565895 -0.0198118235838 6.11113308063 -2848.24 5704.48 -3.39415e-05
5418.8428571 5.16431707513 -0.0209917266306 6.17095920208 -2916.89 5841.78 -0.000773059
5167.69902545 5.14745848905 -0.0184754595933 6.35519876689 -2808.97 5625.94 -0.00200434
5214.28768283 5.15864368835 -0.0200056958279 6.0662321578 -2780.38 5568.76 -1.87973e-05
5358.53867932 5.16509270231 -0.0205771614593 4.78627614918 -2750.87 5509.74 -0.00109525
5737.23373968 5.16464533233 -0.0221945829841 6.45103362291 -2767.57 5543.14 -3.83931e-06
5095.27486858 5.16086487672 -0.0201543130671 5.8543253804 -2754.61 5517.22 -0.000338697
5152.96522147 5.16374940347 -0.0210040860848 5.86953901145 -2659.77 5327.54 -0.000321326
5099.38370487 5.16023702455 -0.0203624655676 6.05736497961 -2778.06 5564.12 -1.96334e-06
5343.72178065 5.16160706932 -0.0207362148264 6.09916412134 -2847.27 5702.54 -0.000613863
4839.58831929 5.16845334902 -0.0209984117537 6.36689085891 -2716.72 5441.44 -4.06791e-05
5686.34115703 5.15917641955 -0.0197713433099 5.70225361871 -3217.24 6442.48 -0.00116465
5347.43247458 5.15605533849 -0.019705766224 5.75911774087 -2821.31 5650.62 -0.000432556
5347.62387346 5.15225896229 -0.0190283179335 6.31994208055 -2967.92 5943.84 -0.000424368
5814.97224067 5.15842322547 -0.0203193693743 6.09950159223 -3058.47 6124.94 -5.66972e-06
5023.30276352 5.15302042282 -0.0193317902344 6.60549424796 -2801.46 5610.92 -4.91118e-05
5654.28813338 5.16011494807 -0.0208232336499 6.31861606507 -2832.78 5673.56 -1.29564e-05
4934.46880129 5.15844497385 -0.0190269657829 5.94539346308 -2856.14 5720.28 -5.54823e-06
5460.2145785 5.16824700937 -0.0209456088451 5.53740876945 -2924.27 5856.54 -9.41289e-05
5616.74164726 5.16523640149 -0.0209194215979 6.31497074153 -3078.59 6165.18 -0.00029298
4946.53414514 5.15906827209 -0.0192190030716 5.92959037667 -2854.13 5716.26 -5.04548e-05
4979.2592447 5.16182909356 -0.020252557571 6.29445882023 -2786.59 5581.18 -0.000709346
5184.50342702 5.16193326676 -0.0201413202238 6.24860451562 -2799.06 5606.12 -6.85782e-06
5026.33286656 5.1575129997 -0.0197153399152 5.7011360129 -2689.73 5387.46 -0.000753738
5239.59618931 5.15792528177 -0.0203733670598 6.17206941101 -2712.88 5433.76 -7.2875e-05
5757.5152534 5.15621934586 -0.0201470436921 6.43112017213 -3140.04 6288.08 -7.75868e-06
4994.33692908 5.16024068583 -0.0202261913951 6.46140751539 -2684.67 5377.34 -3.96606e-05
5273.15779829 5.15408947464 -0.0194605189211 5.84915867539 -2780.33 5568.66 -0.000637881
5322.54439057 5.16498889813 -0.0201469926062 5.60284012256 -3003.64 6015.28 -0.000746539
5156.49335568 5.15366643334 -0.0194050399896 5.79480108846 -2619.78 5247.56 -8.32819e-06
5337.86190061 5.16371721537 -0.021228528385 6.23519840697 -2759.05 5526.1 -1.0214e-05
5507.56740088 5.1561895032 -0.0194766869337 5.62959316817 -2940.46 5888.92 -2.116e-06
5551.20612269 5.16095746425 -0.0195645174236 5.60408999263 -3135.56 6279.12 -0.000908293
5247.19218112 5.15684797466 -0.0202697162535 6.05743433114 -2787.33 5582.66 -6.34267e-06
5519.17845075 5.15878923206 -0.0207039896454 6.50943286942 -2862.26 5732.52 -4.65189e-05
5096.57568699 5.15634114628 -0.0197059789356 5.97782227149 -2649.67 5307.34 -0.000366693
5336.0575414 5.15619727354 -0.0208445457846 6.63852625911 -2515.25 5038.5 -0.00087879
5685.20740229 5.15521713751 -0.0204772859049 6.28576094972 -2817.08 5642.16 -2.19506e-05
4337.66903212 5.15131503702 -0.0185148598917 6.55066868605 -2453.37 4914.74 -4.61922e-05
4911.95139073 5.16065673207 -0.0199653164817 5.83208269037 -2677.99 5363.98 -6.87211e-06
5225.55049379 5.16144107808 -0.0209545525019 5.71761650948 -2601.88 5211.76 -1.45992e-05
5093.31687193 5.15504040839 -0.0195335019396 6.32410979431 -2733.54 5475.08 -8.49654e-06
6015.77580442 5.15155371327 -0.01968304584 6.51309631509 -3104.26 6216.52 -4.09759e-05
5236.51149353 5.15674633898 -0.0196536959067 5.80141199258 -2749.14 5506.28 -0.000156565
5064.05313506 5.16305971865 -0.0213294580079 6.63915120069 -2633.12 5274.24 -1.55873e-05
5608.96252446 5.16486435982 -0.0214907763754 6.11772987821 -2906.93 5821.86 -1.46321e-05
5759.27783107 5.16538633345 -0.0208819250141 5.99561594637 -3031.1 6070.2 -5.82414e-05
5464.14639172 5.16278332534 -0.0204304475629 5.53138304735 -2847.9 5703.8 -3.40636e-05
5387.55293108 5.16889975264 -0.0216663952518 6.47885801021 -2803.97 5615.94 -0.000879589
4905.47055432 5.16203779937 -0.0201002507283 5.94434371366 -2604.39 5216.78 -4.30096e-06
4782.09236231 5.16020451126 -0.0192160143388 5.86772584697 -2643.79 5295.58 -0.00056727
5522.02700834 5.1625570299 -0.0208267520659 5.96044581128 -2888.32 5784.64 -2.89168e-05
5624.2967699 5.16053947155 -0.0210212959684 6.56031136176 -2855.92 5719.84 -1.48148e-05
5911.01040373 5.15901134096 -0.0205060020655 6.26223035743 -3122.95 6253.9 -2.00497e-05
5107.01535853 5.15480536651 -0.0191313944384 6.18204427488 -2780.19 5568.38 -0.00294855
4888.92658098 5.15807940624 -0.019480464853 6.19365806557 -2709.82 5427.64 -0.000120127
5507.18805003 5.15422732407 -0.0195811881514 6.5196409211 -3044.48 6096.96 -1.06671e-05
5089.40453885 5.15948223935 -0.0195922721499 6.09748199364 -2789.29 5586.58 -0.000138986
5394.12536312 5.15295161042 -0.0202300059502 6.6475849875 -2651.9 5311.8 -1.71944e-05
5893.08266197 5.16088691873 -0.0207530301222 5.5842107828 -2982.34 5972.68 -0.000326587
5759.65365075 5.16188955827 -0.0210850266823 5.96027400855 -2900.36 5808.72 -0.000327042
4925.89237271 5.16072137493 -0.0196692336976 6.05992892267 -2800.77 5609.54 -3.77181e-05
5164.24181346 5.1664979979 -0.0204534010875 6.3151464306 -2964.81 5937.62 -1.86982e-06
4979.02256476 5.1609950317 -0.019656237008 5.98441541086 -2915.7 5839.4 -0.00109459
4629.74003534 5.15534740365 -0.0189305252274 6.0482160529 -2643.21 5294.42 -1.63336e-06
4962.40341411 5.16195676667 -0.0201473628686 5.57318029846 -2670.21 5348.42 -1.93515e-05
4958.35373835 5.15917361558 -0.0200773720691 6.32996620222 -2752.08 5512.16 -3.54517e-06
