"D" "shape1" "shape2" "scale" "logLik" "AIC"
4733.25672135 1.99055869226 4.05484667878 -0.442876480232 -970.586 1949.172
4996.78150473 2.03267241434 2.43692385823 -0.232916521059 -1102.75 2213.5
5422.60043172 5.25737546748 2.13121848633 -0.0642146809069 -1085.09 2178.18
NA NA NA NA NA NA
5532.67585852 4.20102092392 2.04063516831 -0.083340198022 -1099.76 2207.52
5476.66239672 5.33624423122 2.2640772243 -0.0796492497234 -1065.44 2138.88
5062.32829466 2.51759756559 2.33827948451 -0.187605183048 -1037.87 2083.74
4132.52176152 1.878474614 4.16390276149 -0.453072397036 -963.322 1934.644
5575.61805279 8.18077304298 2.51482739429 -0.0575742936436 -991.177 1990.354
4439.91357884 2.00947538563 2.83976871251 -0.287271720361 -959.843 1927.686
5312.50244823 2.85077921376 2.2504864181 -0.166996381103 -995.203 1998.406
5420.61671452 175.119342258 5.18200074287 -0.00215842341323 -1073.65 2155.3
5020.83997362 4.49615376615 2.13490242643 -0.0879340539384 -931.486 1870.972
5080.44070417 6.06814791287 2.21194834708 -0.0550947126495 -1027.36 2062.72
4526.59333289 2.24014065864 2.43427471475 -0.220668257407 -929.025 1866.05
5447.18866486 62.7722408031 4.18748835879 -0.00640285750724 -1027.31 2062.62
4718.43484318 2.15290893558 3.38000040552 -0.359952839009 -973.284 1954.568
5643.09283074 17.406048659 3.03344624684 -0.0237155075717 -1053.2 2114.4
5585.65533074 3.42004548959 2.29997621422 -0.144451721375 -1065.64 2139.28
4916.97436443 53.268633742 4.01920790274 -0.00578225697648 -1011.02 2030.04
NA NA NA NA NA NA
5643.00388541 164.915525149 5.12541514093 -0.00265779968656 -1066.81 2141.62
5384.26119089 11.3478634619 2.64599370922 -0.0296754671445 -1057.22 2122.44
5129.30862232 2.46605951579 2.51997516859 -0.219163250281 -985.168 1978.336
5642.5504541 24.9036853241 3.3238419951 -0.0150535744142 -1049.02 2106.04
5643.63876089 94.401604753 4.57316559466 -0.00333114712707 -1174.48 2356.96
5648.24796499 98.3029725756 4.61640680982 -0.00394020727992 -1028.79 2065.58
5157.31202687 140.707607613 4.9628618747 -0.00218348181297 -1037.51 2083.02
4422.99255464 1.8810191033 3.38000087374 -0.359912057884 -1120.76 2249.52
5432.33254987 123.194898672 4.83803953422 -0.00318775106349 -1058.33 2124.66
4566.35844374 1.98889732385 3.10397005729 -0.317443430083 -1013.79 2035.58
5272.61424044 2.47896086585 2.10365171838 -0.164269773943 -1067.4 2142.8
5528.10426583 2.9427680652 2.13679484925 -0.145674722474 -1071.64 2151.28
4409.28926348 1.98772632445 2.37794488375 -0.222184655658 -1043.36 2094.72
5693.38215835 7.72876462711 2.37480095955 -0.0454731663433 -1118.84 2245.68
5422.73066545 6.5896397241 2.2539840891 -0.050719597618 -1058.52 2125.04
5244.16588772 14.7854880335 2.88455765373 -0.0257863733608 -1007.28 2022.56
5398.52544555 12.0974950206 2.73116942072 -0.0320874195537 -1048.14 2104.28
5911.30750647 2.89636555077 2.02813244796 -0.138810068411 -1093.71 2195.42
5267.25903734 116.148765072 4.78079975829 -0.00345173281254 -1024.27 2056.54
5231.31377463 4.50938957408 2.05883375266 -0.0769890789538 -1006.44 2020.88
5098.29893952 108.124935176 4.70527983874 -0.00303926565531 -959.234 1926.468
4903.91534775 2.58816559836 2.13519055822 -0.16660369968 -960.408 1928.816
5169.89286858 3.83619221873 2.0518781289 -0.0964219230158 -1032.4 2072.8
5404.19984677 7.44419407498 2.41038931258 -0.0542835437496 -1042.19 2092.38
5144.34401674 78.7702929772 4.40095431767 -0.00463640566725 -992.459 1992.918
5528.23254573 3.43570695087 2.0138339584 -0.110638559272 -1052.72 2113.44
4192.93733964 1.94881572257 2.50086479101 -0.244543376257 -980.902 1969.804
5396.75562044 157.273397201 5.07395060823 -0.00212513762327 -1071.67 2151.34
5106.812154 2.82241615182 2.14738570428 -0.157655207525 -947.006 1902.012
5630.79838857 167.837969778 5.13790228743 -0.00202211781938 -1090.77 2189.54
5397.02453826 6.88815577901 2.29717640812 -0.0524492724629 -976.084 1960.168
5616.46608395 109.691075893 4.72467803972 -0.00366572215529 -1051.5 2111
6029.04314467 95.5729329052 4.58875079451 -0.00378704245604 -1203.73 2415.46
4870.81379725 2.00751179407 3.16210369314 -0.329731756256 -1048.33 2104.66
4586.82715005 3.95601129661 2.30954478336 -0.119693841372 -953.731 1915.462
5861.61479929 2.74637804319 2.1578246352 -0.157490955462 -1152.72 2313.44
4535.49121237 2.09598434825 2.48295570133 -0.234186867888 -992.322 1992.644
5359.5397242 138.634243415 4.95282114107 -0.0027627933151 -1037.48 2082.96
NA NA NA NA NA NA
5395.70718681 105.915520466 4.68898055212 -0.00359145110963 -1013.2 2034.4
4747.69587347 2.15930838209 2.45501341345 -0.221624009681 -1043.06 2094.12
5482.06256559 80.8139314161 4.42470138282 -0.0045547127937 -1013.59 2035.18
5566.5672242 112.486145758 4.74307976242 -0.00270685921035 -1122.44 2252.88
4471.34532321 2.14582346046 2.45706296976 -0.225001816274 -974.389 1956.778
5259.88955516 193.572039118 5.28050414492 -0.00198683422965 -1003.9 2015.8
5235.94913565 2.58795618819 2.35184496292 -0.186297503734 -1056.27 2120.54
5076.03464146 168.709043614 5.14320041046 -0.00201916180069 -996.127 2000.254
4712.36099505 147.036209602 5.0069690781 -0.00220870143837 -929.221 1866.442
4910.04875485 144.775288889 4.99498333548 -0.00262984081234 -963.809 1935.618
5472.55685105 101.998559348 4.65070411036 -0.003521950571 -1051.17 2110.34
4610.94128836 2.55724464725 2.26362122226 -0.180811899305 -921.656 1851.312
5408.72954416 2.09762432705 3.15029779395 -0.332319986549 -1060.45 2128.9
5338.36870453 8.29211392913 2.44760376043 -0.0450418486621 -1042.48 2092.96
4845.51064712 2.98201969696 1.93846685131 -0.117577730017 -977.296 1962.592
4918.24861257 93.6926972243 4.57166081284 -0.00430730867836 -911.326 1830.652
5461.51903548 16.4063040249 2.94821244093 -0.0209970715822 -1014.21 2036.42
4827.21133524 2.6029041949 2.13777968906 -0.162594018128 -959.57 1927.14
4652.90039395 2.15220571157 3.38000021328 -0.359958088459 -1024.71 2057.42
NA NA NA NA NA NA
4363.91517116 1.94290703266 2.87764281898 -0.296642086535 -971.103 1950.206
5391.03858237 2.46552641708 2.11771594094 -0.169525294286 -1076.44 2160.88
5483.9545626 156.555527401 5.07366657896 -0.00282489261009 -977.698 1963.396
5426.59459794 2.45593576196 2.58787681604 -0.225536703013 -1073.24 2154.48
5557.59563307 8.22324857417 2.44260618225 -0.0448363074046 -1121.07 2250.14
5510.15565203 4.50668429264 2.19919673333 -0.0948229327174 -1050.1 2108.2
5095.40134467 4.75149797093 2.15267382513 -0.0834374915853 -956.337 1920.674
5797.56566362 139.414299422 4.95879591912 -0.0030360127317 -999.72 2007.44
4961.32471152 3.07698177316 2.05725623039 -0.125061790386 -1032.17 2072.34
5848.16718885 135.49280141 4.93035897741 -0.00291974381787 -1105.21 2218.42
4596.12742112 2.05945980915 2.81618426162 -0.280711072482 -981.946 1971.892
5250.33625071 2.21335785786 2.39660179853 -0.221277329945 -1053.04 2114.08
5343.33502056 10.3295091057 2.61005856039 -0.0379030040275 -998.446 2004.892
5166.38404349 6.15195068746 2.27735655418 -0.0642001832299 -959.588 1927.176
5738.59133058 153.721652893 5.0533978466 -0.00252687163071 -1048.67 2105.34
5563.76330972 5.41765866627 2.15869842139 -0.0662610947547 -1048.77 2105.54
5768.05267763 5.82410690297 2.26367938176 -0.0684551430869 -1095.19 2198.38
5664.56695253 110.171527638 4.72290841875 -0.00279026609939 -1185.51 2379.02
5291.73193899 2.205396632 2.45580015145 -0.226033961841 -1088.06 2184.12
4529.98195193 137.409622179 4.94037728542 -0.00227634695038 -955.232 1918.464
5720.32179555 6.79381944536 2.25894151505 -0.0469117344982 -1156.43 2320.86
5345.28325176 25.5992863931 3.33595731154 -0.012561308506 -1064.86 2137.72
5600.45695812 7.68913959176 2.44254553346 -0.0555676693257 -1038.86 2085.72
5565.05429445 87.2490878519 4.4993159598 -0.00410825392302 -1086.71 2181.42
5096.97292624 2.25522596945 2.19308408431 -0.193334708011 -1008.77 2025.54
5265.71223057 9.03877310458 2.52721422436 -0.0425363643772 -1076.98 2161.96
6174.3007385 71.5655261041 4.31300445777 -0.00582871547076 -1144.26 2296.52
5572.17355872 4.08953859313 1.98305261899 -0.0805789110528 -1108.55 2225.1
5820.29481757 132.045128379 4.9091948577 -0.00356291960091 -1053.32 2114.64
4950.15019605 2.20330370297 2.63870309509 -0.257221058988 -953.993 1915.986
5149.6205842 52.0218674794 3.99971985078 -0.00668158586502 -964.305 1936.61
5246.10665421 46.4571609909 3.89095076984 -0.00714174730541 -1029.36 2066.72
5319.2808141 123.78625165 4.83966111071 -0.00284175713586 -1015.46 2038.92
5662.91599776 7.3536054454 2.29027153861 -0.041256147365 -1111.32 2230.64
NA NA NA NA NA NA
5351.18554211 156.637502771 5.06867633249 -0.00195133701173 -1105.73 2219.46
5467.37324207 182.162259086 5.22093701995 -0.00220154289019 -999.167 2006.334
4907.99900831 4.00171435708 2.12996618877 -0.0999024347585 -965.859 1939.718
4896.26666713 4.99432020393 2.1342300932 -0.0707725605831 -1002.38 2012.76
5562.74975754 109.294149897 4.71582564139 -0.00287019774321 -1145.42 2298.84
5229.15081838 2.0778094705 2.94549486816 -0.304819995363 -1049.57 2107.14
4631.61325036 2.90684318867 2.17418546276 -0.143329565031 -986.986 1981.972
4947.01818313 2.1436067685 2.16202609018 -0.188820751289 -1114.72 2237.44
4846.55004364 2.26690359516 2.09558104932 -0.173399230087 -1062.76 2133.52
5400.46269135 144.117194451 4.99179710798 -0.00285332796513 -1026.88 2061.76
5187.69232694 3.66777657934 2.11958933981 -0.109862301637 -1031.96 2071.92
5986.94233022 92.6320980398 4.55248133599 -0.00330117061421 -1167.27 2342.54
4980.49365465 2.05039143604 3.04886947243 -0.313385864659 -1031.52 2071.04
5119.00219906 2.40869284759 2.31785200439 -0.197206616092 -1022.03 2052.06
5166.43057465 89.3895509432 4.52528600705 -0.00428676587377 -1022.65 2053.3
5086.88946573 172.485275641 5.16416187418 -0.00182939395204 -1041.36 2090.72
5121.1088596 60.7961216879 4.1500738651 -0.00567135348045 -1021.71 2051.42
5279.9891785 6.56983974608 2.32879407395 -0.0599199374214 -1028.58 2065.16
5654.96516733 2.15834507305 3.07855709518 -0.318077613344 -1094.95 2197.9
5082.28011105 2.12447941522 2.59119454167 -0.244657758873 -1096.5 2201
5812.30958765 128.026325677 4.87550329281 -0.00310525809077 -1116.78 2241.56
4947.91607698 2.20301496021 2.28672139332 -0.210932916075 -972.886 1953.772
5169.85103874 3.00693691537 2.33596481302 -0.161084513639 -1042.56 2093.12
4978.69439038 2.73474534292 2.13835067159 -0.152202093415 -1015.53 2039.06
5396.60264382 18.6689765968 3.07571777764 -0.0198324480781 -1066.08 2140.16
4897.11149951 5.9846934223 2.23878875168 -0.0608130729078 -967.864 1943.728
5528.12558572 102.447325889 4.65797924866 -0.0040240258014 -982.521 1973.042
4237.81164138 1.82421313729 2.86792154078 -0.291106609675 -1064.51 2137.02
4895.62407665 26.8248454423 3.38689732789 -0.0133804901217 -939.381 1886.762
5276.34379855 2.17737607855 2.83823697111 -0.279860557341 -1045.5 2099
5514.40355068 2.30206396695 2.25335375099 -0.20842006172 -1013.67 2035.34
4790.57737289 3.93687507174 2.40038696828 -0.136957688403 -932.247 1872.494
5104.22515609 92.3982914209 4.55615204363 -0.00383741313051 -1083.51 2175.02
5951.92825195 129.924140846 4.89064747264 -0.0032240710835 -1116.94 2241.88
4950.16242952 2.13926452861 2.2861065929 -0.210594527846 -1048.03 2104.06
4652.52062215 1.94962221723 3.10863651291 -0.332570260388 -1011.51 2031.02
5151.77110966 2.2489159316 2.40391336975 -0.211000338338 -1084.77 2177.54
5446.94156352 2.41020737478 2.14093090209 -0.175997834114 -1105.31 2218.62
5053.76799316 94.3300225676 4.57289850978 -0.00355054982884 -967.971 1943.942
5194.31962977 136.103472971 4.9334158282 -0.00261254430109 -1059.61 2127.22
5002.1850128 2.55039071683 2.28501847929 -0.179549017765 -1044.2 2096.4
5017.52413837 4.99601941154 2.10724134578 -0.0675968716525 -1022.31 2052.62
4625.61882189 2.37857614051 2.09017379086 -0.163132912178 -1023.06 2054.12
4771.24156834 4.67691647951 2.08211503545 -0.0750962723418 -925.778 1859.556
5664.22352467 3.18129695913 2.18584321592 -0.147427001017 -1019.9 2047.8
5288.92150248 71.0762865842 4.30933088396 -0.00608679321472 -1003.76 2015.52
5083.21152137 2.85221440308 2.28889165712 -0.172217541113 -969.296 1946.592
5069.22251652 150.61781295 5.0378807303 -0.00310237871745 -948.256 1904.512
5092.84569666 121.700748523 4.82563986233 -0.00315465680995 -1015.51 2039.02
5505.89534037 29.9632776987 3.5042476145 -0.0136434672154 -1096.05 2200.1
4365.82723123 1.94180032922 2.81524257045 -0.277174947796 -1041.14 2090.28
5006.94901691 1.99612277598 3.45230060649 -0.348375698582 -1133.46 2274.92
5416.61012522 8.08923036287 2.40916054349 -0.0426706379466 -1095.21 2198.42
5158.89162074 5.04312198783 2.19430600106 -0.0758665478109 -1048.83 2105.66
5173.2849135 2.89303105864 2.173644373 -0.149019546014 -1050.56 2109.12
5373.57223335 130.229926103 4.89036473776 -0.00290063779895 -999.135 2006.27
4575.02084449 1.99979655792 2.49237590584 -0.247646555536 -1006.14 2020.28
5333.88900106 10.6192434507 2.62443354048 -0.0356589340764 -1019.95 2047.9
4683.3961016 2.26827193434 2.16462528727 -0.177714995992 -1034.25 2076.5
5296.62211977 4.49921689178 2.05248879594 -0.0805280363239 -927.285 1862.57
4978.53673453 163.95162983 5.11396044135 -0.00194270431124 -982.981 1973.962
5671.08077328 2.63726727404 2.07458994586 -0.159684882858 -1063.41 2134.82
5957.29670244 120.65707663 4.8198692557 -0.00368373972669 -1084.37 2176.74
5283.84067578 2.66559325768 2.36016683686 -0.19483664537 -965.766 1939.532
4997.45207063 2.17524319993 2.50716173162 -0.228063174852 -1068.04 2144.08
4546.57172917 1.96448671859 2.67994203459 -0.268679787324 -1015.22 2038.44
4845.13174536 6.7199365463 2.33708163254 -0.0558136165299 -993.432 1994.864
NA NA NA NA NA NA
NA NA NA NA NA NA
6405.62992566 4.2262924059 2.25641645189 -0.114371220081 -1129.12 2266.24
5073.77695361 3.82554059358 2.11581554531 -0.104300171767 -995.347 1998.694
5155.86618861 130.960773827 4.89754869002 -0.0029803987953 -1028.58 2065.16
4596.90388537 5.19108435332 2.12953950974 -0.0652357687867 -932.73 1873.46
5407.24223227 29.7539417654 3.47641949967 -0.0115592591668 -1025.62 2059.24
5307.99934881 76.8573771966 4.37125476154 -0.00389486673194 -1111.48 2230.96
3889.47444945 1.95365081223 2.48116446139 -0.235283945816 -944.236 1896.472
5848.70283968 150.409699496 5.02994110522 -0.00243993714822 -976.688 1961.376
5343.41310554 2.83113325928 2.29713203617 -0.181863728566 -953.858 1915.716
5590.75729916 134.597584416 4.9188984828 -0.0022613529832 -1113.69 2235.38
5685.2005007 3.05263969629 2.15066993631 -0.144571572752 -1067.05 2142.1
5519.584742 10.1271502884 2.52770419648 -0.0299517296059 -1061.02 2130.04
5628.27016742 3.01849759083 2.16445157449 -0.149792430817 -1035.12 2078.24
5871.9523005 148.150496863 5.0171896446 -0.00265658793009 -1051 2110
5282.89443787 121.945017531 4.82904027546 -0.00333520377197 -1057.15 2122.3
5558.34179952 3.0571749335 1.96479433027 -0.116308144766 -1135.9 2279.8
5052.55242231 4.29886080741 2.01767976124 -0.0768494444428 -1021.81 2051.62
5272.97876156 106.372750074 4.69806669813 -0.00418838767785 -1016.99 2041.98
5490.7202204 5.38350249361 2.2149908511 -0.0715040355275 -1085.19 2178.38
5299.33404967 4.903031009 2.11439730437 -0.0708548814472 -1079.49 2166.98
5013.78596164 2.15866365202 2.37567855465 -0.22556135287 -1019.93 2047.86
5137.08567257 136.633689176 4.93585989107 -0.00245380317627 -1023.91 2055.82
4910.55592661 4.44227697822 2.15870738508 -0.0869384513136 -1034.21 2076.42
4559.10814816 2.02395900388 5.57317364766 -0.622630103747 -960.677 1929.354
5900.78699783 98.6560450145 4.62157373011 -0.00418605931396 -1042.9 2093.8
5007.42671306 2.75926872722 2.33579675312 -0.179207740436 -969.244 1946.488
5253.71821788 3.66664146048 2.1075118143 -0.112218157938 -1002.53 2013.06
5536.38917046 76.086992071 4.36785591815 -0.00497389608877 -1028.59 2065.18
4969.62501607 2.68455448797 2.33471934651 -0.184133051011 -955.956 1919.912
5710.74661909 126.848995264 4.86359096464 -0.00284561343794 -1064.24 2136.48
5363.47701237 5.98701204734 2.21975211676 -0.0587620958785 -1035.37 2078.74
4958.60407753 2.31191992532 2.16952409052 -0.181930235778 -1045.96 2099.92
5389.35840604 2.25284420404 2.23105212248 -0.204154582652 -1034.34 2076.68
4658.65175474 2.23847882474 2.48166069941 -0.228993900792 -929.227 1866.454
5326.59211473 147.025346479 5.01043212817 -0.00268974026563 -1005.82 2019.64
4853.8928024 2.04161969598 3.0503805874 -0.315110601657 -1007.34 2022.68
5486.76982711 114.476779454 4.76133853045 -0.00291466049844 -1067.31 2142.62
4988.5816295 157.903242373 5.08148794234 -0.0025576357762 -978.049 1964.098
NA NA NA NA NA NA
4914.73361598 8.59124956242 2.4656133618 -0.0438698776623 -902.268 1812.536
3843.04452882 1.81586257302 3.35316078056 -0.345511661704 -972.023 1952.046
4246.09392418 2.02580877764 2.54008703522 -0.24309257356 -958.753 1925.506
5641.4984348 25.5007179939 3.3625239548 -0.0164496838954 -1075.24 2158.48
5190.57998394 6.01090281038 2.27034217833 -0.0633727731134 -1049.25 2106.5
4696.64027628 5.69254319668 2.21183266353 -0.0623489839763 -975.806 1959.612
5735.0356807 3.76261266933 2.09582094037 -0.110640676161 -1015.9 2039.8
5092.19822035 142.154990766 4.97980280223 -0.00304001517941 -984.25 1976.5
5247.68664907 89.7788423085 4.53097243577 -0.00446250374448 -994.338 1996.676
5772.11035547 122.928081618 4.83529892658 -0.00318538915136 -1097.43 2202.86
5382.13296235 2.93507887932 2.10594606915 -0.142463270341 -1053.88 2115.76
5125.05638018 170.492525861 5.15514073387 -0.00216404876976 -1032.75 2073.5
5561.1987497 2.34763460521 2.31745825613 -0.199053630967 -1135.16 2278.32
5311.08640338 97.0920327277 4.59846528967 -0.00304528410249 -1102.59 2213.18
5123.82846506 3.99074566698 2.03217632854 -0.0877389604372 -1053.55 2115.1
5256.76969835 88.2564704479 4.51067104194 -0.00390459085549 -1088.61 2185.22
4361.20876284 2.02776324741 2.56333988985 -0.243321753414 -1007.2 2022.4
5492.55264271 6.03765840508 2.28418473555 -0.0643660174077 -1088.86 2185.72
4850.49319241 146.998476552 5.00946213746 -0.00253470588604 -938.709 1885.418
5463.45194199 140.152032694 4.96563435745 -0.00298549574028 -1094.67 2197.34
5035.61707533 2.43724289989 2.62091036451 -0.237203314599 -962.9 1933.8
5656.8716441 120.586124744 4.81268803426 -0.00268196786791 -1140.57 2289.14
4868.33684904 4.01542027226 2.08407919351 -0.0911491116206 -1036.89 2081.78
5404.80493145 2.74571795592 2.34050609943 -0.179007466085 -1045.03 2098.06
5584.94010228 4.88586775827 2.32148543794 -0.0986430444573 -1068.96 2145.92
4864.52610166 2.19082876161 3.38000013003 -0.359975411377 -953.573 1915.146
5904.27166519 170.714792934 5.1596380462 -0.00262710767362 -1127.53 2263.06
5149.07755724 3.18260640352 1.92205059402 -0.104075894556 -1104.76 2217.52
5507.87577838 136.259204518 4.93580389054 -0.002908773918 -1029.05 2066.1
4910.07822945 46.366490665 3.91604781491 -0.0100967492621 -1000.42 2008.84
5836.4523534 7.01094299397 2.34375445734 -0.0558015024836 -1056.27 2120.54
4719.11889704 2.12059316407 2.09099732768 -0.186730829578 -1027.09 2062.18
4787.88075984 2.01442638575 3.37370125378 -0.33815410963 -1076.65 2161.3
5692.71453624 161.977418562 5.10585928074 -0.00247288525507 -1078.4 2164.8
4987.03568702 2.38164681668 2.4716251261 -0.223661763442 -950.798 1909.596
5153.9575795 128.894112692 4.87631394322 -0.0022858053436 -1083.24 2174.48
5254.62361374 113.706245449 4.75734336149 -0.00317541208182 -1025.53 2059.06
4796.97671675 106.910670657 4.69025966414 -0.00250267536666 -977.686 1963.372
5133.48448358 2.13443576319 2.9285159716 -0.286300018528 -1083.5 2175
5476.14309639 5.16916847362 2.10048786138 -0.0666547874584 -1001.2 2010.4
5186.54621852 2.08454407591 2.81417302238 -0.275717877123 -1100.19 2208.38
5265.2343055 3.36927370911 2.2734714148 -0.145051717152 -997.176 2002.352
4762.20828561 2.03683401228 2.66449028689 -0.26085776048 -1030.45 2068.9
5020.54971295 91.9376747071 4.55116295861 -0.00414261172849 -937.637 1883.274
5482.8979789 115.263342354 4.7686706741 -0.00290387040408 -1069.44 2146.88
5334.31805107 134.930025196 4.92614186453 -0.00287975111806 -1015.41 2038.82
5426.62113305 3.04403025052 2.47577479946 -0.189061307829 -1000.65 2009.3
5374.57641605 112.440809378 4.74346084663 -0.00278630502512 -1121.24 2250.48
4777.55523086 2.97125184084 2.3620791436 -0.167593399553 -946.901 1901.802
5329.63440446 75.9666679693 4.36615816702 -0.00481924975826 -1030.04 2068.08
5493.65630375 134.805931514 4.92372997045 -0.0027363532543 -994.773 1997.546
4428.32212605 1.92137745005 4.66828039281 -0.542390548187 -911.031 1830.062
NA NA NA NA NA NA
4180.8300409 2.02967275725 2.44952461282 -0.217957212567 -1041.41 2090.82
5099.94790133 112.651374064 4.74586721364 -0.00284339086488 -1066.32 2140.64
5062.418958 117.646429833 4.78598092126 -0.00249238807183 -1023.15 2054.3
4827.01366054 2.19018983142 2.15657991731 -0.187598560274 -1015.76 2039.52
4941.34190463 2.58290759343 2.02671506045 -0.153617753798 -954.853 1917.706
5487.71386486 2.65091150763 2.02411516869 -0.147241652782 -1073.4 2154.8
5149.04160167 9.53451386972 2.50685246948 -0.0339570905269 -1021.41 2050.82
4989.01385954 5.12850731283 2.42102237868 -0.101470445648 -994.105 1996.21
4682.4682351 2.09168846115 2.41317701716 -0.227658492697 -1000.3 2008.6
5242.94682429 4.99181652159 2.0470974243 -0.0640428607959 -960.676 1929.352
4992.74615103 2.10529730575 2.17193428149 -0.201551006245 -1053.97 2115.94
4662.84867188 130.252317055 4.8886015493 -0.00250875681917 -933.835 1875.67
4648.41873319 2.25854224174 2.44336335474 -0.22308271519 -934.66 1877.32
5513.76692159 158.939099301 5.08418276999 -0.00211825968604 -1074.23 2156.46
5480.36050064 79.8428054366 4.40799078498 -0.0040837565419 -956.636 1921.272
5570.01354111 2.71398966398 1.94186658966 -0.129480293139 -1157.55 2323.1
5229.78409757 3.69673658516 2.14304961294 -0.11558228783 -994.376 1996.752
4572.59242131 131.627438546 4.90418053224 -0.0031510366141 -927.896 1863.792
4933.49493616 2.12007651226 2.54447585193 -0.24406128108 -1009.61 2027.22
5802.6013432 152.579292535 5.04342880795 -0.00225308985229 -1024.22 2056.44
5336.28283002 9.4980264884 2.53530050184 -0.0384426972091 -1027.79 2063.58
4144.43923006 1.93465711139 2.77911403364 -0.273245377549 -989.887 1987.774
6032.41522411 9.80694310167 2.5772718593 -0.0397504051257 -1158.72 2325.44
4892.25216518 13.1280955008 2.753821643 -0.0233776369679 -1063.05 2134.1
5377.51443557 3.69086106247 2.21243806535 -0.125787133568 -997.834 2003.668
5393.19099375 159.399388246 5.0899885577 -0.00246585318875 -1046.01 2100.02
5413.53079856 151.216583422 5.03855892665 -0.00274200422572 -995.016 1998.032
5287.52552443 2.4275700972 2.58875361365 -0.232545518137 -991.017 1990.034
4862.46531025 2.23937996969 2.55910885018 -0.231198192174 -1036.17 2080.34
5184.23234515 2.43027845597 2.27663617739 -0.19446227321 -990.839 1989.678
5501.47240146 5.2284767375 2.21456495035 -0.0755263264664 -1076.44 2160.88
5429.63198312 3.71032502616 2.2571074081 -0.123699968969 -1085.46 2178.92
5236.47799869 158.437170753 5.08337290267 -0.00235268888311 -1041.01 2090.02
4731.2267658 97.5799927165 4.6096479348 -0.00371242344529 -963.254 1934.508
5920.58476379 159.106654643 5.08581593409 -0.00218239892426 -1160.13 2328.26
4584.7709502 108.396418315 4.70767794169 -0.0028561378036 -974.025 1956.05
5029.04675633 93.7395059293 4.56532051201 -0.00328146394776 -1027.32 2062.64
5224.06147897 131.039955456 4.89894664971 -0.00327677764101 -926.867 1861.734
5824.96539864 179.862962342 5.21216323654 -0.00272530197417 -1047.35 2102.7
5573.92099342 3.32472880379 2.17616602129 -0.137368828734 -1021.83 2051.66
5338.06100293 162.475071925 5.11055321748 -0.0027463168565 -976.437 1960.874
5458.90226486 3.31728772397 2.45323844797 -0.176453098868 -955.273 1918.546
5266.75574186 95.1506066782 4.58031174665 -0.00345241650126 -1009.37 2026.74
5289.48265304 4.79835233622 2.23196464207 -0.089077466955 -1039.17 2086.34
5479.5073515 114.768128873 4.76701853688 -0.00325418882747 -1043.34 2094.68
5065.33466486 2.17773172607 2.73617985372 -0.267595224752 -1021.45 2050.9
4988.27536673 3.35111519523 2.18684248527 -0.131067359518 -989.975 1987.95
4639.2749872 2.03709950943 2.25607402869 -0.221213726995 -946.828 1901.656
5389.37215837 123.58981475 4.83877160745 -0.00295145064056 -1033.44 2074.88
4852.94123604 162.270559031 5.10390131354 -0.00200764318175 -919.062 1846.124
5240.91455094 2.28964218306 2.14757539865 -0.18545278104 -1051.54 2111.08
4791.33308369 2.17430716063 3.00176444264 -0.293228139485 -993.45 1994.9
4885.13691239 128.168123226 4.87502571104 -0.00285478423493 -983.411 1974.822
5483.1640975 114.278577363 4.76182350917 -0.00316608553679 -1050.78 2109.56
5362.47988811 4.5394436425 2.20953970293 -0.0940995061229 -1040.84 2089.68
4651.45998468 130.270801864 4.88869309222 -0.00250436608139 -931.362 1870.724
5055.05918462 3.32512290717 2.08854802952 -0.119961943084 -996.465 2000.93
6211.17067692 107.826799145 4.70884538467 -0.00394354681384 -1121.91 2251.82
4890.0481433 50.9527428126 3.98609063598 -0.00713217852623 -1005.18 2018.36
4799.05003733 3.38942840628 2.00935369296 -0.108421968992 -952.062 1912.124
4876.84190884 5.17906857173 2.23229241895 -0.0772645411692 -980.092 1968.184
4569.10815291 140.462002096 4.96104500808 -0.00203909793133 -1020.15 2048.3
4807.42460592 2.09645275273 2.39452779325 -0.225999935625 -1028.96 2065.92
5254.64704841 136.751486807 4.93665160842 -0.00245048655574 -1056.26 2120.52
4400.14190329 2.04272518631 2.13336142646 -0.197042691874 -967.441 1942.882
5308.80526326 148.524252994 5.0173235818 -0.00225764537898 -1018.35 2044.7
5626.00811165 145.845406371 4.99934747369 -0.00230331190649 -1066.24 2140.48
4905.67463195 7.66703356614 2.40568609442 -0.0498475128323 -955.978 1919.956
5352.11667655 6.05235583229 2.32231852 -0.0679150754301 -1066.47 2140.94
4583.86968352 2.06902753002 2.86708995271 -0.283824853841 -968.659 1945.318
5131.58808297 117.686542932 4.78775001869 -0.00265172171273 -1017.22 2042.44
5116.21542711 2.00098393883 2.83236960965 -0.299767752249 -1033.22 2074.44
NA NA NA NA NA NA
5089.54357508 34.7278048265 3.6310305541 -0.0113749944451 -945.086 1898.172
4723.82345511 3.38044614961 2.13004688071 -0.120062230537 -973.352 1954.704
4517.79120566 2.80415799124 2.33399655402 -0.165904500057 -960.281 1928.562
4887.18489667 2.97358729003 2.19041182937 -0.15290043288 -909.391 1826.782
5070.98381614 10.1943201883 2.55440623291 -0.0309270723214 -1045.07 2098.14
5126.50455041 170.263931229 5.15331607111 -0.002132353329 -998.823 2005.646
5116.52617823 11.6175733252 2.66227515156 -0.0288146537257 -986.012 1980.024
5068.63612058 3.32392918579 2.09487279097 -0.118770961372 -1058.02 2124.04
NA NA NA NA NA NA
5526.70196078 4.15012250868 2.37582440253 -0.131776467542 -1012.63 2033.26
4816.59100253 163.364632943 5.1105952489 -0.00194679959862 -986.338 1980.676
5929.18084095 2.66239497666 2.05032320962 -0.156916500697 -1079.91 2167.82
5678.21194091 5.86065102539 2.21447210802 -0.0603308149242 -1117.2 2242.4
5074.65721201 149.346414727 5.02101148804 -0.00198682780755 -1022.57 2053.14
5055.51359264 3.66588589905 2.05594263172 -0.10170695944 -1039.15 2086.3
5182.46484011 153.84596604 5.05111993713 -0.00207263982022 -995.6 1999.2
5283.92615933 2.25226226043 3.38000009731 -0.359993374665 -1134.47 2276.94
5637.41766268 158.593402886 5.08254731914 -0.00222880676404 -1058.26 2124.52
5167.13968649 172.399399424 5.16866163654 -0.00253416849801 -966.818 1941.636
5490.50477417 6.56635599045 2.30655424602 -0.0594419910998 -1025.79 2059.58
4419.0756002 2.16825675246 2.16674166561 -0.197149848798 -912.648 1833.296
4169.35799575 1.74889068985 3.76582912765 -0.433504837904 -1027.45 2062.9
5213.48886112 107.395764163 4.69729756911 -0.00269622217954 -1104.29 2216.58
4763.36438534 4.95674577571 2.16565150817 -0.0764120957898 -934.358 1876.716
4997.93406497 61.0921385588 4.15853548251 -0.00629796267273 -918.933 1845.866
5409.24527623 140.42623395 4.9647766731 -0.00262542607892 -1080.19 2168.38
5449.09976682 6.3578549281 2.29240486086 -0.0575653032916 -1129.81 2267.62
5145.64722052 178.722576855 5.20315286032 -0.00234020274825 -970.808 1949.616
5220.42105321 111.031913514 4.73323892452 -0.003144298795 -1003.13 2014.26
4926.29988117 104.816577381 4.67583823062 -0.00310178117593 -1004.43 2016.86
5473.23739934 5.89559197876 2.21817147816 -0.0592711574181 -1115.42 2238.84
5575.61690145 80.0652354046 4.41824089028 -0.00490707061878 -999.755 2007.51
4135.50036365 1.95878381215 2.92678357279 -0.308759338165 -875.065 1758.13
5205.20497423 112.62291371 4.74415364929 -0.00279460312426 -992.74 1993.48
5426.84765718 153.306255873 5.04910996553 -0.00218630692314 -1108.43 2224.86
4769.9916069 116.910370055 4.78197976429 -0.00272504922311 -968.617 1945.234
4554.73120105 2.15045342947 3.38000008245 -0.359945385718 -1040.86 2089.72
4509.23458198 1.99920681038 2.50537979641 -0.24219365732 -1000.54 2009.08
5029.67882975 132.822422638 4.90505482981 -0.00216690504163 -1030.31 2068.62
5504.06120228 4.67915171617 2.10646821175 -0.0795799397588 -1035.66 2079.32
5356.23336865 58.7930705366 4.12214143408 -0.00645716350823 -1036.88 2081.76
4702.94842845 1.89532164359 4.05913799956 -0.456088837862 -1025.26 2058.52
5294.1488924 2.58538151491 2.32323627976 -0.187346059072 -1028.68 2065.36
4922.89616897 109.521918193 4.71543970337 -0.00263563756232 -992.691 1993.382
5178.97187904 2.69480002233 2.17079408245 -0.161125965396 -1029.73 2067.46
5200.175551 121.618027715 4.82207002978 -0.00289194627311 -968.881 1945.762
4803.74952118 183.558456863 5.22748339397 -0.00201366678324 -931.817 1871.634
4744.65261909 2.1052295225 2.4861331471 -0.236432973494 -1000.07 2008.14
5209.46470201 73.8847738946 4.35352289509 -0.00686660406628 -972.261 1952.522
4835.36498231 3.28847799649 2.17067554358 -0.133382168874 -935.044 1878.088
5272.65231237 135.377093755 4.92764025822 -0.00259504682049 -1038.48 2084.96
5033.64989705 3.45292688549 2.31197810906 -0.14752188855 -945.175 1898.35
5553.91995835 134.825162286 4.92310965347 -0.00266514728512 -1023.42 2054.84
5136.41859026 162.779565728 5.10685850303 -0.00196445924119 -990.765 1989.53
5058.46586057 1.98398720104 2.35623949224 -0.236521225424 -1056.78 2121.56
5939.79445979 99.659063576 4.62752610759 -0.00364337027377 -1075.73 2159.46
5233.67067895 2.89583331078 2.25196641634 -0.166361148245 -960.712 1929.424
5922.08952898 99.0185871786 4.6178564224 -0.00322271722063 -1078.71 2165.42
5298.61005933 6.0076932587 2.26043023214 -0.065146411924 -1005.13 2018.26
4927.35436111 182.100327494 5.21994855385 -0.00193454686695 -1059.87 2127.74
5423.74001501 107.143476815 4.6969931699 -0.00315900393547 -1038.22 2084.44
5123.11656327 61.0950934099 4.16480293335 -0.00697076424905 -988.193 1984.386
5732.513257 12.0160756492 2.69642933153 -0.0290132482227 -1095.26 2198.52
NA NA NA NA NA NA
5580.13086208 154.109351888 5.05253256647 -0.00197694810385 -1135.79 2279.58
5129.43292055 110.509146167 4.72900657429 -0.00325123814108 -980.568 1969.136
4720.40105302 111.33959862 4.74201628873 -0.00390490102432 -909.181 1826.362
5581.46073256 2.25841417533 2.4826281318 -0.226236192083 -1130.22 2268.44
6057.6975328 179.474211279 5.20691850311 -0.00230851268668 -1119.25 2246.5
4629.97889125 158.862092566 5.08865799823 -0.00274370532421 -873.757 1755.514
5145.91469394 4.19153843773 2.14786483782 -0.093222465629 -1080.58 2169.16
4882.83853611 7.28659196787 2.36513670296 -0.0520017373319 -928.99 1865.98
4812.07524763 2.2182843714 2.32220189582 -0.20449420851 -1008.11 2024.22
4579.15723996 2.07195551656 2.3872298719 -0.225918798264 -996.455 2000.91
5521.20269516 165.205261368 5.12330745354 -0.00214341804846 -1098.04 2204.08
5197.0286186 7.40282874774 2.39348221273 -0.0545671580364 -959.318 1926.636
4813.35933021 2.07946814097 3.0684918515 -0.318326367547 -962.442 1932.884
5332.17140693 3.56825625054 2.1285764242 -0.118667945568 -1020.37 2048.74
5086.70714028 121.937291339 4.8263965488 -0.00309051890207 -946.85 1901.7
5367.05709716 4.97689168278 2.21516321931 -0.0813122721628 -1086.07 2180.14
4809.88658446 3.28909475689 2.09375573872 -0.125430626771 -916.7 1841.4
5362.82355208 96.5710104934 4.59848072809 -0.00371349157288 -1089.57 2187.14
5278.744699 85.4474235996 4.4767985586 -0.00380506991761 -1083.13 2174.26
4980.3060471 138.524495936 4.94862839213 -0.00229428239619 -1033.12 2074.24
NA NA NA NA NA NA
5315.10617918 2.08875868841 2.51416396952 -0.260352230337 -1009.55 2027.1
5020.54827669 138.815676117 4.94921172215 -0.00217327119649 -1018.66 2045.32
5022.57599356 99.2806249921 4.62362799632 -0.00344564664297 -983.323 1974.646
5313.61495544 2.97242699055 2.19610793119 -0.157307698116 -956.184 1920.368
4997.36064183 3.02730289171 2.06294082473 -0.127582088437 -1034.32 2076.64
5664.3453483 3.18420341772 2.09285435575 -0.131358989665 -1055.57 2119.14
5585.02202763 60.5461777981 4.14580591441 -0.00594176382008 -1042.98 2093.96
5429.77086254 103.047825229 4.66060043859 -0.00338467779136 -1064.07 2136.14
4927.7079547 80.3959214742 4.41547788552 -0.00369504025993 -1057.89 2123.78
4958.53470319 3.91535521789 2.12450386692 -0.105947196565 -942.605 1893.21
5250.36247777 4.53978499385 2.12768131923 -0.0836690016572 -1033.85 2075.7
5079.73717143 2.07171928382 2.6080985397 -0.253351421235 -1093.7 2195.4
5289.80124919 2.63950960745 2.23295439545 -0.177884348337 -996.037 2000.074
5372.53517446 3.24207324658 2.2892357545 -0.149332793576 -1022.36 2052.72
5888.36349051 29.2448234645 3.46465777656 -0.0123913762133 -1092.48 2192.96
4649.55649228 1.99671405002 2.88962330092 -0.284711556598 -1047.82 2103.64
4917.95512559 2.88942122131 2.26627857838 -0.160846784129 -966.039 1940.078
5618.59373694 121.017202544 4.82253947425 -0.0036749067569 -1008.21 2024.42
5780.79578172 114.665887523 4.77002097891 -0.00380744971605 -1051.7 2111.4
4990.98498591 2.38518497009 2.6709037295 -0.251803562613 -921.37 1850.74
4674.99806396 6.15693800325 2.19966008649 -0.0510256247933 -979.224 1966.448
4818.74186738 3.10825786508 2.20952913894 -0.143581569355 -953.209 1914.418
5379.25050317 12.2538276211 2.76639551882 -0.0339032612807 -1074.68 2157.36
5113.28493472 2.15204074076 2.64252848925 -0.259574495879 -1015.05 2038.1
4554.84952615 2.1420182428 2.07300023394 -0.181315252358 -972.615 1953.23
5339.25793069 3.43965191592 2.05341252283 -0.108936399336 -1095.88 2199.76
5363.25935644 26.5321527837 3.39459772711 -0.0161048357888 -965.117 1938.234
5354.18196508 65.0577445382 4.21975980604 -0.00605453856682 -991.201 1990.402
5826.6752485 129.037842657 4.88387533778 -0.00317129642007 -1089.92 2187.84
5682.22496406 155.17489863 5.06333051195 -0.00257586407111 -1043.81 2095.62
5253.4713848 142.434448162 4.97619225857 -0.00241059218849 -973.708 1955.416
5538.21717026 85.0669430266 4.47390440202 -0.00412915279683 -1088.45 2184.9
5129.81203669 4.13629400946 2.03685904938 -0.0872756587853 -958.095 1924.19
5667.67984566 5.4864188031 2.23340621681 -0.0715464152031 -1125.45 2258.9
4884.87141727 141.521770103 4.97283850949 -0.00272227373785 -954.935 1917.87
5588.78940677 143.088838062 4.98043061498 -0.00227114864083 -1093.39 2194.78
5219.88829734 139.965086649 4.96061694094 -0.00267309221553 -949.157 1906.314
5687.88765262 5.74917990995 2.2432725847 -0.0696253455608 -1035.35 2078.7
5293.35882521 98.412803428 4.61700297362 -0.0037871559961 -1000.75 2009.5
5341.46500131 101.640116906 4.64576773398 -0.00332971893597 -1021.29 2050.58
NA NA NA NA NA NA
5655.16663436 82.2074874169 4.44375125187 -0.00454329371614 -1119.21 2246.42
NA NA NA NA NA NA
5052.10792899 102.064120647 4.65067194491 -0.00345475223591 -940.648 1889.296
5792.86838973 139.443584068 4.95417033885 -0.00227454727337 -1103.34 2214.68
5093.2585992 51.3998117546 3.99135957861 -0.00679897270652 -1022.16 2052.32
5320.15468984 7.56442974107 2.40294579855 -0.051026204641 -1038.89 2085.78
6077.23685076 132.187215108 4.90628685709 -0.00311542000733 -1073.66 2155.32
4916.17765591 173.498862896 5.17115574531 -0.00200058192461 -951.22 1910.44
5245.18937049 11.7938858248 2.72380462884 -0.033654045816 -1051.4 2110.8
5470.11638745 2.59806026666 2.35312559401 -0.186224227464 -1102.77 2213.54
5146.64129055 2.70278354683 2.08306033435 -0.150878325314 -1003.37 2014.74
5382.61227639 155.378920574 5.06334492836 -0.00236130789194 -1040.5 2089
5080.11348799 2.17350649061 4.1875051525 -0.447561820939 -985.225 1978.45
5143.04408495 2.28975085679 2.26362943851 -0.199871866323 -1052.41 2112.82
5277.37801728 4.69552952144 2.25377685504 -0.096483661676 -1008.55 2025.1
5299.94129531 98.1854393661 4.614009778 -0.00354882748757 -1072.22 2152.44
4895.81105073 2.2797595314 2.50849504354 -0.2335305132 -960.491 1928.982
5190.88607152 6.29441155534 2.2121986967 -0.0503748826082 -1073.08 2154.16
5074.57477643 10.8841923309 2.67242259255 -0.0366443155293 -1045.62 2099.24
5248.14834927 4.46441401686 2.02255473831 -0.0739975868646 -1030.1 2068.2
5190.38213367 4.29794202322 2.02966916175 -0.0792323209374 -1017.23 2042.46
5257.03254116 4.7566012537 2.15312836382 -0.0795413018332 -1043.95 2095.9
5241.31956864 16.7079144211 2.97223313617 -0.0206277652723 -1060.15 2128.3
5180.32113147 177.051985299 5.19501215095 -0.00241594357266 -1025.06 2058.12
5130.88442678 172.544696307 5.16872339412 -0.0023925457975 -977.48 1962.96
