"D" "ssb0" "ssb1" "sigmass" "logLik" "AIC" "maxgrad"
5612.43998741 173.994157182 -3.26946250376 6.40673202394 -4436.18 8880.36 -9.64213e-06
4944.35258262 174.045445097 -3.20843466411 6.23263208466 -4033.49 8074.98 -0.000105275
5513.31306167 172.769428536 -3.0428573361 6.18474921741 -4440.91 8889.82 -7.06164e-06
5072.6355767 173.214440671 -3.10823596061 6.1615414 -4127.94 8263.88 -8.5123e-06
4804.86720095 172.401953526 -2.99732975232 6.16055123177 -3858.21 7724.42 -9.14398e-07
5695.96552211 173.120382019 -3.15800870665 6.27038869103 -4355.4 8718.8 -0.000592388
5563.27295866 172.64087852 -3.07500354398 6.41764340685 -4349.66 8707.32 -9.62262e-05
4967.6568851 172.955533251 -3.04977245126 6.20817206285 -4018.41 8044.82 -2.869e-05
5352.41894015 172.537222481 -3.02320503 6.16766231785 -4348.57 8705.14 -2.43727e-05
5282.49342231 173.177378126 -3.14995808221 6.52037964617 -4219.84 8447.68 -2.20711e-06
5020.75617334 172.697678036 -3.09617686058 6.1706099827 -4018.87 8045.74 -0.0042036
5125.84868447 173.167932519 -3.09713084041 5.97036800427 -4032.35 8072.7 -0.00547162
5280.50414124 172.953263032 -3.02822825801 6.21010104193 -4341.27 8690.54 -0.00318177
5422.80238262 171.665129375 -2.96736060168 6.38433648715 -4294.79 8597.58 -4.92245e-07
5711.88794972 173.237892905 -3.15287328282 6.42737900409 -4457.77 8923.54 -0.00561077
5451.67144858 171.201485901 -2.86582676013 6.15559944359 -4330.16 8668.32 -0.000210047
5110.26984663 173.395684317 -3.13650188002 6.06121037673 -4041.72 8091.44 -5.80216e-06
5582.93664725 174.046476147 -3.31726834463 6.47120139544 -4398.95 8805.9 -0.00739844
4892.04624432 174.022378541 -3.19152199879 6.34605083635 -3921.1 7850.2 -8.92287e-05
5620.07386838 172.650786898 -3.07032220857 6.20709046655 -4568.95 9145.9 -0.00107767
5181.46695788 173.1927937 -3.10348807023 5.93700950928 -4037.89 8083.78 -0.000513563
4999.43211116 172.661976444 -3.06038392468 6.06120897785 -3899.21 7806.42 -0.000399921
5047.70667787 172.605435162 -3.05561893438 6.08014494123 -3957.69 7923.38 -0.000485104
5541.79125741 172.434073588 -3.04598380591 6.262184196 -4399.77 8807.54 -5.31443e-06
4846.14089648 172.909016557 -3.08660663407 6.14692596773 -3781.96 7571.92 -6.00348e-06
5468.21610961 173.615338853 -3.15701288234 6.00127802708 -4468.38 8944.76 -5.32562e-05
4583.20815655 172.745941771 -3.0349047333 5.70206172799 -3588.84 7185.68 -0.00176444
5327.9657408 172.998197998 -3.12455850839 6.16367510831 -4137.82 8283.64 -0.00132337
5292.53728046 172.920276381 -3.06243545182 6.30574674395 -4222.03 8452.06 -3.57086e-05
5375.61866997 173.32066049 -3.16922127877 6.4008087482 -4236.26 8480.52 -0.000439554
5225.98699739 173.10960242 -3.16657750487 6.52071611236 -4042.72 8093.44 -2.06878e-05
5129.9280742 173.813327828 -3.15294858924 6.09124980989 -4175.32 8358.64 -7.15986e-06
4681.23746354 172.665880695 -3.0168156055 6.26127969971 -3818.08 7644.16 -0.000126465
5471.24498127 173.186272727 -3.1347152177 6.29242192934 -4319.52 8647.04 -0.000659686
5470.08257822 173.523055167 -3.2282911077 6.32642452235 -4175.7 8359.4 -8.58156e-05
5839.96197903 173.951030603 -3.21772103852 6.48412614289 -4698.93 9405.86 -1.93851e-05
5443.72008132 172.69872782 -2.9803435636 5.8501772938 -4479.6 8967.2 -0.00132378
5239.930385 172.710780371 -3.03967132226 6.14150112417 -4232.8 8473.6 -0.000835663
5603.74173287 173.299284926 -3.14063970663 6.32066014459 -4580.96 9169.92 -0.00606501
5609.31797426 172.939593607 -3.12271656867 6.23315342506 -4311.64 8631.28 -0.000371405
5684.35790813 172.984009817 -3.11479135529 6.2576439516 -4458.69 8925.38 -4.49209e-06
4819.13966645 171.732301013 -2.91445422741 5.97153070147 -3932.25 7872.5 -3.86135e-05
5588.89002937 171.890051574 -2.96272202109 5.91384836108 -4376.97 8761.94 -2.56075e-05
4715.71131376 173.501032658 -3.08997724611 5.99544223093 -3934.24 7876.48 -2.26944e-05
4843.51607687 172.873577394 -2.9799419158 5.93984445436 -3992.85 7993.7 -1.01902e-06
5223.90406327 172.509303177 -2.98563756912 5.68457857292 -4265.88 8539.76 -1.8872e-05
5183.02883487 174.447464637 -3.26277192731 6.22452622553 -4174.98 8357.96 -7.67225e-06
5241.09332659 172.545043836 -3.02732416498 6.41688558685 -4288.11 8584.22 -7.43015e-05
5346.32037193 173.351653655 -3.13534559751 5.7611998668 -4197.05 8402.1 -0.00230702
5127.53987416 173.078026336 -3.16605452526 6.33730977178 -4125.56 8259.12 -0.000488555
5035.93910733 172.559854939 -3.10519217898 6.38037625989 -3940.19 7888.38 -0.0028483
5546.59845116 171.939858023 -2.96617611276 6.22175934629 -4371.25 8750.5 -3.57318e-05
5318.66303747 172.008988495 -3.04109458947 6.14474680813 -4040.2 8088.4 -0.000237362
5018.43390983 173.470672914 -3.1512726909 6.18376517428 -3976.13 7960.26 -2.16541e-05
4855.58264506 173.25665162 -3.13966061915 6.26562622243 -3892.47 7792.94 -0.000231154
5946.62251865 172.81980276 -3.08780119169 6.35875399052 -4766.76 9541.52 -4.15541e-05
5725.29455983 173.56842537 -3.19682770916 6.23885660927 -4485.89 8979.78 -0.00119446
5413.62217418 172.566160722 -3.02221610014 5.93272702259 -4255.21 8518.42 -2.10051e-06
5149.60294641 172.925137861 -3.15440711103 6.10416016444 -3933.87 7875.74 -0.00141672
4904.66077821 172.562168882 -3.0522815592 6.47190541337 -3925.61 7859.22 -2.26569e-06
5409.05883476 172.607301939 -2.96096148876 6.2464698654 -4531.36 9070.72 -0.000643328
5156.86085788 173.049028978 -3.09338133745 6.03084944884 -4092.52 8193.04 -8.27076e-05
4835.90735297 172.460084445 -3.02976449778 6.04861750529 -3836.05 7680.1 -1.15016e-05
5045.06946812 173.857736887 -3.23707848691 6.368268507 -4035.14 8078.28 -1.24247e-05
5038.13836124 172.934339457 -3.07249102644 5.85617204561 -3944.98 7897.96 -2.867e-06
5512.37351138 172.184923618 -2.94078474827 5.81321252698 -4489 8986 -0.000165224
4633.88970712 173.437924574 -3.25771191914 6.34827574377 -3526.85 7061.7 -1.49587e-06
5405.59389596 173.156665766 -3.12219009073 6.00782100508 -4291.91 8591.82 -7.04964e-05
5202.32963416 172.946280963 -3.14233219961 6.36823856986 -4094.39 8196.78 -0.000282493
5727.30700958 173.579268594 -3.19761331175 6.2089710944 -4499.84 9007.68 -6.37623e-07
5517.72246533 173.723111613 -3.22336265085 6.16542955131 -4301.47 8610.94 -6.9785e-05
5261.37574969 173.261431868 -3.13185518626 6.45264847053 -4214.75 8437.5 -9.67082e-05
5371.95705928 171.530086803 -2.95869986028 6.31303906585 -4109.44 8226.88 -4.92546e-05
5222.86024943 172.887957412 -3.06605091799 6.26116913763 -4228.71 8465.42 -1.47064e-07
5307.88166407 171.792252223 -2.99725423267 6.04914811316 -4050.07 8108.14 -0.000411358
5075.79713303 173.176884808 -3.17912993291 6.56095491331 -3964.42 7936.84 -0.000228041
5107.24489839 172.129599982 -2.93646531772 5.57649772009 -4044.78 8097.56 -1.23359e-06
5205.18915529 172.314355534 -3.00876570532 6.23584763815 -4190.21 8388.42 -5.79592e-05
5754.2331156 173.074927162 -3.15690299739 6.39200819683 -4624.47 9256.94 -0.0013614
4902.99189295 173.075422631 -3.02786527842 5.97678458296 -4095.9 8199.8 -8.00279e-05
5677.45811145 173.874756906 -3.1991624342 5.96221247405 -4431.83 8871.66 -6.17149e-06
5401.26257663 173.410797294 -3.12404768522 5.8925182036 -4230.03 8468.06 -5.99081e-05
5409.0297439 173.516202494 -3.27977241827 6.27525747255 -4088.52 8185.04 -9.20143e-05
5429.29645031 172.860334302 -3.11131169339 6.15333124642 -4197.69 8403.38 -3.39174e-05
5218.64936515 173.746045782 -3.22026096554 6.09886130896 -4021.97 8051.94 -5.39492e-05
5948.77034785 173.000366583 -3.06631177357 5.98126713246 -4785.86 9579.72 -1.5911e-05
4710.78774537 172.731291721 -3.05809236084 6.30748250599 -3841.39 7690.78 -2.40793e-06
5062.35508781 173.711410711 -3.20994761053 6.3225928949 -3959.76 7927.52 -0.00148361
5226.64631049 173.522375311 -3.17217668407 6.22319533372 -4184.19 8376.38 -1.14841e-05
5483.55193805 172.731938461 -3.04018015722 6.08238385556 -4377.44 8762.88 -4.48936e-05
5219.4154209 173.024370926 -3.06361283242 6.20350748534 -4162.4 8332.8 -7.39306e-06
5562.32013182 173.459469996 -3.18759418003 6.1151703324 -4239.34 8486.68 -5.73418e-05
4713.58636154 173.732270763 -3.20434829238 6.45387611786 -3701.57 7411.14 -1.15092e-05
5124.10761576 172.246046034 -3.01443087232 5.98587635945 -3977.77 7963.54 -0.00055375
5206.62273064 172.63599459 -3.04659286502 6.05895810241 -4211.61 8431.22 -5.49107e-07
5581.90914951 173.617452425 -3.19729063093 6.6003707873 -4463.43 8934.86 -8.41884e-05
4835.99184014 173.005417028 -3.13049062418 6.09264575445 -3775.98 7559.96 -6.15073e-05
5103.49622992 172.418548412 -2.98549182083 6.0516437655 -4161.81 8331.62 -0.000192896
5102.23650591 173.751580505 -3.20903045204 6.26789327783 -4015.45 8038.9 -0.000142652
5500.31362268 173.045862423 -3.0739634828 5.98369414229 -4464.95 8937.9 -3.79669e-06
5155.99639146 172.591274222 -3.06198572593 6.37370125435 -4081.08 8170.16 -2.56134e-05
5148.17975608 172.760848106 -3.0737607356 5.82273532951 -4011.74 8031.48 -0.000116358
5335.62922068 172.9302397 -3.11846016423 6.13511283554 -4066.46 8140.92 -3.81034e-07
5565.21691456 174.260930429 -3.22230087265 6.26583476103 -4480.67 8969.34 -0.000181321
5126.27027512 174.515012367 -3.27430470976 6.08468000049 -4131.51 8271.02 -0.000723971
4952.79030486 172.715767791 -3.01890944868 6.01356564738 -4034.73 8077.46 -0.000709747
5578.78595587 173.029091707 -3.10747135129 6.26276757564 -4398.06 8804.12 -1.65115e-05
5573.6053883 173.080286554 -3.14329233415 6.20294181166 -4302.87 8613.74 -6.42666e-06
5491.96872305 173.455607207 -3.22054984079 6.27786475107 -4327.13 8662.26 -0.00112488
5424.91634338 172.340135907 -3.01659600168 6.26442427958 -4419.54 8847.08 -5.20737e-05
5552.01669583 172.435499938 -3.00863743499 5.96109003516 -4329.58 8667.16 -9.15071e-05
4912.61902583 172.957191275 -3.06799617517 6.0639526196 -4002.13 8012.26 -0.00324382
5398.61835361 173.356531276 -3.12551542271 5.9376242164 -4350.45 8708.9 -7.17086e-06
4998.53277831 172.425800762 -3.02758279869 6.42884278255 -3970.44 7948.88 -0.00551316
5319.6571409 172.764385552 -3.06144598327 6.12676891399 -4165.95 8339.9 -3.76154e-06
5326.26767083 172.667929256 -3.04388021498 5.79814435303 -4266.7 8541.4 -0.0068411
5518.57273478 172.676140419 -3.03930253575 5.88133662948 -4267.07 8542.14 -1.50179e-05
4831.48768037 173.067787602 -3.13500477979 6.07664221727 -3823.64 7655.28 -2.03089e-06
5786.85415455 173.688423177 -3.23605659449 6.309312473 -4486.4 8980.8 -0.00207274
4893.71252815 172.65774007 -3.01836544959 6.13303277652 -4024.12 8056.24 -2.25191e-06
4920.17861651 173.273435375 -3.10981135364 6.3710074599 -3981.06 7970.12 -0.00133411
5266.96956824 173.1876757 -3.10466055428 6.17897567733 -4303.56 8615.12 -1.02516e-07
5121.63619033 172.89454664 -2.98877842866 5.6429500326 -4095.66 8199.32 -8.46093e-05
5431.52424273 173.750564768 -3.21193875768 6.55123269417 -4319.41 8646.82 -0.00224533
5350.36982144 172.385136573 -3.03450235105 6.22301070925 -4185.89 8379.78 -6.21991e-05
5474.01754734 171.708217298 -2.90776246028 5.8507158245 -4254.64 8517.28 -9.8246e-05
5366.66566012 172.419955263 -2.98902461254 6.04694529179 -4290.85 8589.7 -7.78569e-05
5014.42478718 172.987545011 -3.07681029628 6.05608667554 -4066.2 8140.4 -0.00109917
5415.84250829 173.24518943 -3.11167336272 6.20372373161 -4249.26 8506.52 -5.62593e-07
5459.26335459 172.413481796 -3.00509043042 6.22747762128 -4394.36 8796.72 -0.000427038
5478.30276145 172.223347735 -2.96996663445 6.20983316933 -4406.4 8820.8 -5.03817e-05
5340.83208233 172.701226309 -3.08057215003 6.17967492344 -4186.63 8381.26 -0.000719387
5509.22914152 173.700439049 -3.25148596126 6.42470208876 -4289.54 8587.08 -4.84948e-06
4943.16759042 173.307853261 -3.11196118506 6.25065510525 -4026.43 8060.86 -1.20175e-05
5304.48217706 173.655356243 -3.20317920263 6.04584866098 -4093.92 8195.84 -2.52987e-07
4656.03909607 172.652899995 -3.01528369322 6.21302687552 -3721.68 7451.36 -0.000251265
5012.20319511 172.627882301 -3.03801759125 6.1717206376 -3967.8 7943.6 -3.15935e-05
5686.73726082 172.569384758 -3.01905167998 6.12269553359 -4559.07 9126.14 -0.00341983
5281.68111321 172.393601079 -3.0713139169 6.42970889703 -4097.72 8203.44 -3.34894e-05
5341.250018 173.385662628 -3.25935940885 6.70732787243 -4046.13 8100.26 -0.000227985
4941.71442656 173.624996455 -3.15025471356 6.26900690269 -3927.09 7862.18 -0.00203327
4912.13033054 172.419549794 -2.97014205459 5.99848081629 -4056.94 8121.88 -0.00050466
4969.82544242 173.02387884 -3.05275327049 5.92855006379 -3927.53 7863.06 -3.28681e-05
5139.22038813 173.363275701 -3.17604369285 6.0216454671 -3956.74 7921.48 -0.00517094
4873.29737495 173.16691556 -3.14800049074 6.46389915612 -3852.31 7712.62 -0.00116579
5291.56404633 173.771711141 -3.20093166934 6.15058364858 -4258.5 8525 -7.7726e-05
5654.50193997 173.697173838 -3.18247971937 6.28428934888 -4527.04 9062.08 -0.0034602
5674.37237424 172.739742492 -3.11068541587 6.31413807932 -4402.86 8813.72 -5.07083e-06
5397.42193139 172.137993518 -2.98846174587 6.2977992548 -4318.39 8644.78 -0.00225893
4880.15806094 173.217786651 -3.08815924773 6.326583394 -3945.15 7898.3 -3.69517e-05
5291.62420992 172.996384422 -3.14570662147 6.3475648969 -4067.94 8143.88 -7.98251e-05
5598.62819075 173.109987366 -3.18600059074 6.17691403985 -4274.96 8557.92 -3.12257e-05
5231.00820307 173.384240298 -3.14736167308 6.16945084366 -4206.67 8421.34 -2.02678e-05
5014.51141203 173.816954971 -3.18523037837 6.37924768914 -4080.98 8169.96 -0.00160549
5408.62326391 173.550086254 -3.23338309623 6.35298621947 -4150.21 8308.42 -0.00136753
5228.14189349 172.497620087 -2.98558753659 5.95995121036 -4278.91 8565.82 -0.00243852
5386.64573863 172.669797609 -3.14545368826 6.24198390657 -4094.63 8197.26 -0.00161123
5067.42399097 171.610132814 -2.89084262205 5.73213030355 -4065.94 8139.88 -0.000163709
5491.13277282 172.976114326 -3.08367236544 5.87256436606 -4294.47 8596.94 -0.00835752
5521.19712409 173.5958559 -3.2451524146 6.44225124121 -4269.63 8547.26 -0.00339016
4908.60466683 173.439338081 -3.16458057101 6.07878759825 -3904.16 7816.32 -9.09857e-05
5295.96359445 173.492884306 -3.19298890436 6.48296763125 -4256.01 8520.02 -9.01892e-05
5476.9897297 172.176027301 -3.01509334195 6.43171892584 -4267.4 8542.8 -6.96032e-06
5381.69098541 172.742821908 -3.05390053632 6.15646486986 -4358.44 8724.88 -3.30254e-05
5108.11707248 172.57830183 -3.05778552625 6.04799076564 -3986.39 7980.78 -0.000462054
5286.72572794 172.216711675 -3.02350504223 6.29202706304 -4267.59 8543.18 -2.6878e-06
5045.67162947 173.698516033 -3.19646647577 6.25530754243 -4021.29 8050.58 -0.000480909
5392.02918415 173.032225417 -3.0847268753 6.11794747778 -4258.76 8525.52 -7.50056e-06
5204.74843969 173.128494201 -3.1272088011 6.04558536668 -4098.04 8204.08 -9.91707e-05
5360.81775155 173.355190613 -3.16040617835 6.42782360055 -4239.67 8487.34 -0.00143936
5339.53891426 173.079508972 -3.04186588731 6.04807646687 -4339.47 8686.94 -4.01523e-05
5775.20127421 173.414748839 -3.16661364156 6.1128783604 -4536.1 9080.2 -5.06659e-05
4937.88862939 172.621415407 -3.02815171917 5.81890450543 -4000.91 8009.82 -0.000517632
5158.69206287 172.457720652 -3.04591044359 6.35045423543 -4130.66 8269.32 -2.64497e-05
5315.10393854 173.652203974 -3.1840751628 6.17494732736 -4300.42 8608.84 -4.70714e-05
6003.68887539 173.864138886 -3.2810562427 6.21997408349 -4541.23 9090.46 -0.00374455
5740.83170897 172.49017925 -3.03265834432 6.2510036043 -4541.89 9091.78 -0.0053233
5163.87549505 173.498437275 -3.17343729934 6.16898934389 -4011.5 8031 -0.000461284
5292.59385798 172.458126622 -3.08867190953 6.37221139952 -4015.02 8038.04 -3.02485e-05
5179.43694308 172.822241955 -3.07673560195 6.03052419887 -4042.62 8093.24 -6.70334e-05
5146.92650066 172.305848317 -2.94055860589 5.99055022602 -4155.55 8319.1 -0.00017925
4903.69230649 173.067106678 -3.07158672339 5.79694425908 -3963.35 7934.7 -9.81717e-06
4935.28622495 172.788084572 -3.03401891152 5.86302184021 -3995.18 7998.36 -2.11492e-05
5192.12233367 173.552709231 -3.09430855816 5.95324577169 -4173.77 8355.54 -0.000384541
4798.126086 174.080536147 -3.33622944386 6.41536505667 -3616.78 7241.56 -0.00324966
5387.99723773 172.307140564 -3.00213969733 6.11625940083 -4315.61 8639.22 -7.83566e-06
4933.51470573 172.764632729 -3.10509819159 6.28620295329 -3866.44 7740.88 -0.000119121
4709.51008339 172.975401311 -3.1120687445 6.16210561695 -3748.98 7505.96 -0.00186845
5047.12166991 172.935753687 -3.0769552911 6.31075592437 -4064.72 8137.44 -0.000118075
5715.7048583 173.549734236 -3.19725793955 6.78840090569 -4461.46 8930.92 -0.000186824
5165.51805818 173.000707477 -3.12921015821 6.18236216891 -4067.6 8143.2 -3.00678e-06
5364.65452705 172.219137657 -3.02908764576 6.38260891327 -4258.33 8524.66 -0.000395106
5038.28712295 172.276099097 -2.97451868063 6.07914166719 -4083.96 8175.92 -2.15774e-05
5741.69506383 171.888125407 -2.94527515762 6.07833648305 -4600.78 9209.56 -8.55476e-05
5411.63471686 172.988808382 -3.11592477163 6.23995033207 -4217.14 8442.28 -2.50918e-05
5371.86769773 172.554391966 -3.0459262906 5.9823535883 -4197.19 8402.38 -0.000383517
5445.41449388 172.483458935 -2.99804566211 6.04316711579 -4376.02 8760.04 -0.000442423
5189.00042442 172.256257923 -2.95056220317 6.05831432413 -4349.84 8707.68 -0.000462459
5527.33529287 173.924563066 -3.1778254521 6.25803273421 -4475.39 8958.78 -0.00492739
5409.47514523 173.217333889 -3.12728797534 6.21728070285 -4339.3 8686.6 -0.00285519
4924.09163023 172.877359466 -3.04966418259 6.22964795219 -4021.08 8050.16 -0.000200939
5311.04611789 172.593185513 -3.06149706182 6.05297857986 -4131.81 8271.62 -5.02778e-05
4954.81417218 173.426511797 -3.14275106117 6.30705164409 -3917.65 7843.3 -5.71614e-06
5356.08255154 172.873474748 -3.143609748 6.28838261722 -4053.11 8114.22 -3.84174e-06
5166.03890694 173.02314823 -3.1176927295 6.34390060231 -4013.19 8034.38 -3.10417e-06
5139.55349797 173.130677367 -3.09426344271 6.17039235198 -4116.68 8241.36 -0.001351
5610.24506316 173.210203243 -3.13628653177 6.1110362326 -4341.47 8690.94 -4.89399e-07
5085.84116898 173.521975312 -3.17267995908 6.26805131418 -4024.78 8057.56 -0.00432399
5165.73228944 173.099518586 -3.08647721635 5.9780543806 -4092.53 8193.06 -1.7421e-05
5415.91310801 172.797876828 -3.06294836851 6.02791360367 -4180.08 8368.16 -6.29455e-05
5218.85333177 173.546740799 -3.12719263938 6.080402873 -4220.45 8448.9 -0.00105499
5618.23515072 172.541001749 -3.00948202596 5.93775114691 -4498.1 9004.2 -4.7955e-05
5555.92809348 173.65063087 -3.20100002168 6.26620494991 -4346.84 8701.68 -0.00053016
5318.79062002 172.559860508 -3.02404652786 6.02154977727 -4248.87 8505.74 -0.00130692
5562.50526114 173.371583748 -3.1790797298 6.16103315171 -4363.05 8734.1 -3.29593e-05
5315.82333261 172.185797551 -2.96185995377 5.98114876648 -4307.96 8623.92 -5.91292e-05
5442.81848263 173.351768366 -3.09890208374 6.13897614952 -4443.95 8895.9 -2.48184e-06
5323.69302766 171.627516144 -2.91174460126 5.98245775431 -4219.11 8446.22 -5.03258e-07
4756.75554573 173.659742403 -3.14310350525 6.08218710345 -3814.65 7637.3 -7.23297e-06
5661.58466258 173.545243472 -3.17747772427 6.20898296644 -4333.8 8675.6 -6.11679e-06
5437.55751472 172.8702763 -3.03985746925 6.15865933138 -4446.65 8901.3 -0.000428506
4776.9109575 173.943686939 -3.17288296276 5.92950838202 -3890.64 7789.28 -0.0060216
4750.4341124 172.785874823 -3.0282410124 6.26131079344 -3885.85 7779.7 -0.00482096
4849.23113256 172.539648724 -3.1084886647 6.49417979799 -3873.32 7754.64 -7.78133e-05
5323.91569444 173.993983704 -3.28165212504 6.44349842844 -4165.46 8338.92 -5.98554e-05
5293.3810537 174.109598331 -3.30098345065 6.21538067705 -4080.71 8169.42 -0.000327275
5197.43723352 173.970156723 -3.20396407968 6.21266592639 -4130.31 8268.62 -1.28145e-06
5545.6839417 172.309462814 -2.96525418714 5.84609568234 -4415.95 8839.9 -0.000229982
5286.21886868 172.276579191 -2.96157035448 6.29000217252 -4415.98 8839.96 -1.45617e-05
5210.97904512 173.021418953 -3.06998760048 5.98461810739 -4232.99 8473.98 -0.000603198
4836.81341407 172.18373344 -3.00356850904 6.18527412016 -3882.49 7772.98 -1.13571e-06
5241.6951477 172.567475702 -3.00120919801 5.97982400271 -4211.78 8431.56 -1.67948e-05
5483.966848 173.854766103 -3.28962691817 6.44371744909 -4224.39 8456.78 -0.000672446
5047.90879189 172.794842049 -3.09430527725 6.38870783201 -3953.19 7914.38 -2.69397e-05
4862.91301744 173.742915014 -3.18209342621 6.34021665891 -3885.9 7779.8 -0.00243723
5386.7150953 173.341203402 -3.11150025611 6.24132556584 -4313.03 8634.06 -1.80252e-05
5378.57555564 172.755364324 -3.09352487732 5.94855576062 -4127.75 8263.5 -0.000171865
5424.33601229 173.099520122 -3.20300299626 6.41037600424 -4080.01 8168.02 -6.48328e-05
5385.82332426 172.576203602 -3.00797199092 5.87429763086 -4289.61 8587.22 -1.51879e-05
5301.90161036 172.665365759 -3.11718577258 6.19731488518 -4079.31 8166.62 -0.0026186
5815.69305224 173.194636639 -3.17011255265 6.22821788311 -4493.67 8995.34 -1.42313e-07
4907.53589227 173.352480986 -3.16476760132 6.14716868679 -3812.78 7633.56 -3.17024e-06
5260.60871671 172.576744379 -3.07802135765 6.45938128809 -4141.44 8290.88 -3.82042e-06
5071.7594214 172.961800237 -3.12964345198 6.2991247297 -3969.42 7946.84 -6.89283e-06
4659.45584198 172.832656404 -2.99767708244 6.01750949579 -3867.14 7742.28 -2.36205e-05
5492.24779523 172.801502316 -3.04978103938 5.88703976185 -4371.98 8751.96 -8.19916e-06
5262.22148147 173.054376373 -3.12045475554 6.13198356959 -4164.07 8336.14 -1.90124e-05
4583.15876911 172.833608933 -3.06106622835 6.19107749495 -3677.87 7363.74 -0.00418576
5551.6096133 173.655418585 -3.18219372673 6.05583962199 -4405.63 8819.26 -0.000720746
5244.94578569 173.65762901 -3.2234872522 6.27796300782 -4063.29 8134.58 -2.68559e-06
4813.0499481 172.662773066 -3.03582751417 6.22109140166 -3866.81 7741.62 -9.89933e-08
5535.81777101 172.837565981 -3.09386075196 6.29197172909 -4446.75 8901.5 -3.89172e-05
5517.11820048 172.447472344 -3.06480387999 6.27700368111 -4342.44 8692.88 -0.000227385
5352.93405113 173.723874035 -3.20523787619 6.20404815015 -4273.87 8555.74 -0.00496843
5758.81950042 173.356409642 -3.09093893002 6.0880480301 -4700.52 9409.04 -0.000126648
5285.04136409 172.800671528 -3.09836274787 6.23934033234 -4136.13 8280.26 -0.000160566
5526.27832158 173.922969496 -3.26517866794 6.43305761694 -4231.03 8470.06 -0.000867373
4966.91959285 173.417204513 -3.13406977039 6.18569884798 -3977.13 7962.26 -8.17419e-05
5368.07538677 172.86921961 -3.04275128744 6.03034414568 -4292.98 8593.96 -9.42955e-06
5397.70276794 173.018087276 -3.10880603352 6.15593851154 -4263.17 8534.34 -7.74098e-07
5576.49651613 173.051345839 -3.15008720313 6.38318509351 -4349.4 8706.8 -1.97763e-05
5710.80321493 172.400108468 -3.01497424389 5.98295078431 -4502.96 9013.92 -5.33356e-06
4753.7457331 172.93439981 -3.08321374413 6.1879586336 -3894.43 7796.86 -2.27652e-06
5195.54216099 172.889939109 -3.09440920101 6.35892954882 -4212.17 8432.34 -3.26793e-05
5582.24751705 173.118481983 -3.12324035894 6.32968937853 -4331.48 8670.96 -3.04502e-05
4992.40077054 172.167591135 -2.98809441695 6.18069859235 -3904.13 7816.26 -6.94282e-06
5578.62208346 172.756935033 -3.08338138809 6.3056523002 -4391.39 8790.78 -8.54368e-07
4889.44769078 173.510730379 -3.15905434608 6.32090352185 -3859.41 7726.82 -0.00201332
5332.71377891 173.172838227 -3.11510315722 6.37457390036 -4319.38 8646.76 -3.95278e-07
5097.20720828 174.210023082 -3.27738412114 6.40982852635 -4050.42 8108.84 -2.48722e-06
5024.99640316 172.998052881 -3.17522308883 6.4926199118 -3887.15 7782.3 -0.00102686
5630.32523443 173.492092884 -3.18347591044 6.18206990244 -4354.62 8717.24 -2.11955e-05
5360.57370067 173.165578814 -3.13519886819 6.09397655837 -4214.74 8437.48 -3.19946e-05
5304.01656096 173.014427704 -3.05147862379 6.03273743412 -4324.39 8656.78 -0.000394875
5153.98757657 173.674318244 -3.25020870802 6.43607555318 -3981.38 7970.76 -0.0036984
4969.69929849 172.594761914 -2.97739259437 5.7391881165 -4011.27 8030.54 -4.75418e-05
5557.69861677 173.589218134 -3.26272476208 6.60934544835 -4324.57 8657.14 -9.28814e-05
5121.26238328 172.086904918 -2.89837109366 5.89913488561 -4202.81 8413.62 -0.000266384
4630.93816258 173.469071468 -3.23981012198 6.48600614259 -3605.1 7218.2 -2.25541e-05
6091.11774013 172.349060124 -3.03965052679 6.11082026175 -4745.52 9499.04 -0.000960646
5154.78661678 172.108659813 -3.019382061 5.98191580158 -3977.72 7963.44 -2.82392e-07
5029.13502075 173.277571772 -3.15168914725 6.24266677664 -4027.35 8062.7 -1.62245e-07
5459.49092008 172.74835075 -3.09393609614 6.08612876906 -4279.53 8567.06 -9.97676e-05
5357.0069054 173.069029663 -3.07836647185 5.94135113395 -4311.32 8630.64 -0.000352107
4800.93674213 173.010341047 -3.13930614805 6.30272421658 -3817.96 7643.92 -3.34674e-05
5156.50380479 173.379268189 -3.1665738027 6.24494718856 -4048.7 8105.4 -4.10155e-05
5108.09339051 172.933492349 -3.01435903993 6.06681488103 -4143.79 8295.58 -2.36583e-06
5660.35036482 173.008694073 -3.08191380692 6.02068766501 -4460.27 8928.54 -0.000649323
5037.13654735 172.514976376 -3.02646709488 5.96876060667 -3962.11 7932.22 -1.47204e-06
4984.59055423 172.244063778 -3.01257481025 6.26422102668 -4068.23 8144.46 -0.00200172
4770.38479444 174.284932821 -3.22433976376 6.0464879598 -3859.02 7726.04 -0.00207629
5278.64868285 173.250561405 -3.16569026158 6.39882895447 -4212.73 8433.46 -0.000373997
5263.45033499 173.065887838 -3.04934878234 6.10801187753 -4335.77 8679.54 -8.0477e-06
4782.53332715 173.92053396 -3.18771673057 6.2352567312 -3927.01 7862.02 -0.000106035
5093.03663576 172.225690853 -3.02164354292 6.46537623584 -4042.81 8093.62 -5.47452e-07
5681.21471497 173.625554956 -3.20985370787 6.34163007984 -4449.24 8906.48 -1.32947e-05
4841.07846885 172.299271321 -3.00789192128 6.25330734963 -3801.96 7611.92 -0.00045463
5696.15599171 172.104856343 -3.0078402346 6.1599144359 -4470.87 8949.74 -0.00634777
4920.48027522 171.99529669 -2.96315135395 6.20527866766 -3915.14 7838.28 -0.000120726
5772.79815906 173.498546902 -3.16728535759 6.0787091502 -4485.54 8979.08 -8.95677e-07
5461.0258281 173.054840578 -3.08339382896 6.09800062989 -4318.84 8645.68 -0.000629401
5419.98036419 172.889776057 -3.09567831705 6.2827585934 -4355.26 8718.52 -0.00247849
5263.13121632 173.45799843 -3.13740302912 6.0681310835 -4181.59 8371.18 -0.00099847
5283.49138494 172.696196462 -3.09411355322 6.27803466659 -4098.39 8204.78 -3.24686e-07
5191.74354116 172.217835089 -2.98611787304 6.00215696316 -4182.34 8372.68 -0.00122775
5681.95809557 173.326696377 -3.17599922637 6.39000593015 -4444.57 8897.14 -2.42117e-05
5665.75188857 173.288850944 -3.12944271011 6.24827474628 -4533.62 9075.24 -6.81277e-06
5337.0754827 173.30571719 -3.14041606706 6.37469066378 -4227.67 8463.34 -1.49357e-05
5554.00610687 173.454564374 -3.16253614599 6.13404719605 -4373.2 8754.4 -1.65412e-06
5175.45738556 173.482533956 -3.1253370072 6.18360165365 -4152.42 8312.84 -0.00194161
5210.52471106 172.976569098 -3.08078300455 6.17170512286 -4175.3 8358.6 -1.11401e-06
5086.98108603 172.898793085 -3.10811157815 6.1778938724 -4021.07 8050.14 -3.36688e-05
5135.40066397 174.080576833 -3.29029251419 6.25861995427 -4032.73 8073.46 -0.00161146
5436.47551295 172.629573851 -3.0352274866 6.1093810201 -4270.29 8548.58 -2.04649e-06
5338.95952827 173.119045034 -3.12593584541 6.37477473342 -4206.68 8421.36 -2.56686e-05
5503.62288454 173.482384457 -3.20308933651 6.34367116324 -4283.09 8574.18 -0.000179081
5703.63505585 172.454052735 -2.99765696237 5.95569966604 -4595.23 9198.46 -2.90611e-06
5867.09540759 173.161884193 -3.13103780937 6.29120342107 -4724.81 9457.62 -2.68422e-05
5229.04552043 172.525722863 -3.08011049993 6.34517946475 -4076.85 8161.7 -0.000384405
5570.08786439 173.530953954 -3.13347721699 6.05695474266 -4481.62 8971.24 -6.01307e-05
5261.75217321 172.207969338 -2.99794918708 6.3115805443 -4266.63 8541.26 -0.00165019
5425.51862057 173.995166791 -3.30332185777 6.32320878918 -4109.93 8227.86 -2.13277e-06
5222.89682036 172.320916012 -2.99413318938 6.18557658734 -4206.39 8420.78 -3.52556e-07
5393.15381528 172.613071286 -3.03545561814 6.27088753493 -4441.3 8890.6 -5.98347e-06
5280.70266769 173.505298944 -3.19500922858 6.187183217 -4033.26 8074.52 -9.38549e-05
5034.14551604 173.156684886 -3.1371022743 6.35031997597 -3959.63 7927.26 -3.72715e-06
5698.72886527 172.946493428 -3.06671942288 6.06343324431 -4543.98 9095.96 -3.13238e-06
5326.93683888 172.472567273 -3.05611257232 6.23441573555 -4151.14 8310.28 -3.11203e-06
5584.64670974 172.317220599 -3.02982960587 6.25027398218 -4442.46 8892.92 -2.07313e-05
4967.78093712 174.107718918 -3.25832932152 6.34842508438 -3912.09 7832.18 -5.00142e-05
5868.67299213 172.381426519 -3.02480084735 6.05129466713 -4632.58 9273.16 -2.61235e-05
5291.03491777 172.761439248 -3.02707438077 5.99222901162 -4217.3 8442.6 -6.66194e-07
5282.0111218 172.57390631 -3.0061957255 5.96915471107 -4285.97 8579.94 -2.54075e-05
5341.39972807 172.892579884 -3.08494086288 6.22527477928 -4254.55 8517.1 -8.01716e-06
5308.95778347 173.235841293 -3.13826303322 6.18590661595 -4192.69 8393.38 -2.47445e-05
4880.00812012 173.125172164 -3.09990239137 6.00694722194 -3833.77 7675.54 -7.3353e-05
5151.69726275 174.203198239 -3.2131402071 5.97612793046 -4119.54 8247.08 -3.26345e-05
5603.71553693 172.720405264 -3.09298652102 6.08704011527 -4359.75 8727.5 -5.33974e-06
5307.18591475 172.739903862 -3.08806777873 6.26259814525 -4154.26 8316.52 -1.92738e-05
5287.20368198 172.939604498 -3.02890929425 6.19423588656 -4381.62 8771.24 -1.98979e-05
5382.45365 172.599513112 -3.03757146998 6.02956573524 -4228.29 8464.58 -0.000120469
4917.4169045 172.724127349 -3.00861022018 5.8360423798 -3879.77 7767.54 -0.00233321
5849.78627014 172.928249186 -3.14707097528 6.39655031049 -4579.44 9166.88 -2.52804e-05
5076.10093977 173.413484859 -3.10854309266 6.10214925901 -4059.23 8126.46 -0.00173063
5158.45273172 173.643803638 -3.18737282933 6.3034397657 -4006.31 8020.62 -0.000222504
5318.56546757 173.007022912 -3.05943021017 5.78233126571 -4284.75 8577.5 -9.18072e-05
5228.46153987 172.586280123 -3.06844170246 5.96953443238 -3999.98 8007.96 -4.34768e-06
5396.55690608 173.349885838 -3.20824001509 6.46234310341 -4158.25 8324.5 -0.00142409
5686.98390651 172.51701885 -3.06067694244 6.2893724396 -4553.95 9115.9 -5.68587e-05
4874.79325512 172.978068086 -3.04649489456 6.11955225168 -3998.45 8004.9 -2.14687e-05
5071.00267206 172.371077905 -3.02542275922 6.11740174856 -4014.87 8037.74 -7.8555e-05
5294.95092715 173.573999532 -3.12966028849 6.0545757947 -4248.28 8504.56 -2.52047e-05
5089.23275456 172.671861314 -3.0803297404 6.30454925707 -3974.84 7957.68 -5.59223e-05
5628.81053292 173.479575022 -3.17068009197 6.25398002496 -4455.87 8919.74 -0.00361032
5384.10972636 172.80438624 -3.13188590569 6.25432218622 -4167.93 8343.86 -1.81845e-05
5095.3087509 173.131181713 -3.0432841172 5.86349855145 -4209.59 8427.18 -0.000951586
4830.95810856 172.598306171 -2.98013515956 6.13400541544 -3987.46 7982.92 -0.00215974
5822.0305511 173.062058197 -3.09552972644 6.07925502918 -4605.94 9219.88 -1.68568e-06
5034.38604356 173.938057194 -3.22971118595 5.95794884395 -3871.64 7751.28 -0.00706786
5279.32938875 172.553665511 -3.00476861196 6.15300670953 -4234.92 8477.84 -4.62134e-06
5282.9170663 173.417050011 -3.14615297402 6.30232507532 -4299.32 8606.64 -0.00428546
5152.51871387 173.284565393 -3.10120019249 5.95264807401 -4138.39 8284.78 -0.000125948
5264.31930911 172.402604832 -3.00272419891 6.33165605162 -4302.86 8613.72 -0.00367697
5197.28499023 171.445967242 -2.92601942989 6.1945764254 -4042.26 8092.52 -2.31296e-06
5456.51755703 172.897445574 -3.13440220687 6.41282361612 -4338.01 8684.02 -3.87888e-05
5184.74148618 172.511094706 -3.04379475651 6.22404417691 -4153.15 8314.3 -2.96166e-05
5526.82791952 174.205977011 -3.2695840667 6.10618286019 -4321.66 8651.32 -1.42043e-05
5403.73762092 173.417767533 -3.19960672366 6.35272298076 -4203.85 8415.7 -8.3938e-07
5363.03408895 173.150577284 -3.18098279645 6.28319803943 -4036.05 8080.1 -8.44961e-06
5177.75324383 172.998276629 -3.04463403969 6.28065616731 -4271.53 8551.06 -1.0841e-05
5306.48469993 173.274193369 -3.12636040987 6.17060650507 -4193.47 8394.94 -0.00287293
5380.80868889 172.847972536 -3.11131604881 6.20484507379 -4216.62 8441.24 -8.68072e-05
5746.9140754 172.454759669 -3.00696312497 6.28237969262 -4651.74 9311.48 -2.33015e-05
4797.7051088 172.540487966 -2.99246150443 6.10646502153 -3923.4 7854.8 -0.000570741
5456.74651269 173.494113738 -3.22930911242 6.24478839187 -4184.64 8377.28 -1.72507e-06
5119.07068072 172.989738653 -3.11286440305 6.18896715457 -4056.92 8121.84 -2.14983e-06
5065.98447356 173.169771099 -3.07208063779 5.90337958969 -4181.22 8370.44 -0.000515636
5365.61434957 172.781932306 -3.07164980167 6.14396957236 -4226.2 8460.4 -0.00291475
4865.02351419 172.558653203 -3.00919414649 6.31987439128 -3938.13 7884.26 -1.02321e-05
4974.30865822 173.012483449 -3.07589353147 6.22901621648 -3937.28 7882.56 -1.93361e-05
5725.71036881 173.084080387 -3.08614129182 6.14962007098 -4563.15 9134.3 -0.00416683
4621.02743606 173.272453367 -3.09195649168 6.15927731404 -3759.1 7526.2 -4.95132e-05
5627.46370931 172.550876351 -3.05106119136 6.13516602646 -4403.9 8815.8 -9.63243e-06
4858.70648306 172.551684965 -3.02834275522 6.33193617461 -3909.31 7826.62 -1.59653e-05
5049.6174285 173.507203002 -3.08918287788 6.0485979119 -4120.38 8248.76 -0.000142985
5243.29491735 172.3754057 -3.00688605795 6.39414532572 -4331.97 8671.94 -1.79206e-05
5361.76232481 172.672914433 -3.03156531757 6.06072879198 -4353.6 8715.2 -0.000311605
5231.87141022 172.491062344 -3.01348527918 5.79144578608 -4122.28 8252.56 -3.76933e-05
4904.25431732 172.703207897 -3.01802089944 6.06144142772 -4016.81 8041.62 -0.000533515
5392.09646377 173.583628303 -3.19069934835 6.61504201329 -4332.14 8672.28 -4.80621e-06
5475.34808854 172.843845904 -3.04489311642 5.83770000714 -4368.24 8744.48 -0.00523151
5673.13969416 173.527823032 -3.1761435053 6.11680910265 -4388.14 8784.28 -0.00562385
4649.07349991 172.889286177 -3.04475550692 6.31102090186 -3814.54 7637.08 -0.00446218
5306.70374803 173.298598295 -3.1239412982 6.49318201706 -4296.32 8600.64 -1.02033e-05
5882.67303079 172.946719587 -3.08540137177 6.02709237082 -4738.99 9485.98 -4.93744e-05
5106.7306613 173.278425141 -3.1437429902 6.22552440637 -4030.04 8068.08 -0.00152454
5230.64349147 173.351169519 -3.07221672395 5.90655179512 -4225.08 8458.16 -0.00126729
5377.3599941 173.644477595 -3.19843006193 6.17318904445 -4256.96 8521.92 -0.00243528
5501.3645225 172.793142278 -3.1163171177 6.46097241918 -4350.54 8709.08 -6.36955e-06
5095.70829899 173.240070856 -3.13804839661 6.0031881884 -3984.2 7976.4 -4.08033e-05
5545.42879436 172.802300187 -3.08690156246 6.2897197397 -4472.69 8953.38 -0.000487928
5144.92568569 172.210792253 -2.95630846643 6.27093887314 -4255.49 8518.98 -0.00150226
5165.82288791 173.087242048 -3.12256002988 6.28790615611 -4047.42 8102.84 -6.91849e-05
4841.21964167 172.835997173 -3.00594980762 6.13356487217 -3932.26 7872.52 -0.00093584
5647.19292099 172.377554603 -2.99659653751 6.33851943648 -4474.52 8957.04 -0.000142089
5395.35380898 173.125735787 -3.16973151247 6.40578493912 -4222.55 8453.1 -0.00582924
5279.6692474 173.032629636 -3.06878882604 6.14330287096 -4289.73 8587.46 -0.000777166
4610.19138632 174.060888861 -3.26701638219 6.51916099514 -3622.03 7252.06 -6.57173e-05
5129.81365269 173.454533267 -3.09817426942 6.3004848067 -4243.22 8494.44 -4.33585e-05
5504.78091167 173.404528987 -3.15960914904 6.23073529142 -4437.15 8882.3 -3.39055e-05
4869.97681184 173.261547423 -3.09425724104 6.13949799462 -3919.19 7846.38 -2.37553e-07
4893.78280206 172.884514387 -3.06532272863 6.07013289971 -3938.09 7884.18 -0.000680653
4969.44463302 172.812513274 -3.02717318426 5.92856012873 -4058.77 8125.54 -5.39982e-05
5139.10928547 173.26257179 -3.10275780447 6.32223757535 -4126.9 8261.8 -1.05836e-05
5083.51514729 172.471834688 -2.97501930295 6.0451339533 -4187.21 8382.42 -0.000497864
5593.51342336 172.587525345 -3.09871625034 6.47539730804 -4465.07 8938.14 -6.75375e-07
5392.51158464 173.883682232 -3.27524514113 6.52374541623 -4244.96 8497.92 -6.88947e-05
5502.76124771 173.721758253 -3.2043615436 6.3734850464 -4310.8 8629.6 -9.55179e-06
5027.63908641 173.340972227 -3.10439165279 6.22950525244 -4101.84 8211.68 -0.000123191
4497.08367857 172.74447928 -3.06458949752 6.25760491778 -3612.23 7232.46 -0.00204868
5082.21923314 172.180015941 -3.00870878075 6.55842565703 -4034.09 8076.18 -4.77872e-06
5430.60982895 173.167139961 -3.13537536941 6.30335444724 -4284.38 8576.76 -0.000446045
5268.87188714 173.410808507 -3.22514664525 6.37273877419 -4092.52 8193.04 -3.1731e-05
5603.62168671 173.435541281 -3.14338858421 6.32297954182 -4519.95 9047.9 -0.000649955
5103.52724354 173.609592128 -3.13577391235 6.2043702332 -4262.47 8532.94 -0.000494296
5237.70535323 172.810731309 -3.05746881885 5.98936639909 -4187.56 8383.12 -3.97267e-05
5347.27727188 173.132640483 -3.18935309414 6.19192326027 -4129.88 8267.76 -0.00132385
4680.89563215 172.508026622 -2.97744212439 6.16085856291 -3813.57 7635.14 -0.00107138
5411.04803874 172.396035346 -3.08565095602 6.08891642944 -4218.92 8445.84 -0.00018941
5099.59914912 172.678296282 -2.98507475112 6.02517034614 -4206.91 8421.82 -1.28698e-05
5661.67484295 173.482315272 -3.16652254288 6.28281003036 -4525.64 9059.28 -0.000544914
5104.53988712 173.207764208 -3.16348246781 6.35335020104 -4011.17 8030.34 -0.00502823
4947.96040962 173.68897931 -3.21569768863 6.24004922225 -3934.79 7877.58 -0.000418821
4994.53328071 173.000519155 -3.05173277045 6.16999233098 -4153.65 8315.3 -2.90384e-06
5408.31044145 173.642711481 -3.20260704967 6.26110204505 -4291.67 8591.34 -1.04879e-06
5239.678952 172.336020388 -2.98158906082 6.02294829845 -4186.96 8381.92 -0.00163523
5124.65089552 172.740452218 -3.00900194277 6.11979931299 -4148.58 8305.16 -2.61439e-06
5277.84062934 172.902733425 -3.05206760868 5.84730198253 -4142.3 8292.6 -7.33403e-06
5530.60709282 173.063777455 -3.22641045788 6.84006589097 -4202.97 8413.94 -6.2196e-06
5149.25707124 172.864543175 -3.08342935783 6.05816347761 -4077.22 8162.44 -2.60643e-06
5078.81614315 172.821488164 -3.10328851653 6.35011503816 -3987.92 7983.84 -3.0444e-05
5083.93631778 173.209917328 -3.13279475196 6.24871040361 -4090.41 8188.82 -0.00332009
5376.0238943 173.70144455 -3.23537562524 6.02047689515 -4170.94 8349.88 -0.00100826
4992.46891467 173.970071244 -3.25713154746 6.56357373742 -3995.88 7999.76 -5.91661e-05
5688.05391498 172.858552485 -3.02943241748 5.87911617695 -4674.98 9357.96 -6.98859e-05
5243.44126335 172.442413997 -2.98386286212 6.05530755667 -4220.31 8448.62 -4.14394e-06
5556.86984844 172.981906814 -3.11525694815 5.88775528189 -4347.21 8702.42 -0.00114899
5793.57928582 172.383733572 -3.0664389368 6.46718297045 -4586.95 9181.9 -5.28384e-06
5159.53205826 172.518736386 -3.07152191141 6.41175380044 -4127.9 8263.8 -0.000114012
5528.66466256 172.93413177 -3.11620352005 6.42782063647 -4305.25 8618.5 -3.13396e-05
5118.17930209 172.897420174 -3.01907965739 6.15139389818 -4229.01 8466.02 -0.00457666
5529.57628085 174.271879768 -3.26959889728 6.22087607504 -4338.8 8685.6 -4.44281e-06
5690.27915525 173.964897784 -3.25158196571 6.40372733058 -4515.69 9039.38 -2.90612e-05
5079.99895181 172.665914854 -2.99169419224 6.23172657878 -4227.06 8462.12 -4.53405e-05
5151.66942955 173.455083143 -3.19761768735 6.26398143869 -4064.98 8137.96 -4.41623e-05
5381.725367 173.879499465 -3.24219293199 6.28137223162 -4181.27 8370.54 -3.08616e-06
5054.70140684 172.414855504 -3.00930084977 5.84301083683 -3987.03 7982.06 -5.39354e-05
5285.55886924 172.774623703 -3.14991898458 6.28585970009 -4042.68 8093.36 -0.000723706
5715.02978956 172.61408919 -3.07085153894 6.27946139209 -4603.73 9215.46 -1.83952e-05
4930.7671315 173.708273683 -3.12190605101 6.23020271897 -3999.5 8007 -0.000247223
5189.94852103 172.375149469 -2.97717873597 6.02267872585 -4167.03 8342.06 -0.00141754
5620.29480636 173.745192524 -3.22514751305 5.7342968705 -4363.54 8735.08 -0.00106393
5168.70024154 172.678322188 -3.05623381854 5.92510561235 -3960.43 7928.86 -6.55626e-06
5184.97546498 174.314844362 -3.24405344591 5.98310010599 -4059.38 8126.76 -9.13306e-05
5403.96613378 172.204720388 -2.92366252122 5.9788382232 -4405.26 8818.52 -7.4584e-05
5742.97829354 173.122532427 -3.09243599816 6.02913925936 -4630.61 9269.22 -0.000438344
5161.41878917 172.745019614 -3.09356816028 6.28590368984 -4128.15 8264.3 -2.12767e-07
5384.0206179 173.105435287 -3.12396446034 6.37493502455 -4262.52 8533.04 -3.20145e-05
5089.2327399 172.534903037 -3.02289715211 6.08101607908 -3991.08 7990.16 -2.37253e-06
5136.53064542 172.85547487 -3.12785801028 6.48943438014 -3881.78 7771.56 -0.000124074
5462.43412823 172.75068803 -3.09301095194 6.45432053558 -4284.14 8576.28 -1.55103e-05
4463.6166848 172.609178666 -2.97167318054 6.06442974641 -3655.78 7319.56 -3.98911e-05
4908.5680701 173.060141557 -3.04170038677 5.77694234298 -3940.61 7889.22 -2.95999e-06
5027.41154174 172.773512973 -3.06612791975 6.0817071608 -3922.2 7852.4 -0.00226989
5137.01495232 172.183869479 -2.99561349966 6.35336253882 -4114.43 8236.86 -5.04764e-06
5914.45611063 171.938217476 -2.99066146302 6.54960811342 -4690.56 9389.12 -1.52181e-06
5263.0456166 172.672075877 -3.04073955148 5.89286521329 -4109.32 8226.64 -1.23138e-05
5039.42107618 173.459836783 -3.23081900377 6.47443428013 -3896.32 7800.64 -0.000846271
5447.71716867 173.544073456 -3.20378776382 6.58910296241 -4322.72 8653.44 -0.0011069
5849.16866932 173.612877819 -3.21745634524 6.25992210207 -4517.77 9043.54 -0.000351848
5444.05127178 172.844046896 -3.06580541475 5.99313952796 -4266.4 8540.8 -2.24232e-05
5478.77331398 173.801946018 -3.29829541883 6.79507440389 -4216 8440 -0.00141952
4989.99131167 173.032486113 -3.0860994123 6.0746179431 -3900.47 7808.94 -1.2212e-05
4944.85220531 173.00515695 -3.01290681493 5.86601445532 -3956.95 7921.9 -5.09222e-05
5479.151955 172.810557122 -3.11427236068 6.44060669326 -4324.91 8657.82 -7.16258e-05
5577.16627342 173.494693435 -3.22915912404 6.43346791024 -4269.66 8547.32 -0.000423467
5846.88845567 173.213539668 -3.15188216806 6.35830106637 -4629.28 9266.56 -5.94389e-06
5282.96509455 172.204068951 -3.00341465957 6.23803476816 -4179.79 8367.58 -3.64652e-05
5135.32218282 172.866520841 -3.11338311065 6.18883157071 -4025.39 8058.78 -4.7854e-07
5526.35554198 173.164126375 -3.10800513703 6.28424400293 -4480.54 8969.08 -3.86505e-06
5268.41571026 173.190605856 -3.10409704438 5.99733139926 -4145.54 8299.08 -4.54841e-05
5189.93265002 172.74216325 -3.0664671968 6.21340535196 -4013.71 8035.42 -2.13247e-07
5811.14488164 172.624944243 -3.10078328389 6.15125958386 -4462.95 8933.9 -0.00169682
5657.22590568 173.215902678 -3.18921488846 6.446695623 -4370.1 8748.2 -1.43891e-05
5158.77496671 172.618160972 -3.06320630853 6.16264571549 -4140.01 8288.02 -1.77698e-05
5340.32830176 174.125859882 -3.2253256681 6.35138391399 -4338.43 8684.86 -0.00169074
5188.00305672 173.362221643 -3.14215739741 6.2430414034 -4258.33 8524.66 -1.01036e-05
4828.62587107 172.654696413 -3.03989432963 6.16363100934 -3901.8 7811.6 -4.25402e-06
4976.24162926 173.051887533 -3.07333190396 5.90536512474 -3953.2 7914.4 -0.000114907
4999.56735773 172.735170921 -3.07020611882 6.3791324183 -4061.76 8131.52 -1.83768e-05
