"D" "ssb0" "ssb1" "sigmass" "logLik" "AIC" "maxgrad"
5586.6356162 174.239315996 -3.27082694809 6.06341525258 -2998.04 6004.08 -0.000102944
4957.77126218 175.070257147 -3.31694192639 5.72635960455 -2755.53 5519.06 -0.000355768
5458.37241992 173.856540979 -3.1274964298 5.75270133734 -2974.01 5956.02 -1.75455e-05
5189.59408072 174.038359558 -3.24594413146 5.68054818789 -2824.53 5657.06 -1.16393e-06
4691.69140725 172.021882274 -2.91062226563 6.4430994773 -2595.05 5198.1 -0.00206194
5795.05431159 173.226381377 -3.2112509164 6.17448298811 -2886.81 5781.62 -0.000294638
5814.96979724 172.583935187 -3.1855381135 6.52412329899 -2878.02 5764.04 -6.1989e-06
5101.10118989 171.727558324 -2.99881694943 6.81724881631 -2708.8 5425.6 -0.000370298
5294.7357054 172.049203973 -2.93767644956 6.14595857099 -2945.32 5898.64 -0.000154449
5397.35417828 173.22394048 -3.20504157795 6.40164262335 -2845.01 5698.02 -7.38291e-05
4883.13559401 172.506524776 -3.00954606188 6.27251059953 -2749.92 5507.84 -2.52626e-05
5138.82936434 173.609865659 -3.14718558376 5.75466919912 -2695.05 5398.1 -1.875e-06
5448.82813247 173.121239221 -3.1230471164 6.14013333488 -2928.64 5865.28 -2.06935e-06
5476.06579801 171.718764373 -3.01122574723 6.64353270356 -2861.67 5731.34 -1.11017e-06
5540.49538536 173.806470951 -3.14140463733 6.38149034455 -2953.35 5914.7 -4.06836e-05
5648.02253524 171.635518557 -2.97822619663 5.66969998357 -2841.48 5690.96 -2.49862e-06
5109.68880209 173.994323714 -3.18705244395 5.58282430765 -2717.99 5443.98 -3.22483e-06
5499.7515887 173.990712379 -3.26275263493 6.32251794215 -3011.53 6031.06 -2.60984e-06
4963.01216215 174.970254874 -3.32557318801 5.9417809448 -2614.61 5237.22 -1.44546e-06
5606.84872854 172.648475596 -3.05736510984 6.0704406422 -3134.6 6277.2 -3.77995e-05
5189.70488867 172.846570672 -3.06367327327 5.90148050253 -2697.47 5402.94 -2.61072e-05
5061.822314 173.409299644 -3.15521416456 5.4465137113 -2587.56 5183.12 -1.84427e-05
5033.69336439 172.054056073 -2.9978899171 6.39241961876 -2655.88 5319.76 -0.00105629
5536.96842991 172.074210847 -3.01165082246 6.4818166051 -2955.19 5918.38 -1.65103e-05
4873.71322661 173.069811796 -3.12833717635 6.30466319331 -2521.54 5051.08 -0.000280649
5216.49189451 173.473939237 -3.01416646071 5.83415399056 -3086.21 6180.42 -9.00811e-06
4519.80918811 173.097764046 -3.04080317863 5.65733437958 -2417.54 4843.08 -8.97641e-05
5419.30991174 173.555654099 -3.22601150102 5.91908735325 -2770.96 5549.92 -5.88418e-05
5371.28361924 172.602551078 -3.07963390716 6.66998260735 -2806.34 5620.68 -2.8456e-05
5268.40776572 173.350835297 -3.11592936381 6.28730345046 -2852.95 5713.9 -1.89783e-05
5511.19537482 172.008717046 -3.18642753756 6.92149971281 -2686.84 5381.68 -0.000191532
5111.21588757 173.416134402 -3.10429735666 6.25866276128 -2849.33 5706.66 -0.000134421
4739.06807194 172.402551567 -3.02724113318 6.4948854139 -2563.04 5134.08 -1.1938e-05
5480.98015994 172.586126459 -3.08173599283 6.59230828598 -2898.69 5805.38 -1.33263e-05
5253.67664086 173.329780664 -3.112007253 6.54000469216 -2789.6 5587.2 -2.85325e-06
5732.98934364 174.311961304 -3.20935767707 6.41189902078 -3172.96 6353.92 -3.72417e-07
5330.14258496 171.469076711 -2.82707748038 6.60935102741 -3056.02 6120.04 -0.00184977
5128.92421214 172.615668603 -2.96940837617 6.00146348395 -2840.53 5689.06 -1.32829e-07
5308.03217833 173.051407727 -2.97058740154 6.17421929672 -3122.74 6253.48 -9.90616e-06
5744.24043214 172.830024251 -3.1580547936 5.98917093191 -2853.98 5715.96 -9.06137e-06
5710.60719616 172.246833888 -3.0497153131 6.51482510988 -2976.88 5961.76 -0.000210255
4734.51940415 171.760342074 -2.87359974553 5.9146510382 -2670.54 5349.08 -3.55962e-05
5590.04330603 171.73129493 -2.94371761644 5.91083212874 -2937.11 5882.22 -5.43188e-05
4524.33726586 174.346287901 -3.06537418286 5.55156311771 -2689.36 5386.72 -5.44623e-06
4989.60078803 172.28074608 -2.97803973195 5.88046469002 -2677.63 5363.26 -0.000227762
5135.410041 172.431928806 -2.92897265467 5.55165117209 -2940.02 5888.04 -0.000395259
5078.89136145 174.124924651 -3.1733375026 6.27346675771 -2846.64 5701.28 -1.38752e-05
5196.10259932 171.759536331 -2.93450062312 6.80333966327 -2901.37 5810.74 -0.00102359
5249.73121031 173.745768167 -3.13412022424 5.70870948439 -2866.34 5740.68 -6.45564e-05
4790.73421064 172.672938857 -2.94533851709 6.2391617097 -2825.6 5659.2 -1.868e-05
5022.12706525 172.580642512 -3.08538158568 6.0735217682 -2627.89 5263.78 -5.1796e-06
5673.31925099 171.831562804 -3.0210365606 6.48130578595 -2891.05 5790.1 -0.000152207
5393.5669111 171.551948476 -3.02166195434 6.20579597231 -2682.46 5372.92 -9.9076e-07
5143.58709808 174.152763473 -3.28226481991 5.80276040882 -2671.29 5350.58 -0.00110806
4737.64008565 173.384194251 -3.10589816017 6.52153665891 -2657.67 5323.34 -1.74396e-05
5884.21808703 172.989423544 -3.08314624047 6.38160498299 -3222.85 6453.7 -1.38756e-06
5647.03478602 172.483575707 -3.05065822896 6.63427449029 -3027.67 6063.34 -0.00019226
5392.1314739 172.54151193 -3.00907643055 5.92415227334 -2833.87 5675.74 -5.38894e-06
5179.86634575 173.022106752 -3.17772592314 6.02216482171 -2642.72 5293.44 -1.18359e-05
4939.8428522 172.032076488 -3.00122436996 6.38621915094 -2607.32 5222.64 -1.61061e-06
5358.95680115 173.275292631 -3.00231239534 5.95692152341 -3034.43 6076.86 -4.04695e-06
5275.52504768 173.252821747 -3.19154877876 6.33549477865 -2779.57 5567.14 -0.000255807
4941.106783 173.605557236 -3.2050730134 5.6069127589 -2577.8 5163.6 -7.90513e-06
5085.82730846 173.778062252 -3.2364636789 6.12001681109 -2761.26 5530.52 -4.74501e-05
5199.37177937 173.165043841 -3.1600133623 5.37978080903 -2641.88 5291.76 -0.000878666
5513.71380939 172.098161724 -2.93834770791 5.96228112894 -3052.78 6113.56 -4.54685e-05
4677.77536258 172.537724032 -3.19135281726 6.77641336784 -2379.54 4767.08 -2.94637e-05
5346.14530666 172.968562726 -3.0713050813 6.00532967171 -2913.26 5834.52 -3.637e-06
5221.43421699 173.768836665 -3.2557841915 6.41922596284 -2768.13 5544.26 -2.41323e-05
5756.78043246 173.341697115 -3.20307414325 6.63285161447 -3075.18 6158.36 -2.7589e-05
5543.84663602 172.802751468 -3.12670309373 6.25950323122 -2908.97 5825.94 -2.42235e-05
5284.03951431 173.355837128 -3.16834413435 6.72809354258 -2846.11 5700.22 -7.36311e-05
5818.70754483 172.63495779 -3.26143620507 5.4432592455 -2663.87 5335.74 -8.21831e-05
5146.25171807 171.965669633 -2.9472898802 6.76022249884 -2855.46 5718.92 -0.000936049
5228.34574582 170.949002871 -2.91821607093 7.12823426028 -2723.73 5455.46 -2.99069e-05
5189.65708722 173.938247586 -3.30604122579 6.01883065672 -2621.02 5250.04 -3.45851e-07
4958.77753389 171.851385128 -2.81607261073 5.18768247675 -2709.56 5427.12 -1.4392e-05
5184.96258759 172.443685758 -3.0054458961 6.0486922188 -2802.23 5612.46 -3.26192e-05
5470.24239035 174.002561635 -3.11131840357 5.80128700815 -3149.76 6307.52 -6.78685e-05
4797.10176583 173.055942273 -2.97179200524 5.95766954455 -2808.67 5625.34 -0.00118099
5703.43677131 174.768456736 -3.31126615127 5.74512154631 -3003.52 6015.04 -6.90969e-07
5417.93269248 171.871646837 -2.96361380667 6.2621196732 -2854.16 5716.32 -2.21244e-06
5110.61906899 174.140383411 -3.18463294398 5.81085034946 -2751.51 5511.02 -0.00339627
5582.34475574 173.110732087 -3.20674354256 5.998087311 -2809.64 5627.28 -7.73374e-06
5291.66881655 174.586068699 -3.33694690555 5.53428968555 -2695.18 5398.36 -2.016e-05
5810.08747993 172.187388741 -2.92810375135 6.29014955475 -3253.37 6514.74 -7.43444e-05
4668.88234569 173.660613749 -3.13659828126 6.08784831391 -2611.07 5230.14 -0.000938409
5261.01966823 173.345360321 -3.26507125235 6.30089039799 -2657.15 5322.3 -7.81432e-05
5048.49270028 173.666990831 -3.10328910583 6.26180908395 -2863.68 5735.36 -0.000197904
5396.56882521 172.741893985 -3.00442139359 6.12468810096 -2933.7 5875.4 -4.85785e-06
5351.80461424 172.995382591 -3.10172667024 5.76597406869 -2748.5 5505 -4.844e-05
5447.66955439 173.42157925 -3.14029827916 6.33691208568 -2822.03 5652.06 -4.19877e-05
4898.56123424 173.745822523 -3.29141815485 6.11211147237 -2462.57 4933.14 -1.15315e-05
5284.53054174 172.937043612 -3.16718763625 5.75530719548 -2656.98 5321.96 -0.00194712
5062.03574505 172.850272156 -2.99793336509 5.94884566816 -2864.11 5736.22 -1.86513e-05
5432.78759382 172.477739773 -3.01968736567 7.07110000395 -3004.12 6016.24 -8.56757e-06
4804.8866742 172.91358131 -3.09932024506 6.02078290352 -2562.49 5132.98 -0.000459524
5146.62112305 172.595073114 -3.02306423845 5.96824892529 -2818.27 5644.54 -6.04606e-06
4897.4915944 173.8261029 -3.09794560502 5.9540007401 -2704.14 5416.28 -1.68858e-05
5537.25544428 173.702645291 -3.16349807476 5.83084647029 -3052.53 6113.06 -2.52237e-05
5260.04372895 173.127899328 -3.1805218684 6.42238983621 -2710.99 5429.98 -0.00140163
5078.50745837 173.002630355 -3.08918375549 6.23462080919 -2730.07 5468.14 -9.41206e-06
5353.515669 172.574134595 -3.09121864234 6.29559135921 -2689.8 5387.6 -7.2814e-07
5701.15749084 174.330558107 -3.29215349208 6.20899944382 -3026.58 6061.16 -3.97397e-07
5039.26526933 175.228036357 -3.29305132583 5.60112950762 -2828.13 5664.26 -0.000225314
4994.59631893 173.164130608 -3.09239850074 5.98556120874 -2746.28 5500.56 -0.000662437
5506.25781185 173.2946369 -3.09271932119 5.97911690607 -2929.72 5867.44 -1.40581e-06
5601.16709634 172.190374122 -3.08164608975 6.87194574485 -2888.4 5784.8 -0.000712752
5442.01877151 173.65141884 -3.21610460831 6.18241556884 -2972.83 5953.66 -7.17725e-05
5407.58296285 172.886127986 -3.07192596792 6.21160603572 -3004.51 6017.02 -1.78802e-05
5690.49438778 172.459242973 -3.0788237276 6.08896855298 -2872.31 5752.62 -1.80533e-05
4944.01607545 173.422003143 -3.11955924307 5.62047979167 -2723.02 5454.04 -0.00139751
5295.02697899 173.338405291 -3.08301771172 6.11528089534 -3003.85 6015.7 -5.95033e-05
5000.75202452 172.068985259 -2.99484080974 6.59812971466 -2631.78 5271.56 -0.00112316
5374.88946556 172.710530511 -3.06551752363 5.81669462032 -2763.18 5534.36 -7.76691e-05
5294.80945536 173.165183594 -3.08105779798 5.61414804566 -2945.09 5898.18 -2.47973e-06
5651.57691271 172.207578966 -3.07381036544 6.52966651382 -2845.28 5698.56 -0.000152153
4764.8543674 173.734739928 -3.18335084434 6.1283546884 -2619.62 5247.24 -2.96167e-05
5831.44462917 174.821158963 -3.38116411498 5.95482953905 -3023.6 6055.2 -0.000110456
4753.85906582 172.769557295 -2.96931749971 6.28221075853 -2743.47 5494.94 -0.000415478
4990.77448557 174.014313018 -3.21783296311 5.99524382004 -2671.21 5350.42 -1.86435e-05
5132.59106889 172.72127238 -2.99806301807 6.42433664017 -2954.55 5917.1 -1.48263e-06
5323.94773303 173.62340685 -3.14565830999 4.96450007062 -2741.59 5491.18 -1.97485e-05
5526.2155268 173.31515334 -3.21674690203 6.80436611288 -2896.73 5801.46 -5.24061e-05
5385.3493958 172.009053139 -3.0217502131 6.54956035132 -2788.23 5584.46 -1.16907e-05
5617.2275802 171.481814598 -2.94241684807 5.8700885351 -2794.3 5596.6 -1.2203e-05
5456.97279379 172.720870526 -3.06932830325 6.10732625381 -2863.51 5735.02 -0.00334605
4912.31350391 172.573133433 -2.96954652514 5.90895546944 -2764.83 5537.66 -7.11095e-05
5655.61226164 173.298673177 -3.22880285807 6.17572051709 -2820.17 5648.34 -0.000446461
5461.441306 172.086486447 -2.97346578322 6.3548470818 -2952.14 5912.28 -1.40135e-06
5693.99969721 173.819117828 -3.23733670494 5.68099366607 -2932.74 5873.48 -5.64759e-05
5311.49850891 172.461439973 -3.04490199106 6.32044569256 -2803.43 5614.86 -7.66117e-05
5443.61232706 173.686876643 -3.21827958045 6.42434429181 -2897.61 5803.22 -1.3149e-05
4958.87233348 173.637124659 -3.17063933045 6.47091235596 -2744.31 5496.62 -9.75313e-05
5366.3663295 174.3560813 -3.30415957946 5.67159235317 -2742.65 5493.3 -3.35722e-06
4839.93120816 172.204255377 -3.07161459458 6.51568685547 -2472.07 4952.14 -0.000673773
5217.0500869 172.674163952 -3.12793271995 5.83582522583 -2629.89 5267.78 -1.65803e-06
5880.26364222 173.439970691 -3.19387745436 5.77650182454 -3049.12 6106.24 -0.000454111
5433.98309131 172.608832109 -3.16450766326 6.32547429119 -2703.13 5414.26 -3.50928e-05
5511.55068218 173.80928184 -3.37325432237 6.20377034646 -2663.77 5335.54 -2.9323e-06
4980.58856014 172.866302667 -3.11100062537 6.89040718497 -2633.76 5275.52 -4.92878e-06
4811.68719965 172.501252667 -2.9559146108 6.49208564606 -2785.29 5578.58 -1.09988e-06
5029.03591864 172.640385707 -3.04908289849 6.19763582923 -2629.93 5267.86 -8.06954e-05
5137.60078816 173.539730946 -3.19247713066 5.92552757585 -2663.13 5334.26 -0.00602537
4829.72138887 174.076013412 -3.21353612651 6.01755828491 -2561.64 5131.28 -1.23562e-05
5244.20996394 173.501933239 -3.15797652781 6.41486250436 -2939.81 5887.62 -7.27177e-05
5623.65490673 174.082204551 -3.20766761867 6.134936421 -3066.8 6141.6 -0.00205158
5712.2714408 172.906184773 -3.15007494507 6.3535121503 -2926.41 5860.82 -9.29421e-06
5626.16359085 171.885911542 -3.06861315589 6.48302715145 -2876.54 5761.08 -1.36695e-06
5026.44075425 173.189534627 -3.16959722507 6.5278716113 -2651.39 5310.78 -3.75022e-07
5359.52500602 171.782805758 -3.06512873576 7.03145880164 -2707.12 5422.24 -1.54837e-05
5596.84759988 172.629739679 -3.12943016722 6.25856450133 -2864.22 5736.44 -4.97397e-08
5104.89955089 173.651564481 -3.1020328228 5.8453504114 -2868.05 5744.1 -1.12746e-05
5063.51536862 173.915803371 -3.2272508761 6.47572806661 -2776.87 5561.74 -0.000498672
5540.7313246 173.283324444 -3.26251996724 6.32338077202 -2783.79 5575.58 -7.49691e-05
5080.54505407 172.628452906 -2.94473694382 6.20117784666 -2915.55 5839.1 -1.66732e-06
5406.40732793 172.568705561 -3.16438016014 6.67251594985 -2756.58 5521.16 -1.70115e-07
4972.24102186 172.413328772 -2.93573716899 5.59532452034 -2754.15 5516.3 -0.00102948
5255.0322665 173.957529554 -3.08514685015 5.75032007832 -2889.42 5786.84 -6.50164e-05
5681.33609018 174.338985375 -3.40956398492 6.29825841483 -2873 5754 -1.85466e-05
4811.6673451 173.907992405 -3.15487557489 5.75495608032 -2654.9 5317.8 -7.1843e-05
5259.97893908 174.641162134 -3.3056631945 6.29249577321 -2896.66 5801.32 -0.000530778
5651.2089499 171.925946104 -3.0791902759 6.76920803718 -2797.2 5602.4 -4.10401e-06
5420.03512831 172.884185887 -3.07855568813 5.94945627001 -2960.98 5929.96 -0.0001792
5054.43965603 171.57400311 -2.93733257242 6.55845777799 -2674.49 5356.98 -3.49447e-06
5136.04524181 172.87671586 -3.02179173745 6.08447253123 -2891.48 5790.96 -4.38133e-05
5168.71192894 173.76167885 -3.27354563945 6.37261968552 -2736.44 5480.88 -9.90392e-07
5440.08664774 173.040192439 -3.09457281697 5.83996053132 -2844.59 5697.18 -5.04793e-06
5136.13544802 172.655148333 -3.05754014877 6.46348709125 -2794.79 5597.58 -3.7386e-07
5324.51227386 173.513682464 -3.15635729166 6.31057847498 -2823.91 5655.82 -8.15551e-07
5500.82632866 173.769144467 -3.20134734857 6.06216923568 -2937.61 5883.22 -1.32561e-06
5638.50698737 173.668743536 -3.13717916729 6.13747300319 -3067.65 6143.3 -0.000225656
4806.1809664 172.870328124 -2.98377146077 5.64721866617 -2751.57 5511.14 -6.91976e-05
5128.23063788 171.165194217 -2.88421352782 6.49804822599 -2769.63 5547.26 -1.99984e-05
5180.38967025 173.610800613 -3.11853151434 6.2782672108 -2971 5950 -0.000719462
6022.95986088 174.18929215 -3.32324899242 6.06743649711 -3053.28 6114.56 -3.21633e-05
5890.93928982 172.124461848 -3.05218251253 6.26386416447 -3023.13 6054.26 -1.95063e-06
5260.71037348 173.731172455 -3.21716786429 5.43472718528 -2658.36 5324.72 -7.26538e-05
5359.56355703 172.188049799 -3.08796497643 6.39621659852 -2632.44 5272.88 -0.000135515
5249.43162166 173.813003627 -3.2236693412 5.83031367594 -2701.27 5410.54 -4.1375e-06
5245.51913246 172.113311427 -2.95900206841 5.91447011781 -2767.21 5542.42 -6.93829e-06
4878.71049268 173.236873833 -3.06678712605 5.52573796379 -2713.88 5435.76 -8.58974e-05
4949.36891311 172.074030649 -2.96789229434 6.126063262 -2740.5 5489 -2.62473e-07
5346.30821264 172.403171858 -3.05394153091 6.45758841438 -2813.09 5634.18 -0.000179302
4988.64953339 175.170557525 -3.56126668555 5.84675562956 -2420.94 4849.88 -7.78949e-05
5362.42178156 172.520448235 -3.02206467505 6.23099801668 -2911.51 5831.02 -5.34275e-07
4766.50455445 172.294046423 -2.96977660639 6.39413897501 -2596.45 5200.9 -5.90776e-08
4500.49771277 172.813139046 -2.98053940055 6.15431946625 -2549.06 5106.12 -1.02885e-05
5086.54608418 172.252803183 -3.03611142113 6.73332150228 -2737.4 5482.8 -4.9779e-05
5904.73755111 173.646296111 -3.31177518491 7.11972618568 -2929.3 5866.6 -1.54552e-05
5137.3959527 174.049876404 -3.22185115065 5.71289518995 -2757.17 5522.34 -6.21457e-06
5221.8712498 171.154061569 -2.85594575184 6.70128300648 -2848.52 5705.04 -0.00101989
5263.59547699 172.487816273 -3.09489922235 5.80128472934 -2740.85 5489.7 -5.67213e-06
5738.00927908 171.935017003 -2.9582337084 6.25045906795 -3088.06 6184.12 -7.54359e-05
5389.58545897 173.132074251 -3.1286837487 6.35264566662 -2808.18 5624.36 -0.00075655
5724.30141504 172.338165771 -3.17387092344 5.84050608227 -2808.58 5625.16 -0.000474171
5504.13068576 172.054266001 -2.97605885614 6.11865864936 -2936.52 5881.04 -4.23519e-07
5160.70950276 171.966910038 -2.90498249063 6.08950602877 -2974.58 5957.16 -3.96535e-06
5522.07796343 174.176140764 -3.19071605047 5.94527797821 -3020.98 6049.96 -0.00199195
5306.32081038 173.275441706 -3.08408385429 6.18172461294 -2941.74 5891.48 -0.0041611
4998.19716144 173.887173715 -3.17432270758 5.47131938893 -2697.96 5403.92 -7.94619e-05
5271.06866209 172.434088151 -3.02546786057 6.0933029102 -2764.08 5536.16 -6.19078e-05
5035.3597539 172.51815437 -3.0711571646 6.27099406412 -2604.24 5216.48 -1.56162e-06
5680.66432067 172.654170714 -3.2569059934 6.02164180731 -2657.23 5322.46 -7.48596e-05
5301.59369977 172.850163934 -3.17059083383 6.5042946884 -2658.71 5325.42 -8.1498e-05
5138.09126521 172.750167484 -3.07099576727 6.62351214827 -2780.28 5568.56 -8.43361e-06
5800.28829652 173.482229914 -3.24771355455 5.91087626901 -2878.88 5765.76 -1.36652e-06
5094.01949185 172.964795656 -3.11351404745 6.35838104814 -2708.68 5425.36 -0.00187883
5160.02448495 172.890644091 -3.05757370878 5.96024827042 -2755.46 5518.92 -0.00321333
5611.31970597 172.677627239 -3.12876633514 5.84194804408 -2762.17 5532.34 -0.0001703
5204.59168441 173.759099154 -3.14931709571 6.15441209194 -2872.4 5752.8 -1.94572e-05
5530.1288499 171.971889451 -2.9250711065 6.35571836252 -3041.68 6091.36 -3.64634e-05
5715.70426925 174.012492203 -3.33016139942 6.44487440815 -2940.8 5889.6 -1.82053e-05
5166.01949252 173.107856391 -3.00972995886 5.84569213127 -2859.55 5727.1 -4.4193e-05
5495.79126995 172.577682893 -3.05120237226 6.15670894137 -2947.74 5903.48 -4.00699e-05
5395.48781475 171.83430542 -2.96079641659 6.09526743128 -2906.14 5820.28 -5.48994e-05
5453.60207493 172.475512779 -3.00612348718 6.28222519716 -3034.3 6076.6 -0.000104395
5236.49296316 171.58511393 -2.87011802646 6.01977795443 -2814.64 5637.28 -5.93979e-06
4743.11131074 173.6461593 -3.13875683602 6.17744948092 -2582.76 5173.52 -0.000328075
5952.8812783 173.512769316 -3.32204237937 6.52390561536 -2869.46 5746.92 -5.74385e-06
5308.60615756 171.941427977 -2.89768929985 6.61990329209 -3028.53 6065.06 -0.000764564
4751.56402188 174.454855206 -3.20931690367 5.67821195313 -2691.66 5391.32 -8.85159e-06
4698.16850844 173.173356483 -3.04154684725 6.14982392919 -2611.07 5230.14 -0.00065093
4713.91302194 172.526828869 -3.02447852547 6.25297326345 -2612.84 5233.68 -6.69359e-06
5372.66747177 174.01879857 -3.31086154013 6.47648423134 -2819.01 5646.02 -6.38681e-05
5288.95789484 174.778373144 -3.38453020365 6.26794562661 -2763.05 5534.1 -0.00031313
5181.98484048 174.280532622 -3.24995888783 6.54476238153 -2804.81 5617.62 -0.000359385
5614.65006657 172.51866237 -3.00954355396 5.61417408013 -2961.14 5930.28 -0.000159857
5300.15030712 171.927154602 -2.93489845563 6.45115956333 -2990.95 5989.9 -0.000477009
5148.63243981 173.530401616 -3.09688929766 5.89856873291 -2893.09 5794.18 -4.09985e-06
4822.35557452 171.925969932 -2.97640739662 6.40066968119 -2629.04 5266.08 -9.7759e-06
5261.52237755 171.825809815 -2.93500915438 6.24793221214 -2848.57 5705.14 -1.53845e-05
5536.86447773 174.40299377 -3.38340174291 6.4217435104 -2853.66 5715.32 -3.24154e-05
5168.36828564 171.987716871 -3.06760191799 6.6459469286 -2627.15 5262.3 -1.80406e-05
4936.1618619 173.338870896 -3.17089288757 6.3278220846 -2626.69 5261.38 -1.64037e-07
5415.14545831 173.050230028 -3.08804797061 6.20800984004 -2884.6 5777.2 -6.3711e-05
5462.89966949 173.129938565 -3.17916379716 5.93046435829 -2769.09 5546.18 -0.00145037
5595.34088067 173.532845207 -3.34667806881 6.52782745991 -2713.29 5434.58 -0.0025335
5492.17237035 172.770812302 -3.08718175028 6.0191208224 -2894.6 5797.2 -0.000362502
5318.07521909 172.834911911 -3.15715397485 6.41896751857 -2747.98 5503.96 -5.54368e-07
5710.86923052 172.911180962 -3.08060279287 6.05466872988 -2991.25 5990.5 -1.52849e-05
4869.68211815 173.712282429 -3.17237649704 5.80127486323 -2557.57 5123.14 -5.62876e-05
5429.2898753 171.952462462 -3.11651162377 7.13566171571 -2769.32 5546.64 -4.85529e-06
5089.41211669 172.372533945 -3.07567747048 6.48337411553 -2667.95 5343.9 -6.28403e-05
4421.32135515 173.047120025 -2.90611073072 6.17301576703 -2628.42 5264.84 -4.69075e-05
5383.49582801 172.263732436 -2.94556543237 6.06618850252 -2951.61 5911.22 -0.000208451
5243.06959272 173.317378086 -3.12535596591 5.75604668773 -2814.05 5636.1 -0.000992987
4504.13437994 173.129186696 -3.0416961531 5.95095879343 -2467.45 4942.9 -5.57998e-05
5357.35670641 173.656205576 -3.09155512732 6.05802607493 -2996.9 6001.8 -0.000268001
5077.19634857 174.048769844 -3.17077958444 5.95301687796 -2711.01 5430.02 -8.16193e-06
4806.33090631 172.196273815 -2.98282509975 6.34339168303 -2584.08 5176.16 -0.00321273
5613.3390524 172.835642316 -3.14160471451 6.54436993492 -3022.24 6052.48 -1.04926e-05
5396.44220494 172.568647601 -3.02841966967 6.34197370905 -2912.35 5832.7 -0.000970451
5113.32980393 172.974131872 -3.00946465425 6.38036935318 -2921.97 5851.94 -0.000771522
5585.94431706 173.727693472 -3.06293312798 6.16834769397 -3190.81 6389.62 -0.000109131
5275.49216688 172.047185302 -3.01438151924 6.47513389708 -2777.92 5563.84 -0.00222277
5525.41645508 174.546516333 -3.333039476 6.25404975059 -2806.98 5621.96 -1.57927e-05
4816.61209363 173.155138103 -3.02540303276 6.16642125981 -2671.8 5351.6 -0.000598938
5580.39244174 173.526889797 -3.20053969446 5.55796720921 -2863.94 5735.88 -4.31967e-05
5355.29882049 172.863243008 -3.06842083957 6.11922026996 -2865.13 5738.26 -5.18944e-05
5677.09572665 172.522504927 -3.16508701412 7.03759131254 -2925.06 5858.12 -5.84038e-06
5707.44718676 172.258024445 -3.02741808743 6.58737628452 -3049.24 6106.48 -0.000562043
4674.75926612 173.48734836 -3.09278671513 5.87892259366 -2670.56 5349.12 -0.000653714
5017.76388171 173.941082927 -3.12035396651 6.11161798141 -2855.07 5718.14 -1.53162e-05
5759.87496259 172.621157552 -3.14066848364 6.30961960658 -2850.44 5708.88 -9.47573e-07
4979.5228024 171.038564176 -2.86460105459 6.51749308135 -2559.49 5126.98 -7.16904e-05
5805.45667775 172.749824366 -3.17513935526 6.12853199262 -2917.14 5842.28 -1.09781e-06
4990.26914331 174.564701368 -3.31615507348 5.76029487018 -2555.24 5118.48 -0.000803004
5347.23634526 173.232167298 -3.12026244859 6.19700821283 -2918.95 5845.9 -5.50097e-05
5201.81806345 174.62445209 -3.37054760407 6.12787286488 -2738.01 5484.02 -4.5196e-05
4830.3238363 174.447859383 -3.21512430605 5.78014693378 -2581.44 5170.88 -5.07963e-07
5803.71089857 174.193899398 -3.33824688842 5.88375837952 -2906.1 5820.2 -0.000183579
5447.00721122 174.183460213 -3.27371979775 5.44030113635 -2822.75 5653.5 -0.000572239
5382.01199471 172.657615935 -3.04300286149 6.00090547529 -2933.25 5874.5 -0.000690705
5210.00233884 173.336418083 -3.2460013919 6.6181179244 -2668.73 5345.46 -3.27132e-05
4921.01285058 172.40179485 -2.94771627812 6.08236943669 -2734.65 5477.3 -4.50056e-05
5546.45834238 173.839729271 -3.27086516429 6.25514074782 -2915.07 5838.14 -2.00249e-05
5224.83572412 172.048922747 -2.93052116486 5.68374113475 -2807.78 5623.56 -4.27692e-06
4503.44537563 172.600999116 -3.07299482541 6.68549484614 -2434.21 4876.42 -0.000625268
6084.42032529 171.209924087 -2.91817027455 6.48753663532 -3171.88 6351.76 -0.00158921
5099.73298475 170.879909383 -2.8710617231 6.49225522973 -2675.92 5359.84 -0.00103207
4749.32547326 173.198087606 -2.96926765556 5.60018332851 -2719.05 5446.1 -6.48128e-05
5522.56333528 171.896476846 -3.02575064732 6.24814293984 -2879.44 5766.88 -1.20944e-05
5314.79273897 172.260794193 -2.9750455909 6.20776462749 -2942.54 5893.08 -5.18647e-05
4524.80773166 172.638682583 -2.97510832951 6.78365523468 -2614.67 5237.34 -1.68325e-05
5167.87451357 173.628063592 -3.17274099606 5.60678276979 -2700.36 5408.72 -9.81238e-05
5059.86706035 172.882466023 -2.97288767046 5.80952115894 -2763.07 5534.14 -6.67573e-07
5723.53511568 172.403849248 -3.0433321083 6.16907186086 -2997.4 6002.8 -4.32644e-07
5119.52360384 172.37938725 -3.0634107809 6.2370101522 -2675.85 5359.7 -1.13261e-05
4918.40654561 173.726230345 -3.14753023769 6.05012787797 -2773.99 5555.98 -0.000129761
4719.35941358 173.635120692 -3.13733504051 6.43266353141 -2650.56 5309.12 -1.58786e-05
5283.66763019 173.239554217 -3.16785810693 6.42011519399 -2862.44 5732.88 -8.83654e-05
5095.96333318 173.359352 -2.98725218279 5.73858134917 -2928.43 5864.86 -1.24944e-05
4604.97906577 174.03144586 -3.10481922778 6.23938001823 -2698.19 5404.38 -0.000366834
5151.22261008 170.922672312 -2.91727496029 6.93397293905 -2686.8 5381.6 -2.08334e-07
5723.91689112 172.19507329 -3.08181879789 6.87544025216 -2997.75 6003.5 -6.56634e-05
4845.16811457 171.774287901 -2.9580689682 6.46885321091 -2515.11 5038.22 -1.39075e-05
5627.53672109 171.54598501 -2.92528346511 6.42571622002 -3003.17 6014.34 -8.14668e-05
4868.17421465 171.912138947 -2.9442039284 6.51483323554 -2614.76 5237.52 -0.000140064
5806.8204644 174.115825334 -3.24392952155 5.76349934978 -3003.19 6014.38 -0.00146949
5819.6634133 171.921908946 -3.12116015627 6.45018112157 -2897.15 5802.3 -0.00122458
5283.40706857 172.294196113 -2.96033084787 6.25001081979 -2933.32 5874.64 -0.000312881
5328.57685426 173.724907571 -3.20392487424 6.10997358013 -2822.84 5653.68 -2.52916e-06
5251.17782005 173.664179474 -3.19878852689 6.31983641742 -2734.32 5476.64 -6.68345e-06
4985.40399149 173.02773439 -2.97994646947 5.90631576708 -2837.27 5682.54 -3.65304e-05
5698.53278254 174.227797654 -3.29181660615 6.33953256323 -2977.91 5963.82 -2.85447e-05
5702.75244893 173.293393119 -3.13353213099 5.98078423032 -3051.7 6111.4 -1.55742e-05
5457.39849619 172.47205013 -3.12864662703 7.00776123071 -2834.56 5677.12 -7.35774e-05
5506.8576863 174.09753407 -3.20341184677 5.8077207597 -2938.82 5885.64 -0.000105375
5423.27090008 173.731954176 -3.27082409323 6.03032148191 -2787.36 5582.72 -2.95447e-05
5138.87276266 172.95360742 -3.03792895721 6.05436300157 -2808.98 5625.96 -1.29505e-06
5212.82704617 172.678888046 -3.13641201752 6.04215521022 -2712.69 5433.38 -0.000324558
5021.28058027 173.780127424 -3.20891993826 6.55915663025 -2774.95 5557.9 -5.24925e-05
5602.66077789 171.470275023 -2.99131717279 6.57130510546 -2850.78 5709.56 -2.33467e-05
5354.5357049 172.111417769 -3.02917346361 6.71566660487 -2805.04 5618.08 -7.90708e-07
5651.9802648 173.222847465 -3.24553676133 6.44116878167 -2880.95 5769.9 -2.14483e-05
5478.23306605 172.543611817 -2.91240762369 5.961315534 -3105.07 6218.14 -2.77141e-06
5876.71303037 172.631292065 -3.08703815777 6.6077985349 -3229.31 6466.62 -0.00548193
5181.15662655 172.378660096 -3.05692947537 6.6771407603 -2727.42 5462.84 -2.184e-06
5445.38288703 173.63596654 -3.07679960521 5.80232270482 -3046.71 6101.42 -8.98193e-07
5384.32088913 172.185917709 -3.05168457508 6.31613168768 -2875.68 5759.36 -2.47756e-06
5487.47261438 175.323299834 -3.48288864511 5.89798278615 -2750.5 5509 -6.60266e-05
5192.17028126 172.692618622 -3.02026637715 6.10414751615 -2825.93 5659.86 -3.83001e-05
5262.92071324 172.252459524 -2.93299921169 6.25056822792 -3023.66 6055.32 -5.85455e-05
5368.99576999 174.60453137 -3.34300002747 5.44273586452 -2670.33 5348.66 -7.88527e-07
5009.12880185 173.74427016 -3.17602653054 5.94251197022 -2630.75 5269.5 -0.000388414
5443.48495755 172.830310234 -2.9435452924 6.09510630978 -3042.01 6092.02 -5.84994e-05
5361.48332769 172.39494067 -3.08692566051 6.69987416971 -2770.92 5549.84 -9.94875e-05
5615.09392156 171.534209003 -2.96089058077 6.49736436019 -2983.91 5975.82 -6.17078e-05
4979.30953612 174.019866804 -3.25614524138 6.39778327109 -2642.1 5292.2 -1.45329e-05
5787.35309511 172.139566573 -2.96187150762 6.05329641956 -3108.85 6225.7 -8.58361e-05
5233.66904345 172.475444479 -2.97264061061 6.115395228 -2818.28 5644.56 -4.08979e-06
5107.59273853 172.085592073 -2.87124791673 6.01458079148 -2903.61 5815.22 -0.000187471
5304.80090056 172.146989552 -2.99796388768 6.60167556226 -2871.45 5750.9 -3.24275e-05
5195.44369788 173.90724558 -3.15573195535 6.01116597876 -2819.04 5646.08 -1.46995e-06
4925.06536228 172.378019681 -3.03174635917 6.00591075036 -2568.7 5145.4 -0.000132048
5236.37381818 174.514989257 -3.29696150807 6.02455036756 -2803.36 5614.72 -9.46952e-05
5605.10842891 172.198185228 -3.04706523946 6.43000977191 -2932.35 5872.7 -2.82034e-05
5410.83351361 172.582430592 -3.11153342267 6.14565873834 -2761.69 5531.38 -5.33762e-05
5378.35061209 172.952321495 -3.07299000693 6.20337393842 -2977.92 5963.84 -0.000630375
5413.65254534 172.419123944 -3.01414239644 5.70584533199 -2807.57 5623.14 -0.000158647
4969.04357419 172.539493689 -3.04056939859 6.40833172186 -2608.3 5224.6 -0.000238276
5809.22671541 173.912451171 -3.21321073268 5.61574477807 -3060.17 6128.34 -5.93971e-05
5169.3485082 174.325846388 -3.26734076045 6.12049959018 -2726.98 5461.96 -2.52034e-06
5333.44077031 173.646501711 -3.27778964645 6.34776385294 -2665.43 5338.86 -3.09028e-06
5380.29215158 173.436621756 -3.119874457 5.31266780763 -2922.45 5852.9 -0.000163341
5142.41608492 172.186515077 -2.99483327435 6.28334845574 -2670.31 5348.62 -3.36937e-05
5442.92378091 173.174783228 -3.22424859564 6.7610785805 -2780.08 5568.16 -0.000419078
5447.12986357 171.847392675 -2.85834398881 5.90238676207 -3054.45 6116.9 -3.37969e-06
4783.78139476 172.700367276 -2.98156087616 6.38711373492 -2719.7 5447.4 -1.20439e-06
5005.49862194 172.087376846 -2.9619462013 6.16071172052 -2700.42 5408.84 -2.00655e-05
5302.22382275 173.40431653 -3.0981224481 5.74702563377 -2852.05 5712.1 -8.81334e-05
5230.01091725 172.262520936 -3.10431564579 6.42281350376 -2647.31 5302.62 -0.000212074
5551.80400023 172.74278487 -3.07598491756 6.81200647087 -3020.57 6049.14 -6.00069e-05
5408.6227126 172.754064049 -3.12761516474 6.06038160858 -2795.81 5599.62 -0.00110973
4970.30882523 173.288943039 -2.97959649865 5.39710342631 -2873.02 5754.04 -8.7272e-06
4692.59552543 172.796319801 -2.9274744445 5.99649116979 -2681.95 5371.9 -0.000356603
5938.12750171 173.637542914 -3.21629586731 6.06676546546 -3118.02 6244.04 -0.000215182
5083.99330979 173.619404095 -3.22135785674 6.06643480563 -2620.55 5249.1 -0.000122877
5452.29948108 171.754345557 -2.99383541277 6.30429850793 -2831.29 5670.58 -0.000179327
5287.48071513 173.612683374 -3.16794183203 6.21880857537 -2928.01 5864.02 -5.9731e-05
5055.85673931 172.837437596 -3.00307570583 6.00049488935 -2821.35 5650.7 -1.14746e-06
5272.28122084 172.758601162 -3.05684855558 6.48444144812 -2903.96 5815.92 -9.48441e-05
5387.05516226 171.887220517 -3.0450716924 5.74391259158 -2651.52 5311.04 -7.71701e-06
5288.09329086 173.482863479 -3.12235454378 6.34196955956 -2941.65 5891.3 -2.60056e-07
4852.93927902 172.682446528 -2.89896114865 6.08251281972 -2794.6 5597.2 -0.000214598
5499.7858292 173.625533837 -3.20233334119 6.45103228295 -2943.62 5895.24 -5.81682e-05
5519.04010218 173.581488093 -3.25923130541 6.01127344232 -2805.67 5619.34 -0.000114424
5628.09586513 173.027788551 -3.29456489052 6.31061339649 -2653.37 5314.74 -2.96025e-06
5395.71755285 172.493080088 -3.0924200737 6.41120839663 -2892.67 5793.34 -2.83586e-06
5313.29671185 173.627983255 -3.14577518725 5.59809608038 -2798.22 5604.44 -4.56578e-06
5181.9490072 173.105606323 -3.04213554709 6.0759950912 -2828.81 5665.62 -1.49709e-05
5716.69286749 172.138473081 -2.979756555 6.71796702205 -3126.45 6260.9 -5.95553e-06
4833.99207364 172.599998624 -3.01100780718 5.96797105411 -2645.59 5299.18 -1.70413e-05
5377.78942811 174.111378844 -3.23645774989 5.58387572096 -2795.78 5599.56 -0.00266985
4863.10609472 172.583443206 -2.94868879227 6.37156672662 -2757.63 5523.26 -2.13566e-06
5120.43739365 173.775769764 -3.16767787682 5.79498355925 -2889.33 5786.66 -7.35624e-05
5408.91709481 173.219597168 -3.13837626178 6.00073023109 -2824.63 5657.26 -4.31584e-06
5060.8269423 172.53849721 -3.10212916927 6.28086768933 -2615.23 5238.46 -0.00015471
4975.45358179 172.018779209 -2.96363935992 6.35106624355 -2614.35 5236.7 -9.41366e-06
5634.6685717 173.578587638 -3.11060967109 6.2603881865 -3068.57 6145.14 -3.55642e-05
4613.65048097 173.941362619 -3.15839552881 5.95552011985 -2543.02 5094.04 -0.000325623
5636.41399853 172.580577115 -3.07364099189 6.43052429679 -2943.88 5895.76 -3.32034e-06
4970.09512322 171.936042303 -3.03004070583 6.72662693066 -2620.7 5249.4 -5.71982e-06
5142.63663998 173.22313531 -3.10839931516 6.20025439514 -2790.33 5588.66 -0.00115026
5442.1339336 172.842878058 -3.1508333864 6.28456958376 -2941.89 5891.78 -8.54767e-05
5521.3882553 172.887676628 -3.11987539237 5.82294681357 -2951.69 5911.38 -5.61647e-05
5134.79516945 172.770195486 -2.98937603582 5.53734846953 -2773.38 5554.76 -1.94716e-05
4777.91264507 173.427899154 -3.03345006418 5.92540417769 -2733.42 5474.84 -2.65051e-05
5424.80710279 173.396580019 -3.17991481712 6.54354304563 -2904.75 5817.5 -4.98475e-05
5322.64340111 172.887245565 -2.98451059971 5.91264318151 -2954.08 5916.16 -0.000164369
5652.69964322 173.417438341 -3.16543399711 6.36208109408 -2949.34 5906.68 -1.42294e-05
4517.42949351 172.761416195 -2.96236685312 6.3459351798 -2569.98 5147.96 -3.89071e-05
5345.8263353 173.518630237 -3.13765690739 5.84952771612 -2853.12 5714.24 -1.83261e-06
5687.17676761 172.954127715 -3.00893186507 6.14843769667 -3237.09 6482.18 -3.93512e-05
5184.90687061 173.787728628 -3.24354035113 6.17801249819 -2718.99 5445.98 -4.0599e-05
5358.52460052 172.328872446 -3.02831767283 6.29915370636 -2864.48 5736.96 -1.63216e-06
5246.70725693 173.686531153 -3.12933067582 5.94828470828 -2882.07 5772.14 -9.43279e-05
5604.15690662 173.058903393 -3.18786244534 6.2913698689 -2922.65 5853.3 -4.69849e-06
4953.5102167 173.5159659 -3.10092742674 6.03132239876 -2698.93 5405.86 -0.000468195
5300.74108681 173.312081614 -3.05112418351 6.58157668436 -3058.64 6125.28 -9.74788e-05
5268.5579067 172.008775804 -2.98863375166 6.26665725263 -2869.92 5747.84 -8.95652e-07
5271.14223946 172.737159487 -3.12799390183 6.23147543057 -2694.41 5396.82 -9.6825e-05
4966.4863241 173.563793385 -3.1518715895 6.0299806398 -2622.19 5252.38 -2.52771e-05
5808.190267 172.391576184 -3.08231077277 6.63200998021 -2948.17 5904.34 -3.12474e-05
5461.17351215 172.461167261 -3.14440305918 6.89477851776 -2848.45 5704.9 -0.000786663
5127.48413805 172.754498662 -2.96411705744 6.13068287794 -2897.26 5802.52 -7.99334e-05
4580.10688118 174.80592086 -3.32616746252 6.22309078043 -2434.91 4877.82 -2.44899e-05
5160.35881304 173.353317992 -3.08802075871 6.0369603989 -2864.02 5736.04 -8.80531e-05
5264.04492398 173.722302299 -3.08461624901 6.23067130174 -3034.31 6076.62 -0.000148952
4907.28692302 173.850796741 -3.18065360928 6.05316262232 -2636.1 5280.2 -0.00164748
4857.04889022 172.737456108 -3.03212275476 6.13287894015 -2675.32 5358.64 -1.26342e-05
4840.40839021 173.183706746 -2.99469444151 5.66911511833 -2761.55 5531.1 -6.18707e-05
5262.75612855 174.188029769 -3.26321641694 6.04330947784 -2760.91 5529.82 -1.94438e-05
4966.87760712 172.695750641 -2.94664273649 6.05667284287 -2850.84 5709.68 -9.00833e-05
5560.50094729 173.148810981 -3.13153082501 6.0584764277 -3005.28 6018.56 -5.2605e-05
5285.60758313 173.869079612 -3.20497783894 6.20539483112 -2880.37 5768.74 -4.71701e-05
5445.08370992 173.405848969 -3.14000754363 6.39297455632 -2864.47 5736.94 -7.39908e-06
4986.02701908 173.802203824 -3.12681597889 5.98717904108 -2780.02 5568.04 -2.17076e-05
4486.01759446 172.771688731 -3.06518537882 6.32486358189 -2438.48 4884.96 -0.00140012
5211.77024873 171.678822537 -3.02565688038 6.86857658169 -2673.36 5354.72 -8.82029e-07
5405.32156079 173.068473617 -3.11581386951 6.38711962291 -2881.04 5770.08 -5.36493e-06
5221.7219756 173.66975309 -3.2329570719 6.3608898251 -2777.16 5562.32 -0.000248755
5524.61795164 173.301237221 -3.09891327363 6.46905536369 -3062.96 6133.92 -4.00937e-06
4984.40063667 173.921707392 -3.11423661405 6.22666742986 -2957.27 5922.54 -0.00309299
5202.257381 173.14736094 -3.0643491298 5.63213591002 -2822.27 5652.54 -7.67633e-07
5286.90556363 173.546107047 -3.21375994284 6.24847826679 -2813.28 5634.56 -3.73783e-06
4642.17299713 172.128549153 -2.94749860606 6.80925332905 -2568.04 5144.08 -0.000433227
5285.01271172 173.068675333 -3.09050650582 5.70242567916 -2856.98 5721.96 -9.83324e-05
5034.94617498 172.096407619 -2.90755603967 6.432936852 -2860.2 5728.4 -0.000202021
5748.16704677 172.993639988 -3.14917982842 6.35401619271 -3057.77 6123.54 -9.61788e-06
5166.79224828 173.694166669 -3.25538150917 6.35809263182 -2704.14 5416.28 -4.0042e-05
4812.49821273 173.671341438 -3.15372175731 6.47869668898 -2707.4 5422.8 -0.000490619
4950.33763643 173.091107994 -3.04430143733 6.24321544449 -2848.72 5705.44 -2.35328e-06
5433.78991861 173.774958884 -3.23199508567 6.27807736043 -2916 5840 -7.44485e-05
5185.53886058 170.936849654 -2.81508379455 6.47513509179 -2809.15 5626.3 -0.000137252
5226.92321676 172.843030384 -3.07296870349 6.18164909483 -2779.73 5567.46 -0.00359354
5383.57564921 174.067444665 -3.20438168255 4.88139802101 -2750.38 5508.76 -1.04616e-06
5755.52399077 173.754943846 -3.40924099051 6.59799190483 -2767.56 5543.12 -8.59747e-05
5109.04565632 173.141608135 -3.09523283432 6.01385858023 -2755.64 5519.28 -3.2721e-05
5173.07838059 173.66804316 -3.23850562801 6.00914806254 -2659.57 5327.14 -1.10309e-05
5115.59782148 173.136247179 -3.13616295946 6.17890679372 -2778.24 5564.48 -7.78405e-06
5358.79605501 173.35304583 -3.19363393778 6.22627725546 -2847.5 5703 -7.55138e-05
4849.19521829 174.413556569 -3.23194854996 6.51929991536 -2717.07 5442.14 -2.53227e-07
5704.10660333 172.995332151 -3.04897797756 5.79772390011 -3217.03 6442.06 -0.000866179
5364.37732635 172.459814606 -3.03245855403 5.86931056579 -2821.59 5651.18 -4.64877e-05
5359.69540718 171.72467133 -2.90476620682 6.45693013056 -2968.95 5945.9 -5.58007e-06
5832.4855573 172.83192621 -3.12489351648 6.20725162116 -3058.33 6124.66 -5.70447e-05
5034.3582636 171.826581029 -2.94726547442 6.7452877742 -2801.96 5611.92 -1.23549e-05
5682.03086121 173.016401757 -3.197416958 6.44919496366 -2832.49 5672.98 -2.638e-06
4951.27325207 172.873056519 -2.9312446817 6.03578356593 -2855.73 5719.46 -0.000829837
5475.40118151 174.527815319 -3.24805016118 5.64402610893 -2925.09 5858.18 -6.13476e-05
5631.55858289 173.928642279 -3.22097954341 6.42572033788 -3077.96 6163.92 -8.74535e-06
4960.47822403 172.967294726 -2.9601475041 6.03360814604 -2854.51 5717.02 -1.25145e-07
4989.55891315 173.313621019 -3.10760302169 6.43940810787 -2786.81 5581.62 -0.000166614
5211.94429953 173.35778612 -3.10109836004 6.37111971933 -2798.66 5605.32 -0.00476039
5042.37648658 172.724584589 -3.03880302234 5.79866394023 -2689.43 5386.86 -0.000155119
5255.00813933 172.700907355 -3.12645399923 6.29521003183 -2712.92 5433.84 -0.000139396
5774.72980142 172.383974687 -3.08337019792 6.56500494599 -3140.61 6289.22 -3.01619e-05
5007.38957009 173.008584174 -3.09631614818 6.60919968932 -2684.79 5377.58 -7.23621e-06
5288.44966066 172.087416728 -2.98514524041 5.9685132166 -2780.52 5569.04 -6.0231e-06
5340.01424976 173.989563664 -3.11970989896 5.68979421496 -3002.76 6013.52 -2.38895e-06
5171.54188157 171.966290744 -2.9722184139 5.95464584895 -2620.95 5249.9 -1.34557e-05
5355.49617121 173.693043689 -3.27070574364 6.34164580397 -2758.38 5524.76 -0.00119394
5526.23588566 172.503305208 -3.00146232576 5.74065407172 -2940.44 5888.88 -0.00122956
5569.40689697 173.326844917 -3.02499272175 5.70122739013 -3134.76 6277.52 -0.00431675
5259.14085469 172.517280021 -3.10765013105 6.1846991038 -2787.9 5583.8 -0.000181876
5530.04438692 172.755161009 -3.16408672073 6.66625207158 -2862.86 5733.72 -7.77828e-05
5115.58029626 172.437692049 -3.02496291102 6.10457536076 -2649.68 5307.36 -0.000591616
5355.24966088 172.398242098 -3.19035023708 6.73515425462 -2514.07 5036.14 -2.59443e-06
5704.56195475 172.282733982 -3.14072109323 6.37962644189 -2816.13 5640.26 -9.97458e-06
4348.2878808 171.562703726 -2.82260380985 6.68314321297 -2454.1 4916.2 -0.000642965
4926.16541077 173.173319888 -3.0727182091 5.95559252646 -2678.34 5364.68 -5.8831e-05
5236.35156287 173.414363156 -3.23804157042 5.81537377414 -2601.05 5210.1 -1.77971e-06
5109.30807179 172.204471887 -2.98993700129 6.44590056716 -2733.53 5475.06 -0.000216956
6027.60665982 171.631993864 -3.00404671233 6.64320337672 -3104.18 6216.36 -2.11174e-05
5252.42453676 172.562967036 -3.02316552179 5.90631928403 -2748.93 5505.86 -5.62396e-06
5078.58930002 173.444198545 -3.26540023382 6.78923912554 -2632.99 5273.98 -1.76138e-06
5625.52872715 173.868516163 -3.31164962984 6.2340002167 -2906.33 5820.66 -3.8902e-05
5777.53331491 173.987203048 -3.22343464686 6.1029629957 -3030.36 6068.72 -9.36545e-07
5477.4771314 173.595195617 -3.15762651529 5.66399731918 -2848.83 5705.66 -4.05923e-05
5401.66927499 174.475825969 -3.33534545113 6.63941633999 -2804.36 5616.72 -5.28521e-05
4926.08258636 173.449670246 -3.10250970724 6.04467290266 -2604.74 5217.48 -4.28976e-06
4801.83242952 173.119150869 -2.96049705134 5.9688894421 -2643.25 5294.5 -5.02201e-07
5543.19436766 173.55362643 -3.2158149226 6.03837413266 -2886.77 5781.54 -2.98126e-05
5644.04320914 173.107874658 -3.2254722767 6.69016081289 -2856.06 5720.12 -0.00104438
5926.08759542 172.925119655 -3.15147734387 6.36991003185 -3122.28 6252.56 -0.000910708
5120.99226977 172.191495911 -2.93106579504 6.30279193531 -2780.46 5568.92 -1.68401e-05
4913.64695532 172.738078195 -2.9943981408 6.29285138352 -2709.65 5427.3 -1.62506e-06
5520.48250775 172.070870431 -2.99266683939 6.6391587953 -3043.84 6095.68 -0.000527469
5109.22646325 172.984948328 -3.01407196395 6.21042660537 -2789.14 5586.28 -0.000345239
5408.64377264 171.869135875 -3.09009698375 6.75501246574 -2651.25 5310.5 -2.23798e-05
5908.14088431 173.257026355 -3.20095826226 5.70032788688 -2981.74 5971.48 -2.55143e-05
5778.73718124 173.389089441 -3.24792206037 6.06494074818 -2899.98 5807.96 -4.85565e-05
4951.68794349 173.184498614 -3.03019800219 6.164631969 -2800.6 5609.2 -5.48986e-05
5184.38644899 174.12974969 -3.1529748207 6.42416655023 -2964.07 5936.14 -0.00098764
4999.29811984 173.293907375 -3.03288031429 6.06852864759 -2914.9 5837.8 -9.27998e-06
4650.73830632 172.303087489 -2.90822291244 6.15858716292 -2642.93 5293.86 -1.40064e-06
4976.58458125 173.432520208 -3.10934250884 5.68552909877 -2670.12 5348.24 -3.25484e-05
4969.51472329 172.979284489 -3.08690923896 6.42375993583 -2751.43 5510.86 -5.91419e-05
