"D" "g0" "sigma" "no3s"
0.154347266079 0.925995776755 1328.30430146 1
0.173237348355 0.7551439491 1441.56817328 1
0.180766857594 0.999999744408 1217.51917321 0
0.175428758742 0.999999627907 1242.24971287 1
0.15075624471 0.999999790398 1316.28543205 1
0.171190885356 0.696606406501 1452.17785992 2
0.195864414687 0.675447236361 1428.34715095 2
0.179680586521 0.999999372751 1210.58839785 1
0.176187183731 0.999997404054 1242.35300441 2
0.207269757468 0.753372323611 1285.08860024 0
0.17476430858 0.999999811015 1248.25223348 0
0.17059353985 0.891649843526 1359.16445214 0
0.146387577615 0.839036304439 1413.2756856 0
0.162749955734 0.999999781302 1241.16387916 0
0.168572096282 0.813085668193 1346.76159561 1
0.177505116161 0.904378492316 1267.2849217 0
0.187811642349 0.754745979265 1353.52823422 1
0.170651318077 0.861007080561 1330.17057213 1
0.179777312481 0.911016727262 1248.39407499 2
0.159605324512 0.744362722064 1424.73884134 2
0.185253569152 0.999999736764 1209.6275606 0
0.180114724246 0.999999651217 1183.03949731 0
0.191235408065 0.754458523 1347.00080233 1
0.155265921786 0.980143770473 1321.03096741 1
0.156754433878 0.999998973303 1268.70584813 2
0.203346949279 0.999999569815 1153.19287799 0
0.183108748719 0.999999565498 1160.4626041 0
0.172832853029 0.999999563554 1235.0496875 1
0.176930947116 0.999999494785 1148.76083599 0
0.171849398045 0.999999625015 1182.03557361 0
0.154293360866 0.999999775364 1293.12358963 1
0.15579642354 0.99999928239 1291.14709357 2
0.164151058302 0.924736446618 1314.64448998 3
0.1775854791 0.999998282956 1181.29106651 1
0.187882338576 0.767450699901 1343.83794886 1
0.168093632347 0.85420742032 1345.20128302 1
0.184637582445 0.753562028961 1407.77050162 4
0.162822575978 0.999999783235 1253.02981074 0
0.159914919085 0.999999600851 1182.01224702 0
0.148085730345 0.849196893096 1347.45133809 3
0.175189526774 0.640610930891 1559.23275865 1
0.177034529258 0.999999639446 1185.0798711 0
0.162938311732 0.947382169687 1265.55879863 0
0.185805912323 0.99999972286 1195.03710289 0
0.166864909668 0.841733724152 1288.87681988 0
0.141642081397 0.999998008822 1342.60231417 1
0.180640268299 0.999997700141 1240.19064675 2
0.188679007973 0.999999614421 1170.40311098 0
0.16467543551 0.999999539176 1163.83973505 0
0.148465632566 0.923305682089 1388.85868281 0
0.197736023666 0.999999483394 1134.46072616 0
0.151088950795 0.969003327319 1318.65529672 1
0.173924147306 0.85499884388 1330.85113394 1
0.127271059247 0.99999982912 1350.87890312 1
0.181961377077 0.999999679704 1198.53258302 0
0.164340704378 0.999999665884 1266.8541471 1
0.162747539889 0.999999774463 1299.71419272 1
0.152278361032 0.750019745088 1531.91063493 3
0.158676756734 0.999999810107 1265.00921648 0
0.164698440441 0.999999774762 1297.39492503 1
0.153139786407 0.777295011478 1518.39935655 3
0.209513503768 0.999999459309 1119.01063805 0
0.145501469206 0.719551210929 1510.66591232 3
0.154019140775 0.994677335999 1317.63476557 1
0.194398396824 0.999999653294 1177.69030153 0
0.16242631351 0.867549652838 1335.84382066 1
0.180351736878 0.999999746529 1209.56339778 0
0.197407538649 0.790790405062 1272.50861899 0
0.158859663202 0.992022080913 1321.78898894 1
0.171288233597 0.999999675018 1192.81171748 0
0.169405933725 0.955106934961 1251.3407075 2
0.172508301532 0.784971459364 1356.28450754 1
0.151770965795 0.953293922687 1369.92404757 4
0.160258772364 0.999999849666 1323.4714325 1
0.154717285095 0.78539768932 1430.26898161 4
0.169273470241 0.78645313663 1397.34096826 2
0.153935587055 0.999327415451 1266.33001774 0
0.143301804867 0.99999623544 1339.12887606 1
0.150368981156 0.999999648943 1262.92490259 1
0.174985401724 0.99999969089 1196.46162068 0
0.192346503725 0.761194671418 1281.1728325 0
0.18743739949 0.852885655603 1278.41716997 0
0.192982663738 0.687839919299 1368.68363428 1
0.164208401321 0.999999830496 1274.27559342 0
0.175386024037 0.999999583949 1240.80560197 1
0.187250508987 0.999999627413 1167.71413958 0
0.160586952069 0.999999820727 1275.42411196 0
0.172494287187 0.999999821581 1261.09715904 0
0.181430596102 0.999999493571 1214.92007471 1
0.175468292118 0.999999300164 1217.63912267 1
0.17319122525 0.68443113741 1455.27518994 2
0.171125399961 0.999999750637 1225.55474203 0
0.166652475708 0.764996432991 1419.5575584 2
0.210833644987 0.810932628003 1259.4866902 2
0.168748392482 0.963482117204 1311.37711391 1
0.140176112384 0.99999960522 1335.40043282 0
0.183914641294 0.789295361231 1346.54872559 1
0.175910810363 0.999995438782 1230.53542808 2
0.168439238668 0.960882541933 1243.05061249 2
0.168706299486 0.952614696227 1268.0670218 0
0.156235130389 0.929297423581 1374.74515442 2
0.162349367283 0.740389369342 1434.57654661 2
0.176685019393 0.664281109166 1444.84978586 0
0.155191847151 0.939400030179 1329.39261141 1
0.207431631316 0.761532770912 1280.89112859 0
0.139797821097 0.861300362033 1444.92773639 3
0.166565421456 0.999999781581 1293.84757794 1
0.172358149975 0.977121924349 1243.19513177 2
0.184167648909 0.999999161717 1196.48286401 1
0.167044695853 0.999999788427 1237.83953447 0
0.158460813915 0.849419613973 1346.3565948 3
0.154261012297 0.999999838554 1293.28245962 0
0.165464639212 0.999999355419 1271.99136792 2
0.154737934133 0.999999708594 1363.15058542 1
0.165243521089 0.820482919958 1352.30323957 1
0.152673316212 0.947874938834 1369.02246689 0
0.155137843683 0.954506377732 1364.1648578 4
0.165106628924 0.999999490618 1147.67314486 0
0.169182836629 0.999999585641 1247.19986865 1
0.156621030034 0.706500714406 1489.34986238 3
0.159565829438 0.892435816503 1328.94017735 1
0.223497515495 0.999999135017 1072.58226364 0
0.14111435076 0.999999829552 1287.31353382 0
0.15678232046 0.999999785632 1254.21035691 0
0.138932885196 0.786180405277 1542.56722818 1
0.136092356828 0.91738157534 1451.43661113 3
0.171475705302 0.993821725235 1239.63900292 2
0.171561714279 0.999999756313 1223.73510371 0
0.179405879042 0.999999768038 1226.09486639 0
0.141212352367 0.999999290081 1346.91215997 3
0.155641596278 0.999999835699 1332.46299427 1
0.14401698667 0.999999761817 1304.83804924 1
0.177933386358 0.999999348682 1211.02464835 1
0.176410043795 0.999999728412 1215.47804145 0
0.184089435917 0.792529806047 1384.10606447 0
0.175240559286 0.999994020327 1234.91026873 2
0.165768459515 0.999999486515 1229.64289212 1
0.188817045887 0.802467494223 1336.01115417 1
0.183909983908 0.999999079088 1195.87701448 1
0.167311806631 0.999999706993 1210.96740359 0
0.16605223141 0.999999717045 1216.31417696 0
0.161403295729 0.99999959945 1294.07448448 2
0.19497465642 0.999994979311 1154.43993705 1
0.184958979244 0.999999350608 1213.87040141 1
0.165083771098 0.779708488604 1480.38732071 2
0.162253506186 0.99999960622 1253.85707495 1
0.166223406151 0.999999641638 1256.74338438 1
0.183186353309 0.999999198383 1195.4500313 1
0.155649760858 0.999999766499 1252.2857388 0
0.184410027804 0.999999582058 1158.92507288 0
0.168835465608 0.999999663831 1195.98937254 0
0.163206397841 0.999999692034 1271.99984506 1
0.142811553694 0.743056221937 1485.80277028 1
0.181892337303 0.999999737573 1209.94693483 0
0.161865605364 0.999999618082 1255.61317253 1
0.183053190383 0.958046224271 1249.54153095 0
0.179139627576 0.999999794205 1243.07973117 0
0.164590429619 0.999999646635 1264.02184492 1
0.199069378204 0.999998228435 1167.5062936 1
0.16470480646 0.999998414156 1280.50877937 0
0.173395220959 0.999998900884 1268.61579338 0
0.171851402553 0.967429223403 1258.31773595 0
0.148754786267 0.999999844453 1295.26125283 0
0.145974196064 0.999998833038 1326.54674487 3
0.168936557521 0.936604819648 1263.99280473 0
0.156313238464 0.999999717132 1216.29192142 0
0.17865640356 0.617347875383 1551.04143762 2
0.153005811354 0.871567081676 1342.76818779 1
0.202288589768 0.99999960487 1156.68758511 0
0.192159920198 0.999999781436 1224.8292856 0
0.163389530239 0.870529115456 1329.06447604 1
0.208109793842 0.999997766825 1165.01637222 1
0.187664556117 0.82676651035 1280.63509382 0
0.173213605126 0.999999663676 1191.82527353 0
0.146226481479 0.999997052906 1293.24533223 0
0.138874844402 0.775072010399 1476.74837198 3
0.204493633693 0.768496875518 1285.3319647 0
0.136668020789 0.999999577574 1373.05802963 1
0.160402273686 0.93948146816 1314.82973542 3
0.161768035634 0.999999718373 1226.17284159 0
0.162771133239 0.999999771673 1244.56051071 0
0.131195083131 0.999999886143 1392.42910833 1
0.184875183495 0.857112592199 1275.23542406 0
0.158799943195 0.876036730878 1280.55995137 0
0.146660705247 0.986785288483 1320.37741214 1
0.165051196044 0.999999556378 1234.48894081 1
0.163188032531 0.999999722674 1277.22418283 1
0.186970803284 0.885409643472 1316.28168946 3
0.162759472011 0.9999998149 1267.15725754 0
0.177150880076 0.99999932727 1207.62019538 1
0.159051979365 0.728978434215 1436.09909052 0
0.183584624724 0.99999964016 1187.58278627 0
0.16612558662 0.999999843272 1289.18061086 0
0.15675830245 0.999999820871 1270.47530055 0
0.159066399497 0.99868922636 1260.48626305 0
0.151911935808 0.999999793102 1312.2094149 1
0.160159435714 0.999999649522 1258.145483 1
0.136591006838 0.999999427456 1363.73580712 1
0.178426615149 0.999999651844 1186.26183832 0
0.181833075263 0.999992157056 1230.72531479 2
0.154385081941 0.999999393413 1301.62940948 2
0.15912149598 0.999999567265 1342.65825634 1
0.158290833774 0.999999840263 1326.22818628 1
0.164733173214 0.999999536629 1288.82437772 2
0.168774829112 0.999999276854 1220.22450659 1
0.185478359893 0.999999611784 1169.41589359 0
0.167724831246 0.999999818028 1258.57411215 0
0.164231572231 0.999999679755 1267.34669 1
0.163119847074 0.903556610348 1327.53771881 1
0.20678191659 0.761471837256 1281.56240935 0
0.178063237488 0.99999810911 1169.53402723 1
0.171262300452 0.999999710654 1261.47242442 1
0.169677387141 0.999999815626 1258.40973296 0
0.170097643748 0.861022080808 1330.86503613 1
0.195329025177 0.999999709005 1192.41780907 0
0.149183446707 0.999997838617 1371.42880662 0
0.210010326351 0.999999639307 1161.70822899 0
0.182253985237 0.999998863551 1187.81686867 1
0.175966449745 0.999999597488 1236.79452265 1
0.166615170549 0.999999638578 1191.29111742 0
0.182295503137 0.999999687301 1184.45041485 0
0.178331614475 0.999999609729 1171.81769495 0
0.1851561926 0.999999740081 1199.04614257 0
0.167856776812 0.999999821599 1263.02835443 0
0.182059762266 0.999999537262 1228.25451655 1
0.181184683923 0.999999695368 1191.8900498 0
0.160950922035 0.99999979213 1263.27883088 0
0.176167047616 0.999999792056 1239.20569321 0
0.165219242176 0.99999972108 1219.88680113 0
0.142623001187 0.999999683686 1337.17016022 0
0.175544086489 0.831529964961 1383.73927752 2
0.156844607857 0.93814370065 1322.12003663 1
0.16970456318 0.99999811128 1251.63695308 2
0.152119766783 0.951128848097 1365.98783749 2
0.164393962887 0.947884911761 1311.36365751 3
0.223819461298 0.62484770361 1380.27408842 1
0.177983929817 0.999999761349 1223.76047858 0
0.165445878664 0.999999563371 1237.93983218 1
0.187342155678 0.999999200842 1104.89613048 0
0.167957722175 0.999998859275 1192.69611041 1
0.154302345901 0.95615877747 1259.20650519 2
0.150018917289 0.99999951721 1251.49234854 1
0.177552439418 0.780883487011 1346.88813066 1
0.178618945745 0.714993626922 1429.73188652 2
0.189177363219 0.999997279599 1165.4905941 1
0.173357144195 0.999999732483 1219.64576009 0
0.170299840896 0.999999869889 1303.22077856 0
0.175267962366 0.999999270317 1206.92874207 1
0.149071515132 0.999998860792 1293.64827838 0
0.182879552613 0.999999806268 1248.41350219 0
0.183864821701 0.999999231803 1196.04790868 1
0.198568474441 0.99999938454 1118.02099432 0
0.190447090875 0.999999727405 1204.04911554 0
0.200117752369 0.999999328268 1111.49726004 0
0.168218269869 0.999998630324 1258.09124623 2
0.176117914141 0.999999668609 1188.66358928 0
0.182920468772 0.638044795617 1461.05799769 2
0.172374954865 0.999999696381 1200.25613455 0
0.148220699603 0.999999181205 1296.12961975 0
0.181701073632 0.999999314493 1209.09938293 1
0.178505973891 0.957216270569 1239.11042994 2
0.148870857863 0.961605997624 1386.86634199 0
0.16100441258 0.99999975834 1330.03683543 2
0.1626721019 0.999999534218 1243.25796533 1
0.164211613196 0.999999403974 1225.99402413 1
0.188150512948 0.937830970413 1257.26680643 0
0.143676883724 0.851680334272 1450.1819896 1
0.176629608162 0.999999294227 1217.8578169 1
0.165349954284 0.838415215546 1440.17856125 1
0.156590033162 0.841724273087 1446.38336831 1
0.202281066342 0.999999613303 1159.64621882 0
0.151421596928 0.995674392477 1362.36767921 2
0.168568766723 0.999999753961 1222.79743781 0
0.176846539079 0.814457058472 1378.23228559 2
0.179004875922 0.9999998167 1261.00249596 0
0.144026561233 0.999999661541 1327.61279644 2
0.179552392954 0.999999347351 1209.48345152 1
0.178965959274 0.999999568699 1161.14456179 0
0.180090953816 0.99999969628 1197.7127613 0
0.165459339563 0.999999755101 1232.7099005 0
0.157419569047 0.999994686156 1256.62707722 2
0.220278039698 0.80344505715 1178.93470878 1
0.188696050452 0.999999605082 1160.94367308 0
0.161878587757 0.999999670445 1202.53332533 0
0.148445665205 0.780938136589 1480.39513862 1
0.153044131812 0.689802284791 1590.20557553 2
0.196910243111 0.807764739291 1265.80911848 0
0.17436828037 0.999998688962 1183.87231821 1
0.146375019883 0.99999779147 1357.69839435 4
0.148564934799 0.82005048722 1445.08544081 1
0.182030840401 0.999999448754 1217.3318748 1
0.154518751683 0.958371737515 1317.80030705 1
0.166604154361 0.999999784895 1243.16334271 0
0.175177376494 0.999999205581 1272.26651803 2
0.166799440926 0.941300177196 1264.88986951 0
0.129470545396 0.999999573633 1374.71028699 3
0.223200273264 0.85645951907 1156.66901315 1
0.189431126896 0.999999427909 1209.33363202 1
0.200566354081 0.852739965708 1257.11977124 0
0.152925744845 0.810576809068 1458.64121619 3
0.174942743625 0.744082594347 1374.12019397 1
0.172198702519 0.999999645623 1249.24950726 1
0.162917448421 0.932943555365 1318.14267798 3
0.207228056937 0.769707939716 1276.39201514 2
0.177242700516 0.93952466688 1255.96067638 0
0.179969849023 0.999999549731 1155.73260353 0
0.166847516359 0.999999573344 1243.80648489 1
0.160446592123 0.999999606104 1302.03337749 2
0.177015737624 0.999999601502 1243.76997785 1
0.171662505877 0.985235784771 1239.2661699 2
0.174053575996 0.999999724267 1215.14257426 0
0.162411474824 0.999999834608 1311.45985823 1
0.140827160489 0.999999666724 1373.81679508 1
0.176129426599 0.994415560234 1228.23862583 2
0.149100324864 0.954505452778 1321.88712315 3
0.197485615083 0.999999533011 1141.36545122 0
0.1691901097 0.999998112941 1252.18995193 2
0.14644900681 0.999999877576 1362.78806258 1
0.180482448986 0.744918782228 1371.45933376 3
0.155830337523 0.999999557492 1296.3151779 2
0.166637572629 0.999999626621 1248.12568215 1
0.17226797322 0.973227022776 1259.45366181 0
0.153333486463 0.833549301053 1450.09820656 1
0.151170306273 0.999999785679 1260.86785231 0
0.165958455312 0.999998225882 1313.21904774 1
0.160660347803 0.80210640076 1391.41660354 2
0.16900029931 0.999999855643 1289.47353101 0
0.178618539404 0.999999263916 1206.69580949 1
0.153943610082 0.999999835648 1325.18932207 1
0.151099742163 0.999999758009 1246.25195441 0
0.170802323951 0.905502198171 1270.4314612 0
0.177581156446 0.999998710378 1192.82965534 1
0.195680369686 0.837716674758 1263.64353552 2
0.151192013353 0.999999201743 1344.6654106 1
0.149970123542 0.999999812017 1277.96166926 0
0.17154805243 0.77836516785 1368.11256136 3
0.150611022542 0.956941563666 1380.76515387 0
0.191758692258 0.728603266828 1399.41619017 2
0.165364343885 0.999999697288 1208.80216982 0
0.183278150434 0.99999968968 1188.73765196 0
0.16021813154 0.999999721283 1213.38217377 0
0.135763992271 0.960207338457 1415.86714826 0
0.170719453574 0.999999794907 1247.28123196 0
0.175538627523 0.887124564363 1330.28330377 1
0.167425621145 0.999999642041 1182.69026903 0
0.163236203998 0.999999725905 1223.2453885 0
0.177014941594 0.905887373162 1259.73758866 0
0.156959422681 0.927247892773 1381.45294037 0
0.169399542727 0.99999976876 1236.19583262 0
0.138197965294 0.999999734504 1354.39294321 2
0.169970956754 0.999999490258 1230.40624399 1
0.162151664873 0.794351854006 1398.37952778 2
0.180300658292 0.99999959529 1167.64793768 0
0.152694758504 0.90840652801 1384.78610113 0
0.159628624763 0.801432574527 1368.06813996 1
0.158414851792 0.999999651855 1255.56886036 1
0.142467846409 0.999999697574 1332.3093634 2
0.163568665834 0.999998668442 1268.6368382 2
0.171503037882 0.999999500742 1152.43944284 0
0.189600155576 0.993572989669 1223.33762568 2
0.1466701266 0.97138441399 1341.95981699 1
0.190027231728 0.832838931304 1319.94678958 1
0.200287434415 0.999999609267 1161.90056856 0
0.179534621614 0.999999811444 1250.96006013 0
0.168094871911 0.999999737523 1229.91800528 0
0.144201240393 0.756631553021 1530.09195254 0
0.190567749359 0.999999213971 1105.32511123 0
0.14480787347 0.999999496051 1298.74772493 2
0.184549701632 0.946025879245 1249.99403591 0
0.175440185157 0.999998017755 1271.151357 0
0.147216886459 0.999999748894 1297.55023574 1
0.155893207787 0.999985983334 1318.96074203 1
0.139857388448 0.826012048924 1421.84110644 0
0.161752042316 0.999999695267 1263.09555387 1
0.179750966334 0.999999720057 1207.0955101 0
0.149002332139 0.999999813893 1271.57049863 0
0.174534803832 0.83871978028 1339.14279494 3
0.156722318456 0.999999789738 1250.8833068 0
0.156233628257 0.902777396516 1341.2670113 1
0.167741835977 0.999998978432 1202.25362512 1
0.154272439268 0.920952716958 1330.4104365 1
0.132174770573 0.842531707969 1516.5657647 4
0.151269988202 0.727510860459 1552.28645507 1
0.16507883227 0.999998150439 1278.80911462 0
0.190980193882 0.999999621998 1165.2935171 0
0.144201971475 0.999999490955 1349.22260436 1
0.158266484918 0.999999776403 1250.90044586 0
0.173859004415 0.999999771278 1234.07385848 0
0.180848214182 0.999999647977 1177.00078762 0
0.164231035993 0.959873289822 1262.10844842 0
0.169314747778 0.999999818999 1263.30999182 0
0.175697504323 0.999999674572 1190.31757133 0
0.189254309446 0.999998801478 1183.86902326 1
0.135386871158 0.999999638225 1335.07402805 2
0.156640505566 0.999996675935 1269.24726471 0
0.159384235254 0.836961589377 1393.26573541 2
0.181600916527 0.897013573687 1318.59606927 1
0.16939438352 0.993427773777 1242.0249866 2
0.168125785516 0.731491818553 1457.05965184 3
0.177825033032 0.999999822041 1267.46935534 0
0.168528663802 0.999999403332 1228.06942504 1
0.176298493026 0.999999573627 1238.66607148 1
0.152759115912 0.728409141978 1492.24189945 3
0.163999210878 0.890135508256 1326.09244196 1
0.181516414122 0.708259870858 1379.18707127 1
0.176118138961 0.99999935199 1126.30507866 0
0.163103713868 0.999999831317 1272.46844607 0
0.159186764881 0.999999548874 1248.44919062 1
0.164572557804 0.999999740862 1224.42407517 0
0.165378051253 0.999999366841 1226.14593736 1
0.155030546178 0.999999797229 1346.02103499 2
0.179769046316 0.669514562059 1442.75544977 0
0.167906055171 0.99999845081 1267.83175431 0
0.166667261658 0.999999801932 1249.69515442 0
0.150459141812 0.734320498384 1513.52275812 5
0.164170235739 0.99999970032 1265.91377111 1
0.200398024841 0.952841376853 1244.03749146 0
0.192214821837 0.999999544668 1151.67282781 0
0.158087603008 0.999999746259 1222.89242995 0
0.169048701149 0.999999620386 1251.12829589 1
0.186494661936 0.816998935482 1340.20221188 1
0.132750156423 0.999999891443 1406.6572416 1
0.185901283256 0.999999724628 1213.38472816 0
0.152087988314 0.999999560173 1293.18166955 2
0.17927193674 0.6258981215 1481.5122396 2
0.180455995702 0.999999644965 1186.60478259 0
0.167708728016 0.999999614345 1253.59645186 1
0.141702111711 0.946120572892 1425.42232182 3
0.153308823414 0.908412429356 1334.89505243 1
0.170088454987 0.999999527917 1231.5906045 1
0.163175664092 0.999999724797 1214.69919116 0
0.185438316369 0.647246112517 1517.97179928 2
0.1382669923 0.863064812421 1417.57205795 0
0.166844144056 0.999999749961 1223.29069896 0
0.192698959012 0.999999596039 1159.25068213 0
0.18071456942 0.831426006666 1335.689849 1
0.181121698195 0.999999667762 1184.06632486 0
0.187878718694 0.999999121453 1192.00882082 1
0.173696557138 0.978969060343 1254.66553792 0
0.168424280078 0.99999977658 1290.40934122 1
0.176790666551 0.896831616198 1265.31587685 2
0.165639558181 0.99999604598 1266.12742298 0
0.154771353511 0.725886969794 1455.0868249 2
0.161369786977 0.999999796708 1350.09285976 0
0.164160611216 0.999999679684 1264.24571939 1
0.174820015131 0.991660239012 1233.68403523 2
0.179787193466 0.618737389424 1543.96644375 0
0.18107117028 0.999999518782 1146.71265009 0
0.165002705943 0.933269018304 1267.64926324 0
0.154285660359 0.999999827897 1356.81106203 2
0.160448667685 0.999999288875 1288.22207843 0
0.128008136868 0.999999847588 1441.15114712 1
0.187183480937 0.79413255692 1337.6908732 1
0.182048482955 0.935111447798 1251.05780899 2
0.205067579029 0.854863081551 1249.06116264 2
0.168763209518 0.999999730864 1230.46385319 0
0.192842647406 0.782310866607 1280.94409699 0
0.180173738151 0.999999123067 1194.16251492 1
0.156677838481 0.993471510023 1319.34887005 1
0.162736877862 0.999999122957 1291.26149313 0
0.154875453573 0.796382056019 1487.39847199 2
0.186209656028 0.99999947829 1218.40185521 1
0.178077366186 0.830676777285 1328.49306287 1
0.171680403227 0.680327649596 1531.70633945 2
0.156283586628 0.999999372744 1294.11048239 0
0.19085319547 0.80055048716 1270.23923735 0
0.184714609719 0.954496289067 1238.98225221 2
0.146749085661 0.908014014229 1394.4138878 0
0.16099276634 0.725935228586 1484.85516614 3
0.177432099013 0.704013704423 1412.31687172 0
0.156940178631 0.99999979765 1257.07073177 0
0.148641556286 0.9173802459 1354.31002625 1
0.167440113441 0.934555156775 1311.78981367 1
0.159620299756 0.859081959837 1383.6056083 2
0.171125398296 0.999999750639 1225.55474782 0
0.15233009687 0.826720059729 1405.3278226 2
0.206763289268 0.999999413805 1121.74465862 0
0.173908630829 0.996138716261 1234.63719469 2
0.15115602936 0.999999469442 1310.61051559 0
0.166608519203 0.99999969176 1261.81174888 1
0.187600882606 0.999998453713 1179.00574466 1
0.163215326809 0.972981313886 1306.74636334 1
0.173264698144 0.922050863992 1265.81275136 0
0.163188891289 0.999999766672 1233.97310841 0
0.156414893815 0.999999819365 1268.52405244 0
0.154910170247 0.999999869354 1316.7974089 0
0.183783527286 0.762692617083 1348.92960934 1
0.176736681401 0.98216924408 1238.38040195 2
0.192339623117 0.999999434725 1129.43962446 0
0.183171066093 0.742705590288 1445.00846438 1
0.165401142227 0.999999483821 1236.41289386 1
0.1891379936 0.999999504948 1138.87828108 0
0.161315608649 0.999999775115 1238.79592044 0
0.178758262637 0.869607586809 1264.79340544 2
0.143252616991 0.963285421023 1392.79100307 5
0.235052556308 0.751112713931 1201.08772087 1
0.163411096321 0.999999615959 1250.38973366 1
0.13597450943 0.798951224077 1609.54190345 3
0.180592180654 0.999999735391 1216.61220999 0
0.176205107727 0.999996666592 1259.94250012 0
