"D" "g01" "sigma1" "g02" "sigma2" "alpha"
2.02313822362 0.999999829815 195.242026543 0.233638204645 310.638495727 12.8117530626
2.39865353691 0.82602943537 196.343023094 0.169710105071 343.303706697 25.6289291306
1.52070821491 0.999998175129 226.255033985 0.424774545845 312.87147558 50.470929337
2.19212122343 0.931455284575 208.434970576 0.289863790316 331.36678274 20.53715845
1.64400935088 0.942357956267 234.067077267 0.274218836042 314.902372932 28.5217178959
1.7743208347 0.999999894181 221.903563455 0.356323458241 268.994282053 34.4004370036
1.39600337401 0.999996691397 251.253301152 0.298371689893 298.339375137 16.4211701998
2.17849524531 0.90657535543 215.267790878 0.200519327547 351.334715909 24.007785271
1.06064390604 0.999999709571 230.960810901 0.264490104084 344.673378704 41.9206064555
1.62438796303 0.999998965465 201.164406358 0.21016601452 335.039149541 8.61362392536
2.21162741454 0.999999790654 189.703386992 0.300498237845 309.147395276 21.7033095417
1.77489806186 0.99999924483 201.238370109 0.272966961254 338.843756853 18.271546952
1.54860939627 0.999999448388 204.859191519 0.329898724926 334.727865278 16.7383870438
2.02235802549 0.999999418634 187.306076725 0.365545609912 305.166425444 25.0823194392
2.18454880851 0.656650720824 228.921963866 0.183255508633 361.926764565 12.9207511641
1.60688398143 0.999999779111 222.35111354 0.301667699999 296.1549395 42.1178724438
2.04141084037 0.999999844091 197.968319274 0.241845400106 349.713152416 16.6218671071
1.66245405775 0.980406395567 183.709941439 0.263654920915 295.247430717 28.9596972416
1.47290730723 0.999999352828 228.599486088 0.333092387797 350.852370435 22.8668433645
1.60826614803 0.999999798297 184.081768983 0.294582086581 301.7795316 31.3031048745
2.09936728002 0.999999822937 209.379524524 0.16171904185 349.479589853 20.8093154357
1.6497026134 0.893854522432 241.5433431 0.43291314206 285.532225435 22.493684846
2.74378880727 0.666486476692 193.530226549 0.222519120303 318.689543388 45.3631709392
1.65039370503 0.999999832025 222.378579416 0.228479316791 329.82711201 23.6115848824
1.22720714146 0.999999294866 202.104487941 0.328309040366 345.437395468 13.8274859982
1.78408986473 0.80123022712 207.994348012 0.236085455427 363.972078328 25.1152126436
1.52051869429 0.955394316408 197.719957687 0.397758603392 309.481655418 46.0215180246
1.87808132934 0.860542598045 213.612806396 0.320817632108 282.018608902 20.3684716464
1.99472046658 0.913367861672 206.237161222 0.246923268195 326.034764838 30.2911778477
1.91814321093 0.999999816245 201.233168403 0.313142363854 283.633843497 55.8356538423
1.08382381403 0.999999729513 244.147581348 0.367337228348 314.27173342 44.8041923877
2.0101552145 0.697045382044 237.908873556 0.228533709987 358.391550593 35.0396299992
1.69351155876 0.999999730315 191.453487937 0.206684760874 315.480922055 37.4200728128
2.13759028256 0.894318872631 185.823583864 0.20996932849 302.758809711 28.0302490815
1.78048250588 0.999999902144 221.254421237 0.251879319374 324.379363722 17.1265302709
1.71115555614 0.999999128372 202.786945419 0.433603964436 274.776124151 30.1770601699
1.29892224199 0.999999792772 255.966889767 0.56115149539 289.430761693 20.8622931355
1.83891895045 0.999999882464 198.147708277 0.258629124063 369.253815978 30.4352948079
1.70028946478 0.821491364137 206.87708253 0.291315637348 316.11895488 26.5240588429
1.26947586332 0.999999724008 236.269635671 0.205180544888 356.701683465 12.2079869143
2.42243862192 0.892498961241 191.619765449 0.253753113302 301.625388566 17.6239052996
1.31136181913 0.907559509764 221.805355154 0.273770793864 334.260623404 67.8106772605
1.46381118893 0.999999889472 235.548915712 0.214598070788 375.489818472 21.8001493176
1.64251119927 0.999999877495 220.541178252 0.283311633509 340.078439758 19.2182728184
1.89205870416 0.999999572989 209.119826645 0.242376107804 321.993585703 32.9583278775
1.31316312824 0.999999844846 217.204147469 0.271292626259 365.341597176 29.6394032718
1.87813491426 0.963346841303 226.034872427 0.349479441937 312.369451849 49.6504607322
2.19642396493 0.440908249544 258.178438729 0.265928950929 343.629437198 17.0425039196
1.35362108189 0.999999759283 228.343967977 0.300163428499 342.005438868 29.1374327242
1.59492843932 0.999999845436 207.942659979 0.306792267213 328.403150008 29.1301892045
1.46240512477 0.999999828136 226.019587079 0.219199453252 322.605518306 35.2172702702
1.70970110847 0.999999850154 231.370301286 0.429636873076 297.671654104 21.6752171346
1.40085651412 0.999999131891 236.096153887 0.361746226094 313.321704277 22.6859748805
1.44623578668 0.999999512876 230.390216641 0.327132981605 306.014097175 33.090046136
2.07522923845 0.999999835325 196.527969157 0.217728126263 345.687701662 24.1654294627
1.99861391881 0.999999587741 201.439708473 0.208734170136 343.677186471 15.4301790582
2.4316682723 0.999999586778 202.182441912 0.230745367218 318.758741968 22.9052699271
1.80082372903 0.754187759814 212.971542816 0.248675622858 326.800338285 13.3497617864
1.66240466948 0.910719374715 197.039626127 0.24617100277 340.903834426 59.6412127803
2.02005865924 0.999999112193 209.497809616 0.216845311877 341.343342396 14.0612259571
2.24092338019 0.999999353841 175.473358957 0.362167377178 287.265806196 31.2494117195
1.53323508334 0.917598034535 236.056333506 0.30047843572 324.142627752 20.1517405692
1.86677239777 0.999999626005 201.043008065 0.326628580436 284.038638872 20.4116736227
2.47699043499 0.999999905077 202.795971884 0.243293855638 302.928384414 32.2841833255
1.88522089051 0.864192943801 227.618698938 0.228839166702 334.078666274 36.2642644776
1.67543662277 0.999999663515 209.024839721 0.289759204363 290.787738172 20.4497305628
1.32406348663 0.911525351089 235.17897894 0.366439343156 313.087954641 17.7715256099
2.22002662364 0.960534340547 181.459773768 0.226876439765 298.460062213 25.4152863991
1.68633297326 0.999999190453 194.418059836 0.38053167382 327.39569616 24.8220641131
1.57590436256 0.618377867379 240.568043145 0.383646617139 293.364222676 27.1307195258
1.88538127888 0.999996328535 222.591965069 0.253107779242 305.66148022 28.9817097714
1.69785338011 0.99999988404 216.660397342 0.323947111481 307.956032286 28.8406727662
1.93066134746 0.877802639651 218.083471827 0.212394594884 353.209792966 82.2490509315
1.28697688617 0.966242093522 213.545142905 0.455782304309 294.750066066 42.4195635138
2.82432138787 0.767057450732 198.008945814 0.227075988793 290.032508981 42.3624285146
1.67764314107 0.999999659011 210.167809896 0.236706917268 390.163504949 26.8299784828
1.98163404019 0.999999884365 216.993853738 0.389630332883 269.483816011 25.1648700076
2.1782500248 0.952673486724 199.741434665 0.176496452522 358.1392568 46.2674128087
1.69186306631 0.999998689336 227.890916841 0.337934867947 321.882743322 28.4158359632
1.79770301978 0.999999773501 213.963032795 0.246677630056 317.338959145 24.7249003328
2.02439066621 0.999999885737 209.696885343 0.366195262196 307.522063481 25.3512143245
2.32534496658 0.999999860766 212.354415273 0.226537844665 333.111626807 9.92209942295
2.13244368275 0.99999950165 182.199039434 0.250747010703 317.720695652 13.4417911342
1.81112838615 0.999999730252 209.683748726 0.436628836128 303.450439151 33.8961959234
1.89561941144 0.999999688783 207.738007355 0.417254201501 246.219893812 15.5656722866
1.42821371396 0.96690787951 244.765224046 0.234541846474 374.788980154 16.082912333
1.45226985437 0.999999443715 231.189013867 0.271275775338 324.073809329 32.2191566292
1.22203924202 0.999998847653 229.088954962 0.447155315831 289.547888061 11.6046714387
1.8098141652 0.999999352071 207.43208079 0.306497756878 282.497419954 33.7701422629
2.70963064763 0.868319261078 209.619567572 0.3108873213 253.597221384 12.2525547254
1.32116027562 0.999996402011 230.638939413 0.230357775665 369.924977039 37.8888006509
2.99432598716 0.637141686957 204.031047719 0.160590224706 340.328443154 18.2523479037
1.31191256747 0.999999137264 222.823072399 0.428057211714 318.709046254 33.6126054973
2.22253083715 0.999998476697 198.33148355 0.252116321852 310.312996972 16.23908405
2.37503081091 0.678672349619 220.063353592 0.237587454186 317.905034565 12.6604929785
1.4626479361 0.999999835753 215.486441041 0.271267735152 357.231957837 17.0067095255
2.16386560892 0.968954889083 191.614151786 0.223658030324 353.466309693 13.0676653099
1.85677087039 0.931450114153 220.728541666 0.351936737824 291.55016714 31.7180477951
1.4285999328 0.880406635457 203.444735328 0.254399115138 360.022152672 80.3360313243
1.47578584353 0.999999320014 230.450255451 0.332017932068 341.950296685 33.7624397471
1.35299942916 0.999999770652 193.923533669 0.329998325451 314.046574196 24.2664714123
1.57662265465 0.999999899915 187.947896495 0.387889878692 310.024689441 24.2765308072
1.67959174902 0.999999242522 220.159055362 0.327719773141 319.048819089 15.0468182274
1.18888255352 0.999998640216 236.677445632 0.375471204042 304.12073106 9.92310511654
2.29904943971 0.999999856024 189.094164608 0.228525224635 311.195861457 15.6641901908
2.16296059397 0.633862943742 214.821651458 0.269849184099 291.682358741 21.7408406288
1.85993482282 0.999999780784 195.82609586 0.30326289996 309.214085018 36.7581000773
1.69846342546 0.999999598386 210.115880063 0.287890651253 307.98024528 9.842317153
1.63027711886 0.80280714499 220.592546435 0.282374904481 331.667392666 49.9759154477
1.75017677018 0.999999861375 212.432997945 0.451804653566 278.553939281 22.9403948016
1.53898882527 0.810346337911 219.45662134 0.258977915003 347.549473505 28.0610812893
2.48144048087 0.62339159459 214.501734132 0.147127263066 349.752909085 51.7534873567
1.2849415254 0.999999828826 238.818180209 0.425158845635 300.250210223 21.9881473422
1.42800675729 0.99999981892 210.465338154 0.276640759435 316.609099546 28.2911470816
1.80255018134 0.999999749134 189.635794455 0.220899132129 328.635172376 12.7806650848
1.4632888512 0.999999852327 205.336627741 0.462773104432 277.802656149 17.2446024915
1.57044244831 0.999999067197 214.309783562 0.255288120851 289.831100284 33.5902498291
1.96530356433 0.961894534713 228.306702269 0.235929816727 331.386019732 40.3978603879
1.74066944747 0.999998436784 211.659671917 0.330871197406 316.283464138 31.3201791097
1.99333287099 0.999999314614 197.184553526 0.176226157009 368.518653566 36.1042148842
1.9888405256 0.803918586812 226.178882538 0.221122954126 325.471640268 16.5770297752
2.35353155298 0.86450199065 211.207759976 0.30543639144 287.29274276 28.0228031659
1.45522507933 0.999999593142 220.129443722 0.341616236108 325.419889818 20.4419633924
1.75691055038 0.999999706306 201.312727249 0.263958627757 330.767304136 16.1101635076
2.09905651194 0.99999896449 184.883545679 0.299263979968 266.469450555 8.97085112535
2.56960414613 0.583315631243 219.479370574 0.184787984108 307.363921865 22.6403789118
1.57013575475 0.999999511535 230.042786926 0.374165922259 333.378125825 25.1615023326
1.562710783 0.917502126084 220.963962567 0.274678283048 310.718572107 21.0402491204
1.15769886455 0.999982874495 218.920740429 0.566388136993 304.299171539 38.0537192075
1.86762317278 0.991797518569 209.947179709 0.22286244497 344.498761998 25.3248432988
2.08463858398 0.92572470729 220.853908735 0.304766916789 316.463248962 29.7252392875
1.93733919462 0.999999802761 210.530354056 0.285643852119 305.734908883 23.4064126414
1.28445165615 0.872759558269 240.009025559 0.392902161928 320.878529145 18.5243399756
1.85840482447 0.884323828137 191.905946547 0.165862519101 380.218223093 47.3373363149
2.26762998379 0.999999803998 195.174129376 0.171364815229 361.617281093 28.2776850012
1.89052119515 0.999999038754 196.841312487 0.142394257777 360.860685782 20.2072451987
1.58910198889 0.952859469224 218.612465696 0.241598106463 299.970157437 19.180356202
1.81323582815 0.999999794258 217.203413709 0.361216794857 299.776911477 26.6886753529
1.44005082303 0.999999010926 200.623779496 0.288115747998 302.598267249 47.0313027433
1.53232224132 0.999999683144 225.439343578 0.349251449618 315.024547617 25.3991505735
2.49438504296 0.706192051976 222.130108237 0.162150452698 376.136008051 31.3490436603
2.0046111493 0.854015726914 217.482467782 0.22162921013 327.543079985 11.9256205557
1.80154380303 0.999999913639 204.013426582 0.251182383586 349.408739813 17.9002942794
1.52454197044 0.999995439503 214.575947564 0.348726594369 311.036124399 30.3361312898
1.85772104921 0.863367381878 205.125305595 0.343694789633 310.785907018 54.8263274741
1.94232639972 0.787928639547 208.541981598 0.27406434948 309.627870401 15.0502601803
1.42501445088 0.999999518931 222.75019953 0.31621347012 314.027201246 12.1732158585
1.62478461241 0.999996004795 214.328943561 0.325390635728 338.180384922 25.0078690823
1.38805479888 0.84846709842 262.033151833 0.325707513703 326.348566002 19.6555198097
1.89329112388 0.986940073481 210.853433986 0.294871878487 318.107525511 9.17861409705
1.64327468299 0.944416303868 215.91263482 0.393566874036 320.951061267 31.8665489786
1.47470087808 0.999999478666 196.880873902 0.348156185972 304.448193467 13.5609117042
1.69147239548 0.999999772649 219.264801548 0.358015720017 297.914957576 33.1211744625
2.1398582184 0.999997403959 197.738815551 0.385121012098 285.142489959 13.6535067027
1.89249761973 0.999999826521 180.304234863 0.259019244876 337.752446426 34.4477757151
1.45782429462 0.999999608734 219.491466891 0.363738056055 328.574131265 19.345415508
1.8796800394 0.999999581043 216.50674198 0.348889305094 314.444439291 18.6716638177
2.21229297104 0.838497069164 213.01753542 0.224913188314 305.141830936 38.1664680004
1.58287592478 0.868911336964 230.901659505 0.266368967409 319.138616416 14.9543756719
1.70786145226 0.999999435675 217.197529612 0.273723042212 335.943957825 26.1671333256
1.63112977569 0.777921064068 249.18162783 0.417084247225 301.087331135 12.4252727958
1.7293814436 0.805403346698 205.22460591 0.349269092873 312.833700695 41.5731345095
2.19356009468 0.895844465227 203.146165399 0.357520595844 277.342086372 37.6512743253
2.33675350181 0.9999994583 209.710716156 0.256002768633 282.985055197 68.4243499119
1.67829284359 0.966088732299 197.984128612 0.292229802166 345.837141247 33.4059585815
1.63783934748 0.721725559149 235.68841409 0.155316665436 345.85466494 48.4573466873
1.45657891304 0.999997223662 215.019865428 0.634292654617 265.406322693 32.5299200432
1.71334608168 0.99999890975 184.783695319 0.31781460953 304.795243734 32.3799955347
1.8001854396 0.999999566118 217.089627042 0.48815092793 289.767592638 24.8927293168
0.942140887528 0.999999746319 226.274196035 0.187461186128 414.532290877 34.4133427897
1.93271210702 0.99999908025 194.214891671 0.172569282579 339.474609163 13.2782316821
1.95206445452 0.999997846545 179.531798415 0.213889056069 344.398983276 23.7712914024
1.65477773151 0.999999890109 208.324169372 0.260791755285 368.362735842 12.6658899702
1.68331356631 0.999998918424 203.544765518 0.341860072859 332.964574606 31.354374404
1.48772567043 0.958335065904 210.956362647 0.430711908676 310.789912126 20.3318711311
0.990102394516 0.999999717298 241.377619643 0.418962488716 356.749811578 30.3629161066
1.62133484971 0.999999788421 228.338613997 0.274157433539 343.678059146 32.5539969612
2.79180673024 0.725559102056 198.899118667 0.211942408754 307.589877384 36.5637240687
1.69046105447 0.904322492266 217.371085615 0.338853087812 377.011332181 14.5575352479
1.75931987312 0.85335509862 214.256569232 0.230116715017 288.094547407 27.635223408
2.17494242061 0.935545119416 190.72478602 0.272267137002 327.6868856 47.5740419613
2.07820626819 0.999999851799 184.890894749 0.248076303299 337.41303338 40.3147492357
2.53040714493 0.940807640979 175.675949362 0.230948521971 312.868353728 59.2332208373
1.85839156286 0.835143523715 208.980611556 0.306206483007 284.183754665 19.0287935635
2.05262283837 0.999999784305 205.766329883 0.458332284885 284.4380022 19.845781526
1.90939339895 0.938130582171 206.619801069 0.367386008301 264.888877971 24.7133520941
1.95839380268 0.999995804054 196.985238976 0.306762065176 241.7183093 22.1014630374
1.82133368387 0.999999823552 206.134036095 0.335917778036 308.876002191 11.7779398429
1.60738958255 0.999999732506 207.058885285 0.391018354191 288.527573492 19.6250961776
1.89531673689 0.941586839515 200.948249684 0.386902109282 276.323154824 26.2937560748
1.96617858661 0.999999865968 200.332283803 0.335089776576 315.725168037 27.7531557882
1.52832962397 0.997390530909 212.804704973 0.426647834303 322.112104726 35.3712590286
1.98571775134 0.99999970172 195.573509175 0.336571405823 323.87423723 17.1400732415
2.16904801897 0.718367270899 223.306633256 0.193854064734 329.385659085 33.1519781271
1.36280896568 0.999999521859 221.660171465 0.329687556184 303.301978458 26.4527377352
2.08085138564 0.897403669262 198.465149706 0.227350569895 302.081117033 14.6023612687
1.54812834774 0.999999057083 213.378944848 0.274169109526 318.753699065 14.5369548401
2.27192878954 0.999999801576 191.28934436 0.188311796412 323.017175587 13.8146012664
2.24985501895 0.869266509625 205.005704445 0.324817626781 309.620153315 17.0645573398
1.99482679819 0.999998807771 192.455854056 0.26758325815 289.964867322 32.2149474926
1.43526754925 0.99999985556 232.933588165 0.290193826298 336.731779489 14.1346021419
2.28294160798 0.999999836812 193.495843674 0.165232543061 337.340813284 27.6381090483
2.12564910118 0.999999637343 171.169440075 0.303903331718 305.661909942 15.9884719895
1.4975252205 0.999999889274 249.77007334 0.260083610467 371.746029128 26.0253261934
1.46436949788 0.999999734335 215.633936166 0.235074499292 396.350538605 15.1898513842
1.45334029811 0.999999875119 222.543704509 0.398611813715 287.284680135 21.7291734576
1.95664927038 0.669825451281 204.029481822 0.205770219818 349.973378663 30.8535015214
1.70325328286 0.648880990304 230.280583342 0.223964267593 353.589015603 27.1944272188
2.11064180022 0.999998552131 201.675279229 0.247116045891 286.946084898 19.900807267
1.84044193219 0.752646663278 238.420007363 0.426102855174 284.611906987 30.2269492913
1.32063986413 0.887026759496 231.505618798 0.30818945861 329.018886647 31.7044901187
2.02894669399 0.669901678103 211.395040786 0.392911076865 237.254706192 21.3193445942
1.68794931921 0.999999730654 212.983236561 0.413522513848 294.129920732 43.7632718041
1.69664917116 0.844904952801 207.917328876 0.337713920322 312.596980689 24.202635866
2.293417245 0.999999735923 198.147249001 0.303919890519 273.214949375 28.962867798
1.74807084363 0.999998065541 207.311402685 0.326181796935 299.859197981 24.1428260245
1.81664231991 0.824704044542 210.550866055 0.213300452169 362.08979857 19.7803762267
1.76552778508 0.999999826751 214.740792544 0.361057496249 309.259826767 16.1167759501
1.62640599877 0.946285613894 192.541105563 0.377388547784 295.368600816 28.2721731423
2.51644008964 0.766683631844 210.84858926 0.208202712412 310.762625544 13.1340788492
1.80566898655 0.999999748891 211.964553527 0.245783345986 327.186945856 27.0353859648
1.54196263535 0.999984218182 203.772836506 0.280025901982 338.226534751 43.7631411027
1.61762871986 0.999999591003 210.58237251 0.318072034005 329.541117678 52.6698591116
1.9868368395 0.999999080662 193.56445831 0.310237356683 288.492752109 18.4399330073
1.28558831358 0.82943736841 233.509053006 0.254773651458 369.653832973 40.0707468674
1.75021108162 0.975640969785 214.061227287 0.30744579643 291.085231143 16.0430015955
1.71754291345 0.895148146482 205.553223326 0.271052912709 331.667318229 50.5651836641
2.43900837305 0.999999864743 179.358431938 0.236325783416 326.694548952 28.8165824216
1.95442760864 0.999999578038 207.916177842 0.328210869884 306.428129746 22.01276218
2.28359219312 0.943210171601 202.071979736 0.313604165601 312.566945023 11.745076324
1.62304897855 0.999999640405 219.117067528 0.255450086747 325.786676301 25.5472981995
1.50124021547 0.999999723913 203.595023205 0.288178695517 326.724088823 20.9018692529
1.70301934221 0.999999857639 213.951915517 0.402848642228 278.466339919 59.8970634627
1.68327094485 0.999999194256 194.222782009 0.188053701016 353.595198668 73.9809597549
1.80965995522 0.999998257888 197.000293093 0.153018967511 355.924352859 17.5684272278
1.67942963425 0.999999880926 204.376513709 0.293028445396 311.211762925 18.7114339945
2.13496874069 0.999999583636 186.464584677 0.188443155135 339.349537269 26.1922255864
1.96141792252 0.999999739584 206.139366493 0.313975429715 299.882687676 21.5671991424
1.67606557522 0.999999641354 196.505729678 0.248768452415 337.795615121 9.31024269623
1.52228579742 0.999999707689 210.043190365 0.371043668694 317.093998249 20.741655216
1.76237399674 0.999998743113 206.805148289 0.355365310514 341.754024734 30.0324687987
2.38571924438 0.999999741898 194.555429819 0.156116975719 345.83509776 26.7645115588
1.48817820289 0.999999879699 226.254741726 0.363096782294 314.526595338 20.9254762156
2.14380889152 0.999999869452 209.920015853 0.242196946286 321.506269122 24.314798939
1.65056849855 0.999999831334 218.473063518 0.606496262731 254.669208434 27.9063924268
2.19749744512 0.999999749844 195.498491226 0.241226683511 271.881071155 14.4873666799
1.5561641864 0.953383718026 214.025334073 0.103872328398 475.758001728 80.9700482244
1.25574933785 0.999999695488 234.128494917 0.402950105975 333.830821501 30.5499472883
2.27619155746 0.999999650367 202.149893301 0.192383401864 357.020588123 32.3496866387
2.87782743191 0.721382666053 195.884305478 0.133458107638 333.993761349 149.999996861
2.01901576014 0.99999733671 201.407041555 0.328547210988 294.09701833 23.8209147473
2.3715655495 0.750932929527 206.811392834 0.208296183316 299.790086246 18.6225641855
1.9091159098 0.999999855617 184.887092269 0.378734585566 305.353318702 26.5541449151
1.97617849862 0.817439870352 221.649343419 0.232408126549 339.497620087 27.2526037437
1.20161059991 0.70453245398 252.986505984 0.309877411619 344.796326706 14.6968898942
2.23751695505 0.999998556832 193.046316097 0.161109947459 358.764456503 30.0286808164
1.30012187682 0.999999634061 244.831634497 0.530475241895 273.703665143 46.6438373891
2.09680817709 0.999999607585 195.604009461 0.368762732197 303.406497529 14.5448610577
1.95418396465 0.999999476699 216.545121495 0.241984721015 339.938720701 69.206914788
1.2999002541 0.999999546601 209.627355489 0.32819518134 343.87198575 21.2518134579
1.63862231006 0.832347568124 231.007751278 0.172686445633 382.832925948 24.3677959643
1.81439905877 0.999999863639 200.486461336 0.461088973345 290.971166479 43.5274314172
1.92606549043 0.999999060179 225.553201184 0.243927190581 344.017386155 21.4448756609
1.63304039735 0.999999824321 207.512043693 0.311013952187 339.690856131 23.3824691947
2.1203249434 0.917405564501 221.560715382 0.407184534881 262.040476626 23.3115713218
2.0075977436 0.999999252667 204.763085918 0.232874863677 273.721108293 12.7713161496
2.39209127506 0.919271847565 193.41963909 0.325671553003 293.050899426 15.0033952779
1.99524488043 0.612941652107 209.240578547 0.231224351281 358.021994115 22.9025874944
2.0462508632 0.999999700482 192.411911042 0.217112727295 316.402042283 20.3382783182
2.229808721 0.999999741485 196.770590243 0.211216519753 300.817932982 22.4413339524
1.37730204464 0.999999849209 231.04335862 0.203736566987 404.89795998 26.5322901348
2.73788638427 0.677229537134 209.994825219 0.207320659023 303.383994158 25.1535907116
2.20757679359 0.999999793496 182.049592087 0.22397713727 303.416186503 20.3616297074
1.91363906943 0.963050556659 198.939031673 0.305548120267 294.111803435 23.3554080187
2.42004051798 0.840194216968 207.122134869 0.209143035941 367.241679519 20.1671080271
1.97110637257 0.999999774008 185.931484994 0.298526773717 274.981258081 41.5119446066
2.15394487246 0.999999529079 192.823542293 0.154414164075 390.884720698 16.0930540275
1.61071185278 0.919111082664 214.898367977 0.182090445573 390.10240989 15.5087118683
1.81164531154 0.999999476048 218.330573708 0.366526570639 318.276316439 36.2874261263
1.6310785389 0.767951539318 252.688845939 0.399292106715 288.710350695 22.9315364162
1.65093598792 0.818578096308 235.346972063 0.265181258929 306.321352005 14.8712762006
1.57017849278 0.999999035348 204.998497318 0.336481224025 337.105342757 22.3642419482
1.63484772386 0.999997687301 216.960600294 0.386899293729 310.054357654 108.112129596
2.05532251218 0.93643802973 201.251441836 0.231023977765 328.789330917 32.5055053018
1.59139608158 0.999999795407 220.897711984 0.32202346444 335.121724183 13.6107793555
1.63581658774 0.99999978443 219.513759269 0.302606687195 301.473597768 18.1792184992
1.500630048 0.999999811023 221.507837222 0.458842092742 330.996952563 15.9346133595
1.95597745778 0.999999487361 213.489054025 0.360511134805 284.699492828 31.026983264
1.54709596245 0.999999820286 222.037887033 0.444889385949 281.260799186 17.5262708581
1.3392620124 0.999999206417 221.886818205 0.509422114777 302.792919157 32.7811150951
1.35962855419 0.999999872953 212.883412556 0.313680594966 271.920617877 40.2954950769
1.52789108032 0.978741115688 222.47267341 0.358568904676 322.461329174 23.7773597019
2.18264361029 0.999998209531 196.49459346 0.266189340012 314.88033287 17.9181460262
1.88558391678 0.999999743952 215.018397884 0.385699199967 296.076126332 28.9859217378
1.96482728976 0.817781510069 214.106338903 0.332861170997 281.089613082 27.3051265743
1.73498685418 0.99999982063 186.913517645 0.342488323919 321.822792447 43.2364268088
1.24528247158 0.999998535547 226.799410285 0.417793379275 357.329167574 25.3787867535
1.85198041347 0.999999741235 206.847284896 0.365766311942 292.220952985 15.9883918278
2.35372241697 0.80312028506 202.445190493 0.348145204264 291.519893151 33.3151880695
7.82371873953 0.191872261852 211.185291962 0.0327631397841 394.021509343 106.332148883
1.36273162754 0.99999984541 219.050392834 0.414016989936 316.030676139 55.0065588198
2.4206200766 0.672566354072 233.605988864 0.265915976443 330.092982404 51.6444098482
1.81254394827 0.999999888497 224.972182244 0.40147577882 304.235943145 20.9149625571
2.64781334081 0.530200227672 227.214594954 0.21691576981 315.706733191 17.7860463826
1.30555568023 0.999999814488 220.896939787 0.325917188831 316.261832364 14.1421600498
1.50010487365 0.999999655495 222.425968256 0.305506796157 334.662194025 12.1505788181
1.25372648929 0.999978604693 236.516289458 0.370926118792 317.448348442 37.2243935747
1.60527487969 0.734048768296 232.188848427 0.31882201907 294.75211912 28.9360255575
2.04884564314 0.999999699864 217.141925849 0.372005315705 292.037291235 18.789700885
1.93226478151 0.999999781264 191.017990869 0.192501509113 320.402656586 32.7659919108
1.68505828735 0.888078221603 215.86338589 0.395874137091 316.662491348 35.6730514617
1.8226052112 0.65147277636 244.875534697 0.196486848884 360.73685651 16.8188943701
1.38998882404 0.999999587058 227.44065138 0.25854037792 345.622886904 49.1245792261
2.17810116609 0.999999435726 198.187749453 0.32325750899 293.806944305 25.1044690441
2.13671633165 0.861807824162 224.049975297 0.343041450272 275.302626536 34.6885362639
2.33550994655 0.99999980937 196.413358714 0.3018117361 284.994769826 34.878306009
1.61397847864 0.999999621773 196.104560294 0.271594663557 340.626379743 18.4772503723
2.06126026248 0.999999856949 199.218293611 0.301065516601 301.15578548 28.0675992237
1.78542363116 0.782480689795 221.694928797 0.306152164048 286.088873933 15.6365550365
1.62719382413 0.877535478003 219.291274405 0.352294172956 311.839164823 21.5053549148
1.93096949541 0.999999926563 195.65995413 0.352221548057 249.943245155 13.6646034085
1.40670518012 0.937431970274 231.839089336 0.421569269361 298.373880551 16.1781689521
3.759022843 0.384816302679 219.111899598 0.0887111455283 331.749546238 45.9780117336
1.69883021539 0.999935682505 195.734060492 0.308472906655 327.931199264 30.6694465577
1.32333264902 0.999999254578 227.218213175 0.2150963115 318.986168132 35.750077769
1.2442292141 0.999999647455 228.678066643 0.312624701167 350.872516518 21.9682475291
1.68303558312 0.867096616407 201.856667152 0.336857676316 290.841550842 32.1117150466
1.37724232574 0.999999698856 231.376435031 0.326111592029 342.174433556 40.5353333599
1.90619847684 0.999999345399 178.76969794 0.253563953139 308.988307804 20.1332874231
1.5561589406 0.898618117601 238.439955723 0.388306243348 298.797703565 27.9476687911
1.77339944396 0.999999830149 199.0333977 0.221653436842 337.411133473 28.1156033513
1.41495932748 0.999999860303 220.383929677 0.368352551393 330.800396866 28.7047287601
2.03929922948 0.648078986423 216.462013059 0.141542931075 357.025371427 37.9102006665
1.59444189518 0.99999797154 228.981859251 0.231645108887 366.832380092 27.7643409096
1.77628342035 0.75725294204 228.798379802 0.196513269035 370.140908633 21.0178029798
1.64884632614 0.999999433063 218.720902703 0.269336245398 337.825210442 20.8255563247
1.74594748659 0.999998909692 215.725309117 0.342053629637 313.119961674 26.9703930489
2.03180299807 0.999999781238 197.21608724 0.316179595862 285.858222987 19.4907693436
2.60299705679 0.528847168161 208.411021035 0.0882696536706 390.481648037 26.2565114503
2.11979034326 0.892913879658 184.559843992 0.26994830592 319.44242323 12.4874774289
1.39592553627 0.999999860775 235.17352633 0.311678941587 322.046108186 21.9395593895
1.66047745553 0.999999806922 224.186643732 0.485087989865 281.598662802 33.4972052929
1.66655897971 0.999999044707 222.552059741 0.219189328684 329.675268751 18.3664545218
1.61665699161 0.93231808011 200.903122589 0.352426178417 309.313874028 31.811862247
1.87421393405 0.99999984074 202.970136652 0.201846051548 354.436832481 39.1126414925
2.7171413175 0.836942039683 200.638653028 0.177476878408 324.283007848 41.381909141
1.77193439921 0.999999461466 222.067598601 0.342518153357 323.368925002 26.2068254737
3.28421497775 0.596740425159 195.810136441 0.11569538114 366.308862575 14.3860307222
2.12763066609 0.999969821226 188.894515974 0.238304551345 335.86717647 12.0946961583
1.70736815241 0.932096470827 194.130902792 0.293764141577 309.904233574 23.4225517919
1.59316205783 0.999999392527 212.825810294 0.311518729979 305.882337472 88.7377047174
2.18551242104 0.999999871202 192.940801764 0.484655376755 230.850489589 23.691812796
1.73693522343 0.991552630476 189.918896391 0.313975869352 304.603943175 34.3728870146
1.65401726204 0.823695010774 217.646696239 0.182580347705 377.253734755 13.4360883225
1.05680683649 0.999999703245 251.434381048 0.363494873568 339.890387206 40.4258125457
2.39971845173 0.79307509654 222.031446127 0.293611898884 288.820229364 35.2261699458
2.20168777654 0.999999551925 194.319441263 0.302464507365 273.327847018 25.0809935777
1.67862641565 0.999999583718 202.151262763 0.300786832999 318.276382615 23.1463843606
1.80819890172 0.999999451099 216.738793758 0.196603553378 334.700786212 26.9468342008
1.78710931609 0.877207766994 218.921183923 0.243198774456 336.131693434 28.4389391388
1.73931340441 0.999999645224 219.088485224 0.291278335458 316.425167611 25.204651479
1.5659661512 0.99999969455 231.156219634 0.428998594175 288.641611282 22.1963204397
1.89282152729 0.940431796053 197.998818825 0.158616491487 300.189790998 26.3544115002
1.50845352875 0.971887116638 217.146794979 0.343314073119 306.083655653 30.615944558
1.46930136391 0.999999893725 227.632318771 0.284144781985 353.452102776 25.9278188703
1.42953640037 0.784465262879 221.666745759 0.223608757899 352.271132144 72.7092986067
1.43505480832 0.999999774093 209.745826413 0.334576651039 345.597457817 15.9980443568
1.3929236875 0.999999628991 208.795310114 0.296988865302 333.978966919 26.1174878232
2.02980467989 0.999999779135 199.422130135 0.147035830688 365.309678876 11.3031888746
2.1061938249 0.999999905663 196.049619053 0.272579474088 286.33876343 16.0677682528
1.79341443363 0.999998373366 195.911045165 0.392810824726 322.966330951 10.6033708913
2.00368961978 0.999999303687 193.515717033 0.186862619843 283.13448739 46.8028102084
2.4117631614 0.688721952902 218.540931985 0.20691274565 315.029936338 33.0375957652
1.64285478554 0.913002355399 215.177358804 0.229700414695 378.328389209 29.3127189812
2.02571839858 0.954706635078 207.863090426 0.416511869848 272.323013901 21.0680084789
1.36103697201 0.999999778473 220.309177386 0.530131337904 273.151019962 20.4429918688
2.15861504227 0.999999824422 193.378481727 0.21403236196 298.889802985 26.0586631659
1.94376706397 0.986390295853 193.536215566 0.233995999098 338.989238212 30.5752817936
1.81481025208 0.99999990488 217.215345135 0.310556039116 326.646933776 18.6328961828
1.54446154754 0.999999491416 198.162834812 0.373240793357 320.395976003 15.5345244816
1.76262272555 0.999999398027 197.810143785 0.3939967602 313.468105057 37.9989169417
1.60896604373 0.967971125244 217.438154157 0.33906816626 300.924204108 23.1327727335
1.66940899993 0.999999922181 215.963282199 0.442734161247 289.810019211 13.2462516213
2.088595219 0.99999982587 207.487146022 0.311429097775 293.641599915 13.2576318455
1.23847254674 0.918100399891 229.875773478 0.548246096705 316.757513189 20.9756797239
2.09598512435 0.999999405666 207.152657986 0.265459089798 311.331044886 22.3768797149
1.50213880779 0.999999187236 227.768867482 0.490697158774 271.496172426 36.1408107299
2.09977295551 0.999999834234 193.05539309 0.185578653444 372.777868759 19.9638215485
1.9974052301 0.679367641977 221.126619376 0.213066513074 293.092823785 55.4303865382
1.54339463987 0.999999877753 219.248468002 0.317841227197 341.138789964 45.4894614418
2.28823431314 0.999999420963 207.500591133 0.282067709432 306.375076815 60.0500911178
2.04594313713 0.999999696974 193.392683135 0.329603253066 282.020375914 20.3237800704
1.81838226698 0.999999846715 207.430954405 0.533373558926 262.465004463 20.8834659698
2.11866212907 0.974685976134 203.772182549 0.276547946589 320.125575502 30.2368305924
2.48387471702 0.960680686722 191.718332836 0.291837294944 276.198831314 20.8942411021
1.80118211457 0.999999672624 200.832413376 0.37026064205 273.448960181 22.5703322404
1.67135254525 0.999999832718 201.09554111 0.197302947836 353.293103001 24.0992734089
2.08359233755 0.999999637072 203.83256619 0.302998103109 296.152107705 8.41307889214
1.58069000111 0.999999545088 249.708990734 0.325443711876 373.083862824 24.365953882
1.92485796191 0.784750216957 224.474340552 0.266119843265 339.17925596 20.3972680795
1.77184372174 0.879712211379 223.161695212 0.361392768743 271.974423498 10.9772406876
1.66911622856 0.999999706627 209.790789073 0.263816845558 349.492425321 13.8142617687
1.79721152405 0.999999638181 208.797165705 0.270276328608 313.450276603 68.1242172394
1.88825454162 0.999998795607 193.853022618 0.506303095089 278.601854907 31.9193661484
3.07099407015 0.468307905835 180.878144097 0.154107862372 338.031179826 52.1640344877
2.40578259536 0.671218505741 198.812250362 0.177035236457 311.337808491 18.2678836994
1.46401855639 0.955870085464 232.760874246 0.23902118326 398.117478328 82.3560015097
1.56558771502 0.999999809004 242.141760863 0.353461118319 307.667214931 26.281587573
1.60559797124 0.999999115406 217.677026073 0.265150706296 347.500306575 25.0310971486
1.60509668334 0.827004334288 225.559274438 0.359825414557 318.132214077 51.1377291612
1.63376928097 0.999999778364 194.455139275 0.287899493132 302.794323553 26.2771944755
2.38448368273 0.999999852778 190.388276239 0.288152252713 304.148528817 20.6281358944
1.99679534019 0.999999655754 198.979111346 0.365957209649 310.296425049 42.858248858
1.79116083077 0.999999066492 200.708110162 0.369418303144 303.588741237 25.7028255491
1.73805086434 0.999999805239 227.061730302 0.294230527696 334.942584392 38.9714938332
2.37254944579 0.999999316725 187.258870579 0.124745309525 388.147226128 37.0958511848
1.66602116547 0.999999792353 233.99629584 0.324830066239 319.979024073 23.9462827341
2.12955805212 0.683878900971 236.236264949 0.25282606177 360.503477205 67.5449367929
1.49758468959 0.978000018746 235.905145988 0.450402092282 299.525776176 19.4821092504
2.7005948644 0.488908643314 228.493703063 0.222419267736 317.450068659 20.7692502379
1.87320891576 0.992996602516 196.956853094 0.274997084247 342.808178335 15.5603445297
1.80925624482 0.999999659046 196.773957595 0.357813734543 306.169026213 34.7669855865
1.5306776846 0.999999354978 201.871116635 0.389430516539 326.155641614 24.1265373648
2.6193959779 0.99999985227 183.90093072 0.366433905011 277.730858336 34.1167463438
1.73590994357 0.999999879802 205.628513219 0.262510397928 348.969098923 15.4775076999
1.85929514007 0.999998946585 212.357792603 0.352586296034 307.265206289 10.2057364887
1.60444304509 0.999999693302 227.212296513 0.356501879025 291.275523662 15.9477367072
1.95943321568 0.999999856536 201.945924415 0.184931531501 349.106214856 50.669523647
2.34127251475 0.999999390433 188.286307958 0.28653530883 265.894704515 12.8486190157
2.14842948987 0.999999707901 196.512342932 0.270651869568 309.156814873 41.8607146607
1.91041080733 0.862152129174 193.470443861 0.343039583928 315.224409375 27.3075642096
2.31831318587 0.684264733352 195.300017727 0.262842269568 311.523572797 19.8966491787
2.29666234364 0.999999860875 192.140023905 0.268961111924 304.443942002 18.7629633751
1.60796644888 0.999999578148 208.242649698 0.190984668346 313.768661489 42.1971552023
1.3944708388 0.924099557957 249.469134181 0.25730820783 399.243946903 38.2040646963
1.6257570512 0.999999402737 232.140250738 0.38140013648 295.071137776 18.1414461664
1.67868851042 0.999999851387 213.726154049 0.380693938395 279.634421626 39.7171858794
1.82580051078 0.999999882267 203.878922127 0.307109289547 318.325191692 13.358058915
2.84090226343 0.727886391371 188.519249834 0.185170099533 306.38278022 18.8415655635
1.53467561992 0.999999791807 230.829195979 0.353458856421 278.193385435 23.9841602822
1.52958980482 0.991572825672 204.004430978 0.34985511838 318.856140924 49.9336823175
1.87085480441 0.999999442501 213.19773857 0.204229037095 323.881831236 24.8381601102
1.73873780374 0.824931997151 207.078060029 0.284766808531 331.928423473 18.3150521736
2.16362650574 0.99999989345 193.675624918 0.26683512154 304.797699772 15.1274229816
2.12014454881 0.999999905707 212.767013141 0.282039187263 320.074903876 30.479672103
2.50756861941 0.999999804867 188.540348329 0.232672451929 311.309451712 21.2292341384
2.61843579041 0.999999310754 181.427195886 0.18749289034 278.816222377 30.3667504807
2.08614623909 0.999999870389 200.272810868 0.270900588035 285.656781097 24.2965290654
1.56538415563 0.999999794778 208.686235086 0.32755985887 325.36990436 35.7169922761
1.85046172829 0.904590318333 206.465850267 0.275962331593 345.413883205 18.3725640561
2.0914917076 0.740133491404 225.143908834 0.251424723254 325.882394136 31.945639222
1.65475369518 0.99999611268 200.176226383 0.249245581165 352.441803556 32.50610757
1.63883622784 0.935642701905 218.369154401 0.337631935473 334.660756074 24.307206299
2.24056372899 0.999996052938 180.719325181 0.264794083991 306.674520153 21.4861732624
2.20613779467 0.851092298178 214.512540038 0.130199083072 380.095110143 54.6258665741
1.1726334348 0.953525990682 217.934174518 0.302819092692 347.095409706 45.4413283577
1.96637368055 0.763749091222 191.289974999 0.193915526157 397.780634044 38.5249061817
1.3275417321 0.996141555807 212.242248524 0.222308235728 381.025618661 41.6172257253
1.59882033168 0.999999881135 196.545837904 0.249368691977 288.133984893 25.1771738997
2.44453954856 0.691709027096 202.165300546 0.200053038964 342.375461535 42.700006654
1.58132082428 0.999999542036 231.423491408 0.322183649281 352.459949886 25.21072295
0.945038336475 0.999997842284 254.068486721 0.524744098392 320.593954338 12.0324848811
2.00281661256 0.999999124803 185.671735057 0.384596492672 289.020820646 46.8295579035
1.76830870502 0.999999475568 211.111639681 0.246884703231 391.058869879 30.7428002516
2.00907276371 0.831076619583 208.196568287 0.187618837888 342.323703856 20.8771365722
1.94590343838 0.999999573494 204.591922443 0.275551122302 311.417771661 22.3311416405
1.9949169261 0.999999855047 202.007364189 0.264147253459 284.705264679 15.2166318361
1.47471118095 0.999999823288 222.6198764 0.276670609999 315.795551602 14.6238918635
1.65947490194 0.674518759988 233.516843229 0.252080761311 350.815036778 17.1742849533
1.70929239096 0.958982329846 208.464276493 0.31307958591 313.040733404 12.9558564062
1.93600905862 0.999999891662 209.257198931 0.321478272706 309.621977537 29.6638074078
1.40928399506 0.999999917667 215.538454237 0.464108817203 278.137394144 18.617591681
2.00425333552 0.999999824718 194.696697736 0.192279342331 321.16304823 16.2760469136
1.77298336013 0.701149768945 219.188915081 0.312795954087 318.943966637 18.9247919092
2.42447981691 0.646407442913 237.41770311 0.180906438804 330.597536728 69.8666511565
1.64837638539 0.9999989908 227.590665157 0.2488553908 374.245454076 49.7845548124
1.36213044177 0.999999372902 216.443054082 0.351292565109 340.920383623 20.3111256256
2.78682977251 0.596425871449 182.751360949 0.195534626311 285.772893126 25.7632958105
2.0157368108 0.883470732681 202.351117019 0.298274740999 277.580032845 52.3907774656
2.01103872444 0.717027492442 233.782662553 0.251638928003 335.90567766 59.2964756058
2.18290581722 0.999997316482 183.859788923 0.181815021598 329.431765338 15.6151665205
1.39482693728 0.999999853555 213.15848694 0.310532128993 319.216489292 40.9383689863
1.36673994899 0.999999814004 226.138953218 0.433806286293 340.991756027 24.4201139871
1.5296671374 0.999999668984 205.8828697 0.4070576242 306.1977695 42.6607706928
2.80656129448 0.539399221998 224.467787282 0.144593854465 348.52332319 9.60941512105
1.73575397944 0.999999155775 225.498181087 0.189060025767 369.723513413 29.2299236903
1.69517734294 0.999999562527 200.018779166 0.217821603626 307.287640128 21.1571947452
1.74093025551 0.999999735099 213.714905799 0.327886242369 292.680723181 14.7794156349
2.08071314622 0.999999688902 215.120893402 0.298367523031 259.091968793 12.7661724872
1.5974696288 0.999999881979 232.226056012 0.397000332397 306.919034747 16.1004370513
1.60036257024 0.999999550175 199.857683261 0.257030941023 355.595128694 65.3284646488
1.57355559138 0.99999976575 222.420754601 0.521847587401 255.162394359 23.989441771
1.75912835965 0.999999510669 210.614616104 0.273451656918 298.445139331 23.5965597904
1.60621871914 0.999998442711 201.453079714 0.366610066805 333.031954118 16.5390088055
1.57023913872 0.999999823869 203.37025415 0.41454592707 304.366854927 34.1171001825
1.80055723109 0.999998491959 205.653798581 0.262893851354 334.51449865 16.7359334859
1.8211479047 0.999999808705 199.500858713 0.340113183345 323.289815406 23.5391335091
1.36974137033 0.999999352995 214.580002312 0.25578048145 355.370759525 31.3488214508
1.91461493326 0.999999564909 220.599939949 0.446375661566 277.968974032 12.256578474
1.28862496229 0.999999766381 236.172621005 0.312966102623 376.852198021 15.1667171863
