"D" "g01" "sigma1" "g02" "sigma2"
1.93220051625 0.999999777622 200.527068988 0.237059492214 314.160586404
2.53534856443 0.735184537949 200.73217209 0.145767254793 359.771269706
1.53130439995 0.973726466113 227.953040708 0.417252675316 314.169911548
2.21423277491 0.904344905621 209.19846946 0.271248613403 340.615869006
1.70218004136 0.859982860642 239.357098656 0.254593932415 320.162925414
1.73035141771 0.999999888183 224.795003444 0.348032769246 274.465369806
1.46970987602 0.905232769393 256.151911392 0.281288557214 297.664823902
2.34365655771 0.755126872316 226.09618546 0.187780058916 348.972066065
1.05788252602 0.999999668005 230.373617282 0.250740164767 354.480759005
1.7379035322 0.827810740622 211.798418186 0.18923163884 340.699995681
2.2048229964 0.999999665278 188.894318437 0.281699964239 319.720288443
1.75986267226 0.937216899124 208.188088493 0.265061933189 344.603593365
1.54046391199 0.947517704963 208.894160251 0.300272294232 351.250657644
2.00633149539 0.999908133961 188.320248786 0.366968671148 305.535666557
2.36094573336 0.566508890753 235.965541547 0.170746347839 359.828944811
1.56320186795 0.999999720666 225.447170049 0.297383282637 301.821150782
1.93708545315 0.999999793994 203.31591843 0.240528898508 359.610375644
1.70005487465 0.897183185494 188.063446752 0.236841437895 307.678908846
1.46820220426 0.975114131589 231.870908848 0.331048359251 351.812342244
1.64282339399 0.999999783328 181.196606828 0.277433253249 307.565796849
2.11573923936 0.999999803436 207.851278113 0.150012382758 361.374729745
1.63080183802 0.830150488295 250.345149786 0.403958515187 295.893840554
2.89082500715 0.56120797033 204.333145168 0.210641519262 318.409323835
1.63046065538 0.999999798841 222.961873407 0.213641623458 342.793915579
1.28215750794 0.960344298521 198.678457749 0.283522193681 363.171554509
1.88211790042 0.755346749348 207.760760313 0.227481040057 360.859518717
1.51862739606 0.901165708658 203.47698213 0.39401388259 310.33852327
1.95911935563 0.752506949697 221.95370397 0.297540484466 285.37333839
2.06813013937 0.817424902389 212.864710824 0.232044508227 329.569995814
1.92229834273 0.999999814207 201.158863191 0.313957010833 282.736599082
1.07433394958 0.999999679034 245.266775856 0.365536814834 316.129129807
2.05986163682 0.671655242082 238.974960862 0.223375071601 357.86700038
1.7073780112 0.999999710199 190.43500933 0.201922819481 317.781943981
2.22073808231 0.82287049266 189.028455656 0.195418955351 307.558168734
1.73548236337 0.999999900319 224.370751854 0.249270635205 329.145889912
1.72033605694 0.978953396481 204.325197398 0.431975410961 274.139396993
1.33116889178 0.999999674001 252.22638865 0.540664374717 290.644255376
1.8511400468 0.9999998711 196.722952558 0.248372270652 375.63247861
1.79547903767 0.779637986104 205.118350099 0.267837186877 320.43739261
1.14365056314 0.999998503088 249.565259225 0.202413912004 375.702711463
2.54642236741 0.828445144257 193.255188421 0.246072784901 298.499188907
1.32677946407 0.888075117113 222.44417298 0.267563250872 336.002233566
1.50271649013 0.999999888151 231.109492397 0.19460812686 389.140853802
1.59061223637 0.999999868433 224.329396082 0.282304610056 345.582697028
1.86427874804 0.999999217199 210.700720302 0.241519698266 324.752903858
1.27637301284 0.999999838372 220.704227005 0.272695450283 369.027786191
1.91504820335 0.919381307196 228.494762053 0.342254971121 312.091832083
2.35810121429 0.406715953282 256.690362515 0.225969442459 359.354540331
1.31388814828 0.999999636072 230.984787937 0.284686494003 355.95405268
1.60077629485 0.999999833512 206.873470286 0.295433782639 333.987493453
1.43752229564 0.999999822494 228.35478294 0.221549896104 322.834022648
1.69398931549 0.999999804844 232.412735149 0.422720123488 300.868542604
1.39100314045 0.959839474357 240.646650519 0.33821833689 323.865535965
1.4058513631 0.999995435796 233.618154299 0.318751963263 313.490307215
2.07355243531 0.999999804381 196.069330932 0.20810834917 353.52079757
1.96306516043 0.999997432315 203.606682273 0.211910626148 343.770631743
2.33155896812 0.975810528738 208.597124119 0.221854951505 331.334227758
1.90145360568 0.657008864565 220.026471576 0.224533670543 334.145381709
1.68700876602 0.881892022651 198.017096165 0.236370054345 345.255772272
2.07799423224 0.937693798041 213.376967207 0.21930679028 333.983761431
2.27351524829 0.993104364935 173.870644267 0.345617102588 291.850795744
1.57197881379 0.830865896552 242.703261228 0.268021080652 337.783633629
1.8293676407 0.999998611693 203.884620696 0.33132448712 283.738048643
2.45777087571 0.999999901125 203.177417168 0.234253679787 309.672394251
1.9711971555 0.80174078108 229.825110065 0.212397365655 338.704907833
1.62087983036 0.999998621269 210.411529766 0.250614938722 317.728642673
1.3385819897 0.89295621719 233.865183112 0.321163598642 331.8015644
2.3518159975 0.883404086975 182.437014036 0.206340765895 303.798882909
1.70382213338 0.9103948006 202.197510018 0.373297365816 327.747797621
1.60105591562 0.558797478091 249.556337939 0.360021326002 299.211334764
1.87384154304 0.962525142886 227.14325908 0.244469311923 311.084410015
1.6516480017 0.999999870595 219.422703338 0.31688654123 315.354261779
1.96348284298 0.84894205986 219.342370212 0.205280838229 356.076367953
1.29886748579 0.92694742807 214.458102539 0.41755663979 306.222768207
2.90277870629 0.694384562055 204.31859816 0.212408500532 295.025472076
1.65110878858 0.999998755591 211.547384053 0.231120143402 397.774902563
1.99077291874 0.99999985717 215.542387028 0.368103973869 276.463148181
2.27666524522 0.88005034648 201.889467811 0.158532672734 369.444567213
1.72217278216 0.960865806045 229.091343601 0.317087801059 328.73384497
1.82281914007 0.999999745412 212.589334866 0.246754280543 314.825311838
2.03405265409 0.999999876642 208.058910641 0.34761134357 314.937308168
2.28815036363 0.999999750203 212.772373196 0.202797566424 354.376850974
2.15211821142 0.93514378673 186.563477896 0.234909003806 326.088500879
1.79131969813 0.999999214946 210.528698611 0.423888496845 309.010863005
1.85707216827 0.999994028336 208.706434103 0.377410276552 260.365564509
1.45992728462 0.856177973524 254.897797916 0.207245259873 393.392742519
1.44185154372 0.999999185384 232.69160647 0.27805186902 320.525753317
1.25939186857 0.922315004374 232.714207573 0.415805211327 294.835246132
1.7909302874 0.999995908996 208.287508836 0.297534085071 287.695486095
2.9075013841 0.745411377331 215.615670847 0.261218754453 265.585265904
1.35899788645 0.933582966288 234.082611033 0.214841986814 377.147242269
3.14312844085 0.548601495906 213.320392326 0.143424559591 350.819550964
1.30354207428 0.959406984297 229.296209722 0.436362390706 315.034008944
2.22285396201 0.940938403331 204.321796356 0.248278162684 311.568998614
2.45991985115 0.575082586904 232.936799226 0.214243450064 328.071825739
1.46353322239 0.999999774379 213.509788139 0.241676153891 378.042766111
2.35880874833 0.765939258622 204.635864929 0.205449986647 352.169531017
1.89746564017 0.862896294185 224.332511989 0.312307796355 305.411767001
1.43814941622 0.867712690493 203.62697438 0.245964239228 364.852676301
1.46585429905 0.991819279588 232.097873852 0.327987875365 344.715650807
1.36503211512 0.999999705122 192.448642609 0.319808416632 317.584739554
1.59412587575 0.999999897108 184.79768413 0.353928099148 322.67693563
1.74466194269 0.950165061846 219.808877287 0.301404235176 325.94467344
1.23857906709 0.945837100576 236.506480921 0.344011483529 310.36419433
2.34441041025 0.999999844895 185.884699014 0.204872111686 325.451719181
2.28783677003 0.582533761496 216.646891873 0.250435901988 293.78972196
1.80911738368 0.999999697624 198.827025545 0.301361778579 313.772804015
1.68392205735 0.967117046881 213.032202441 0.258357038918 325.500910882
1.65197038826 0.77329821087 222.148613134 0.268114350803 338.069811371
1.69453188703 0.999999810118 216.178285193 0.447316438289 283.665762294
1.58933323169 0.727808440001 225.96369125 0.233173517723 359.495335706
2.55898300883 0.605715513383 213.694727692 0.138682251169 354.685213378
1.21803267472 0.999999708155 247.453197786 0.435317623126 301.751288485
1.42408344006 0.99999979247 210.188820796 0.263894494771 324.169481109
1.75458096385 0.999999700252 192.214729525 0.2193679472 334.015674364
1.45635680182 0.999999824508 205.3907769 0.444448105297 283.313875522
1.57821816726 0.999998323522 214.128139857 0.260455982424 285.967851334
2.00946849715 0.931210459975 228.928337665 0.228972461647 332.453627249
1.76149664854 0.92413075907 217.146328653 0.308062626878 325.148525799
1.96441318212 0.999998680145 198.666133895 0.176344335409 371.018677509
2.17110417977 0.706835645846 229.824976794 0.211034809141 318.110168808
2.46815929916 0.765310611424 217.436474104 0.2814743141 291.259496788
1.40923324121 0.989565715836 224.313031816 0.330158457087 335.871376857
1.70993360582 0.999999407752 204.121168759 0.261742227885 336.262403934
2.08809512459 0.792689791476 204.520745115 0.244530536858 293.629791055
2.70431497751 0.553688767728 219.318683777 0.184117772449 300.114025562
1.54384630635 0.985523189518 233.889404886 0.371513046924 336.487095528
1.57136962331 0.826458293933 228.883714545 0.225521855453 341.053258727
1.18377236347 0.950331849054 221.631365807 0.565622068658 300.543234637
1.90065051475 0.880733053201 219.529192528 0.206841308663 353.564409038
2.14244977315 0.871327485052 223.182756412 0.283139361323 323.034719554
1.86751465958 0.999999650041 214.61838367 0.279730375373 313.429419538
1.32613511283 0.783737193952 247.75754654 0.37097272083 323.154274007
1.86707984628 0.861415443153 192.95915546 0.151613098903 396.679680363
2.29550484176 0.999999799153 193.813625213 0.168603926106 362.322697976
1.91560903251 0.999998259222 195.671170183 0.14390900345 356.498246264
1.53683678561 0.86879320096 232.482911614 0.229173548951 310.342680122
1.79064545414 0.999999705873 218.869349987 0.359983101758 301.466588493
1.44232148447 0.997530373937 199.768447417 0.27213870071 311.14441439
1.50655496411 0.999996975341 227.944068552 0.348732582792 316.730329498
2.65008550104 0.657563763069 222.619758773 0.154260163026 373.941566623
2.06931544122 0.720462626313 231.173994268 0.197177074063 340.330703186
1.72942847265 0.999999907997 206.414469851 0.225866062845 376.223512916
1.57945667101 0.892986720789 220.661961199 0.316807896102 319.55940997
1.8800364765 0.857533274835 204.251440241 0.337512059008 311.626723598
2.07215492543 0.678278386564 216.034418571 0.255848113389 309.32612907
1.40309619479 0.939008770322 231.464558259 0.302073022334 321.149408303
1.70177666958 0.889787575373 220.863660381 0.312887175443 335.802401772
1.43268781283 0.779522518616 266.825612417 0.288009383118 339.8385172
2.14219869066 0.76360529412 221.297455026 0.245432077634 326.073810555
1.70657924459 0.869709397384 218.24334909 0.362482737079 327.682845412
1.46006947643 0.88987787977 206.495030164 0.30246952801 327.275911269
1.70580126135 0.999999747209 218.376412438 0.354859241207 297.566185107
2.24965073237 0.830979455215 209.116718927 0.353520362865 288.301491009
1.8856392392 0.999999824398 180.679041662 0.259131548918 338.219822064
1.40166978579 0.996786192257 223.97818498 0.357605254725 337.606091921
1.81413520317 0.960573695443 225.336206722 0.347824010626 318.821257799
2.29281223452 0.768330236621 217.861221112 0.216524470259 304.879790363
1.68528948019 0.793321231451 231.5499199 0.224842523617 335.643755543
1.72208117766 0.999994997039 216.03975461 0.267763086919 338.000823532
1.68978137594 0.676117989705 259.861724555 0.369364940119 311.639434867
1.75769510613 0.770288715722 207.811758707 0.34432632256 312.03285295
2.22687325802 0.861594003716 204.18380133 0.330540100819 285.642388027
2.30551932545 0.999998724319 210.81494093 0.247916221992 289.232692365
1.73721332875 0.932665549684 197.065200575 0.280123613914 347.113160334
1.68214667196 0.685845592803 237.636996524 0.141680436039 356.987425858
1.4823455019 0.971156072055 215.802236439 0.628751054819 263.762570696
1.72082404437 0.993937537039 185.305026657 0.322399181902 301.736273324
1.82201298493 0.983406937492 215.91260156 0.454576451201 297.809637773
0.932077653948 0.999999726921 226.757056581 0.177457646172 428.258625177
2.04181304642 0.898020243275 197.785043496 0.147844689916 355.885140409
2.03857435932 0.921165101025 181.632020571 0.195655198023 352.224074988
1.63010751564 0.999999873903 208.978125863 0.246913435835 381.272469626
1.69797179095 0.968424340443 205.185837315 0.331361820262 336.405334017
1.54395782825 0.90819500032 209.710789824 0.387425609105 321.213072424
1.00009416304 0.999999615253 239.168373249 0.402904665147 361.75991079
1.61279681832 0.999999761855 228.882264091 0.269864874161 346.816864263
2.88912415103 0.69045282185 199.825405737 0.203389629463 308.427927637
1.81350383044 0.756462574693 225.261940548 0.29600738964 388.674026144
1.85855394408 0.782468275872 216.762740629 0.219547932035 286.63072517
2.21368775533 0.905443003499 191.126958253 0.256658138898 334.293968483
2.08042894023 0.999999847197 184.824571939 0.247550824942 337.458635689
2.59305192318 0.899371758163 176.712391914 0.220662851472 316.157403912
1.91702184682 0.731368254224 218.199061204 0.280676652672 290.802989471
1.9843794552 0.999999246346 207.661814537 0.420915426428 301.063682314
1.95956285642 0.802287269283 219.285989857 0.350053398292 265.519119591
1.99287155667 0.950223412229 199.486948071 0.287247134937 246.594187474
1.76539986518 0.999999594857 209.779708641 0.329533440654 315.284736362
1.49358019841 0.997082233257 214.835311264 0.369138746926 306.288867858
1.91910771719 0.884855431879 204.425930224 0.35920902255 284.120043767
1.9762413983 0.999999848747 198.555421823 0.313045982422 325.632955763
1.51996584763 0.83579953032 229.887739543 0.393848759024 334.563140588
1.96091347049 0.999999184317 196.976322572 0.333689690584 326.753972346
2.16316180524 0.678868994059 229.701120894 0.187919713531 334.219340137
1.34642624827 0.999999095984 223.691740036 0.334125730824 302.144941958
2.3087831591 0.690726721348 213.122117512 0.211914789749 295.433752287
1.57902375619 0.914083143868 219.817267856 0.258708631147 323.988994805
2.21497031827 0.999999776253 193.666601099 0.186057114179 328.915976927
2.28883236808 0.756434417225 215.918143942 0.298749830913 318.821684795
1.98961036535 0.996252372629 192.95735634 0.26303300501 292.474890848
1.42581641493 0.999999835836 232.741768861 0.275396764462 346.887103101
2.2129969135 0.999999818074 196.588234868 0.16375823441 343.66735923
2.11275715256 0.999998836698 171.660869592 0.300566316388 308.012143562
1.49521746651 0.999999885718 249.989698503 0.257762100467 373.239935331
1.39048660364 0.999999381518 220.159760412 0.21896394476 421.18050311
1.40006013449 0.999999855748 226.415897325 0.380215032565 298.41900542
2.00046976206 0.606001075022 211.86655277 0.203722054386 347.297607369
1.76258052598 0.603323848146 233.380782323 0.206477128446 361.684029472
2.15373504586 0.961587652899 203.643849805 0.247807704602 282.937303078
1.88528354039 0.692101817699 244.79135517 0.414649709857 283.771044755
1.35560840886 0.861061492874 231.340740671 0.298897718896 329.280269149
2.05606768833 0.629482163095 216.5798889 0.389166152453 235.572710934
1.6824762028 0.999999642734 213.145934497 0.406451221203 296.80866842
1.79339134099 0.770017206938 209.377993431 0.305606061996 319.214268982
2.17719786089 0.999999458142 204.67028077 0.31518713633 273.603469088
1.79634774278 0.952962137333 207.784838926 0.299939415804 308.102075282
1.86853917339 0.765855206159 213.919348618 0.193622147755 374.371190135
1.73282714289 0.999999780351 216.306681806 0.346394843748 317.925833941
1.6801357805 0.886074401401 194.159755172 0.356344052448 298.736534774
2.56313444913 0.688088439374 218.637721008 0.17970992272 330.705163133
1.80029719465 0.999999660962 212.150086574 0.24077840965 330.624527261
1.59522013932 0.936489889665 206.192166232 0.27123410155 337.551041368
1.63492797078 0.999999482759 209.315222574 0.315659826114 329.039601651
2.0011554358 0.909409400881 201.831201285 0.300030421877 290.549760783
1.29669648352 0.794727045036 236.578696873 0.23972370212 378.689089042
1.73883880072 0.912074920854 218.809861324 0.253259971414 321.180348767
1.77371563548 0.84699520746 206.926308243 0.258907892937 333.751852612
2.38530158958 0.999999849559 181.111356345 0.230131914354 334.485332914
1.87327597323 0.970291217232 215.536034654 0.322073309894 314.856670907
2.41580399574 0.79637990532 211.190696425 0.281425672681 319.650772727
1.57059262818 0.999993082088 222.095744747 0.242229602398 339.694278688
1.4736707854 0.999999542474 205.142719827 0.27586500437 336.167373092
1.70319769399 0.999999849713 213.859331396 0.397609909762 279.937455772
1.6639502276 0.999998943479 195.510946163 0.189534762185 354.06397839
1.91079145284 0.880247025133 203.252930412 0.139199004552 362.536906652
1.68023989167 0.999999873843 203.377736822 0.275309968341 320.77805271
2.1163489905 0.999999452292 187.310475295 0.189000420812 340.3559325
1.89933499484 0.999999109411 208.983597463 0.297600300279 312.075072864
1.69897846902 0.933186241923 200.4795884 0.226255486591 351.223311035
1.39334576099 0.999997392411 220.401543476 0.366175194524 331.723773773
1.79019525315 0.928417204585 212.098953992 0.344997135467 343.368550005
2.39493313514 0.999999722733 194.008563993 0.153290707133 348.328147856
1.45768199178 0.999999863409 228.672425832 0.354843017783 320.418931571
2.07802237084 0.999999837409 212.490026944 0.227374880805 336.577516268
1.65450724787 0.999999733177 217.11106907 0.575364409318 260.6795649
2.03533122023 0.999997599306 202.694733775 0.22567704175 291.022923995
1.57601313666 0.927556750385 215.212658473 0.0992906239913 483.488125516
1.21638046302 0.999998945274 238.917670273 0.402344032434 337.720396954
2.23160662172 0.999999247706 203.911613407 0.188093583439 364.557187121
2.86563203722 0.710470212174 197.82358096 0.133884503537 334.055240889
2.0889287855 0.920798153577 204.474299133 0.302333806736 300.868431167
2.38706928668 0.695561602867 212.715192784 0.18376001348 317.498633452
1.95203159747 0.999999850789 181.61842162 0.358453136939 310.353602238
2.0434106407 0.767824205347 223.773925955 0.216937952294 345.118270217
1.28806431632 0.521368879538 280.787555441 0.279345126367 347.877947912
2.22238235037 0.999996736613 193.886154689 0.163607956716 357.1531378
1.27105990178 0.999999086713 248.756485996 0.533407977575 274.264162989
2.09864921552 0.919315394892 202.216787825 0.343749481034 313.172080437
1.94282640531 0.999998988618 216.71120921 0.233418104841 346.937853322
1.27075303058 0.999995905425 212.913327447 0.336410838092 342.964440305
1.7564599275 0.747303171124 233.943974365 0.15512545085 389.78018227
1.77362728393 0.999999839655 203.721854871 0.465202984446 292.067585804
1.96622220727 0.928981249702 230.01304304 0.222893317436 355.61330664
1.65395921403 0.999999762042 205.614686776 0.301083715471 342.92385951
2.1724934629 0.815835776515 230.610425001 0.382472375065 265.011407334
1.96574482803 0.948518709286 211.046512706 0.199630474581 296.936918169
2.5438190554 0.794949912253 199.977696351 0.30782342667 291.563610163
2.14115065122 0.530013149417 214.567358213 0.199107432456 372.045106201
1.99412675261 0.999999507591 195.384823131 0.221916813356 316.507687603
2.20751548152 0.999999326956 196.936938385 0.195755715906 313.9530204
1.37594172167 0.99999984442 231.350157211 0.204471612427 404.005860161
2.83671958701 0.611927425802 215.934909982 0.191408366498 309.558521688
2.1052897925 0.999999621754 186.267624711 0.21817974009 314.333341662
1.98948086894 0.865855254108 204.40684868 0.288238525419 296.179125858
2.52578740145 0.786917137648 207.794382911 0.188581647957 378.571662537
1.98254080375 0.999999744685 185.227561311 0.294067477015 276.126776692
2.15208385557 0.973758152167 195.098445023 0.148698586486 398.259552651
1.74932497377 0.831561767359 215.015134548 0.161457260771 397.369469702
1.79309680992 0.999210413727 218.267019965 0.342757996883 330.448294366
1.69924036508 0.703807752441 257.702241726 0.384456952488 286.549245249
1.6706103112 0.76257125674 239.497346304 0.219538479798 334.258777404
1.59098435537 0.94150312864 208.958531242 0.325071826128 340.177719731
1.62512963087 0.989931450346 218.291016649 0.379957392324 313.62844833
2.15345712928 0.859563572784 203.402656073 0.206199847151 339.64352251
1.56695222353 0.999999585011 221.208036352 0.298679031642 350.437086717
1.61048633873 0.999999732597 219.526217353 0.26849095998 322.024510778
1.41023002165 0.999991633364 228.881201991 0.450657790577 343.308947591
1.89605759426 0.988955622653 218.376582822 0.360363420417 288.288200745
1.51691261219 0.999999603468 224.181199712 0.42913881864 287.873710026
1.33437873528 0.987762254661 223.926396252 0.506755532378 303.340802228
1.34186924905 0.999999870716 214.3555091 0.307592796697 275.4905724
1.61240394925 0.847111102017 230.665400142 0.337508629185 322.350635651
2.29566562981 0.89184451909 201.544190662 0.250166720497 316.028730336
1.88096765386 0.999999518507 214.519493796 0.368953773284 302.771938412
2.02749908529 0.745805217542 219.236935817 0.30778108042 286.574249677
1.70295270663 0.999999805009 189.109330483 0.345340219634 323.110820363
1.28397374954 0.91640433379 231.816329686 0.405373736963 356.623323802
1.852438547 0.999998767418 205.618741875 0.335805788594 304.034995611
2.40873759827 0.785815698303 201.800240866 0.339589007278 291.553220904
7.95813139831 0.187938496071 211.520705423 0.0321173456114 394.584952368
1.37545205225 0.999999845568 217.513360981 0.404994926745 317.996416597
2.47518839314 0.633933658155 237.130222547 0.255429411924 332.624905542
1.79463960359 0.99999986557 225.703022942 0.385055061344 311.211125287
2.82878170332 0.467700162884 232.627323207 0.19774859281 319.264750491
1.28442111391 0.999999717783 222.104806715 0.311462527352 325.622154188
1.43807469821 0.999999043605 229.351845604 0.326471380144 328.900153815
1.27304222164 0.917706823344 242.570472829 0.335635376729 329.895577392
1.65354594461 0.65679161741 240.391947907 0.297939623495 299.174490056
2.07546266839 0.999999381603 214.205059512 0.339389647211 303.303676146
1.88218752251 0.999999746322 193.247689615 0.185405300096 330.408813323
1.73444895668 0.838931722347 217.360947205 0.375112060217 320.134617461
1.97789939982 0.587733789168 245.773920863 0.174778794544 366.656119899
1.39550064837 0.999999548483 227.093898054 0.260053000682 343.916986977
2.20496522707 0.999996738066 196.752769884 0.318238831747 294.201577689
2.15568720652 0.820360931698 228.0643096 0.332615767643 277.439216788
2.33390937687 0.999999774096 195.826991658 0.288965361799 291.296482712
1.62827034078 0.999999346942 194.511400946 0.259293891626 346.929145573
2.01277995937 0.999999824435 201.59711936 0.29588859158 306.80903513
1.86647388656 0.679491506265 231.534284671 0.29239437344 284.734493752
1.65885463144 0.818289115384 223.600768222 0.331001873285 317.57329934
1.81419946288 0.999999925336 198.855131353 0.288582632086 284.72602613
1.40605318499 0.827468033075 247.165760633 0.418157277799 295.875267586
3.84754574867 0.374979402159 219.378848078 0.0889277925527 327.443963535
1.8014677472 0.897985123664 198.485102181 0.283770769036 331.619125711
1.31411601045 0.999999174077 228.625387745 0.224604929236 312.944694321
1.25010288787 0.999999408983 227.581936268 0.301885598476 355.901848952
1.71710215491 0.806486244692 205.415223946 0.310499144354 299.44188953
1.39149891054 0.999999617604 229.806478655 0.319525190213 343.824059971
1.87984214861 0.980759111115 181.09225037 0.243472614979 317.500779097
1.58589911758 0.858164949744 240.138209447 0.361346184006 306.004431137
1.75533441116 0.999999819125 199.152763129 0.206769264204 351.020142385
1.40542843474 0.999999818469 220.695213464 0.354330784163 337.625445576
2.14634506834 0.61535387509 215.158836777 0.12074892712 376.473386822
1.64070221853 0.956593117121 230.279048779 0.227189374194 365.016734506
1.89407026174 0.657851776804 235.736221754 0.174190220023 380.210710622
1.61356263906 0.999997248163 221.887623821 0.27394523264 337.480511094
1.7309144007 0.979136671411 218.768781487 0.335532011572 316.754428909
1.93869376108 0.999999507031 201.549071908 0.299821685107 299.342820523
2.83741627971 0.449283481958 215.678389697 0.0785401349913 396.367529623
2.10260109323 0.809878610438 193.908232448 0.260253698412 325.829152425
1.42277443715 0.999999858631 231.277336463 0.280140714766 335.994937154
1.63969298694 0.999999742454 225.605925682 0.476523865937 285.199468846
1.64486151366 0.901776883748 234.705356164 0.199016231081 346.264136104
1.62555077732 0.889569645045 204.603514246 0.344493936025 311.387367611
1.88728871975 0.999999832593 201.924915743 0.195872075337 358.421559734
2.80326135083 0.792956848077 202.335757126 0.16883324125 327.021599589
1.75624883525 0.987115494484 224.494057205 0.336861374849 326.65425944
3.45953901082 0.541750678051 199.534920939 0.10689137282 371.126982184
2.40293623888 0.751704662263 202.256637436 0.21101948898 334.988386739
1.7714602174 0.896281044225 192.977739721 0.271150065996 316.277997634
1.57613882501 0.999999230929 214.298869176 0.314912351648 305.577995504
2.1041809406 0.999999832534 197.341540719 0.478236232134 235.144170122
1.73807618298 0.94489854788 192.965503794 0.290611507304 316.102835215
1.91194306498 0.652596515903 224.765682796 0.152283516137 383.336505316
1.04789257827 0.999999553668 251.787195121 0.351497010497 347.029090167
2.46180585362 0.735913110348 225.364351739 0.255968489081 304.667226517
2.18743262947 0.999999143308 194.932076654 0.299414994682 275.304931591
1.6604130515 0.999999259907 203.541452381 0.302976562718 318.563798203
1.78282403285 0.99999872886 218.526859481 0.198111250297 335.266339863
1.86011993031 0.800375233026 223.600769884 0.23185224451 336.912010829
1.6893523247 0.999998837263 222.121905343 0.284019414471 324.575674291
1.55433753646 0.99999927536 232.327190641 0.430547355295 288.773571004
2.08591131035 0.762665204367 208.434586989 0.147058919742 295.582363606
1.5700185152 0.867157606389 223.339610166 0.317327290893 310.92555422
1.45446791833 0.999999890526 227.993555961 0.269559488202 364.32526443
1.44740163188 0.756044241719 223.787811021 0.216595738221 355.600770094
1.43928102214 0.999999731176 210.144036137 0.339761423522 341.878408417
1.29801422943 0.999998906353 217.161082467 0.302089420469 342.013724039
1.97658251433 0.999999754007 200.46607062 0.123032924543 404.669684987
2.15670725723 0.999999900633 191.63909304 0.234018247601 305.467255384
1.9537232443 0.763267845479 211.146311075 0.361947891377 320.994940549
1.96852713574 0.999998817865 195.444492303 0.188668849949 283.841093471
2.50628058307 0.641525382787 221.034842306 0.191384856117 320.98116862
1.71072512267 0.855006507159 214.926485164 0.191785379214 405.540156383
2.12144801726 0.832723615201 214.422805127 0.371097808358 280.502037745
1.33379818856 0.999999587593 220.292921066 0.493689973011 286.441012053
2.16542455078 0.999999805079 192.23152996 0.197781421593 310.289955115
1.95579576978 0.945711309541 196.733336821 0.229778612025 340.672525927
1.82663426607 0.999999903308 215.242483676 0.289328290688 337.205084077
1.54044766387 0.999998554603 199.224120716 0.385802733769 315.547477405
1.71860128906 0.97264534881 201.549725561 0.369619089992 327.351242306
1.65138743791 0.86371731921 224.451748211 0.303128338918 313.426315052
1.67190959965 0.999999916842 213.936787277 0.39841533534 304.229992383
2.13045241448 0.999999742009 203.802820411 0.280889154447 306.056394916
1.25186507272 0.871463273877 233.605579803 0.529820644744 319.36045877
2.0920539745 0.976397907396 209.310276422 0.254780854082 317.4829118
1.4550285421 0.961297647447 234.188747633 0.452639711826 286.062527449
2.11919800042 0.999999807792 191.155186234 0.17076515874 386.823116232
2.03582408154 0.642559992852 224.294422606 0.198171523669 300.662245563
1.52775766482 0.999999873258 219.520316012 0.304738068074 350.132208603
2.26819272808 0.999999001385 208.668464198 0.284743121619 306.040066391
1.95964681704 0.999999014784 198.079448407 0.325791858271 288.494158313
1.87423940812 0.999999830161 204.233724457 0.524489019368 260.215119278
2.07599537005 0.952978533062 207.204693244 0.26035740537 332.948221694
2.46326239961 0.927773231647 195.543345491 0.282494869327 281.094181318
1.76955194942 0.99999949852 203.315105673 0.373887364107 273.55999629
1.70180516901 0.999999811586 198.142957357 0.179357707085 367.139359172
2.12433620139 0.891786469478 211.074452139 0.262401171451 314.101538914
1.56734937251 0.98606174273 252.611222674 0.32262150266 375.493932722
2.03429021961 0.711194917681 226.854093589 0.235044507681 350.803719979
1.8089485021 0.761470154183 234.868844803 0.321107960838 283.580567213
1.56103094895 0.999961275238 217.400283061 0.263644515828 360.505021388
1.7703879418 0.999999530246 210.795062337 0.274803953396 312.823845293
1.91256798732 0.918946611901 199.74112011 0.487372328631 280.869834951
3.15077627877 0.439802109745 183.905424909 0.150170910321 338.005046221
2.5165314721 0.589825872534 206.276587763 0.164006554667 315.906107268
1.4692139394 0.924365715229 235.844268711 0.234901573466 400.701832506
1.55335111995 0.999999699594 242.227634172 0.332378041686 317.856766807
1.59558998236 0.999998157292 218.733929574 0.269528137717 345.545757816
1.59626286633 0.800562776191 228.776281413 0.341311425167 327.006288397
1.61671057097 0.999999758022 195.333410841 0.282756125712 306.826255705
2.37099965772 0.999999822361 190.447436398 0.276688851942 310.881114384
1.97102059118 0.999999469177 200.64799112 0.369552102688 310.559961582
1.83496668971 0.963893996765 200.117162147 0.340020548598 312.247981796
1.69445494302 0.999999737385 229.550193831 0.283543761294 344.970953734
2.41382410726 0.999998852894 185.434816152 0.121413335867 390.034871185
1.62377665758 0.999999653285 237.501849766 0.324750513633 323.076347526
2.14808834609 0.66695010258 237.155396457 0.239405245828 368.790811729
1.51717577945 0.895675031494 240.82002762 0.388811036023 319.143808025
2.78599478487 0.422485161129 240.445958127 0.199906080335 328.713077939
1.99126373723 0.794678978083 210.757442678 0.246859915133 350.010542319
1.77832198966 0.999999246462 197.96309567 0.346682457996 313.470738009
1.52739622616 0.983966403198 204.296869855 0.395867220953 323.423613453
2.51721717914 0.999999804965 188.321164056 0.369455893245 281.232070415
1.74819097531 0.999999872717 203.972833406 0.248920572526 357.159532351
1.83281714805 0.85017771725 232.533928804 0.354933382106 304.638699354
1.57389766775 0.990132713371 230.110388836 0.34181477251 299.363359638
1.96025528032 0.99999985224 201.911606881 0.184275466453 349.505275608
2.35108966185 0.936942216604 193.531351085 0.271589798356 271.100054345
2.17740624975 0.999999646923 194.788851014 0.263490748195 311.232651394
1.98586905809 0.820928183443 192.102797527 0.309125586259 325.496283403
2.44537050609 0.634791208945 195.744860016 0.23699905487 319.034471696
2.33405171857 0.999999842288 188.77710173 0.237450505542 321.366795982
1.48769896957 0.999999230939 216.983116959 0.191493647302 324.172253544
1.36849310772 0.88978662624 256.315510848 0.250748783048 407.27859883
1.62253441238 0.906352586299 243.457671221 0.363748842313 299.314831528
1.63536240105 0.999999822094 216.887832081 0.376609522887 283.739175068
1.85995054913 0.999999846199 199.738739693 0.268080653126 337.233288798
3.04292099296 0.664156246392 189.154466951 0.161286584551 316.908467651
1.48402287126 0.999999703882 235.28833432 0.351972628648 281.949909318
1.55675617397 0.947867834074 206.144769889 0.341887178157 319.368597716
1.86034004868 0.999999199294 213.969132888 0.205753797469 323.32920063
1.83406250187 0.677038511307 219.740071243 0.251706512541 342.600871006
2.05596006886 0.999999884329 198.671521753 0.261517306902 315.157545617
2.06840986006 0.999999894789 215.130107751 0.274413509995 328.117413295
2.40007404506 0.999999652092 193.228603103 0.234330400001 316.057055568
2.53434974673 0.988265460971 185.213224511 0.179362043194 289.166005484
2.10549179203 0.999999863746 198.597595191 0.255226860327 292.781933038
1.55922063039 0.999999769676 209.121893891 0.325760542317 326.666224698
1.99851374338 0.810573825763 207.087249992 0.240417616612 355.656750093
2.17136115754 0.683485167476 229.130937519 0.24163187729 325.631066941
1.72524008968 0.946156865163 200.155375546 0.231613808659 357.901397016
1.70858335813 0.859821324956 220.014087676 0.297490502194 348.670065605
2.35202433085 0.911605222135 183.633114392 0.248544532632 308.270254947
2.27004500197 0.821436259827 214.964500328 0.12703984189 379.274956388
1.16995848565 0.919812868224 221.015438797 0.287512408975 356.282131392
1.9126333739 0.748337835899 196.169334703 0.19694672329 400.098210925
1.36890844216 0.962974051397 212.037000118 0.215724688863 380.707296254
1.61022472578 0.999999881976 195.374269732 0.238268365743 293.433222858
2.55475951505 0.631182226531 206.106051944 0.188557997202 344.577738298
1.59229783803 0.999998282625 230.159932117 0.312468254596 356.298837638
0.958992107947 0.84977105613 268.657457122 0.449879621753 339.641321206
2.00268621131 0.989028953698 186.062740752 0.373899528488 293.018138441
1.75616996501 0.999997684316 211.383920843 0.240025159146 397.861275938
1.95712326345 0.742371653791 222.980730445 0.183245873919 349.479375494
1.82989772779 0.943671465996 217.111796985 0.267765392366 323.936023908
1.96351587767 0.999999838123 203.340043479 0.255111715866 291.497212401
1.39695897072 0.999999592123 228.87468289 0.269576903704 327.283413259
1.78314674693 0.601881593904 236.118841334 0.220730438136 360.92618163
1.67585095801 0.865362928148 219.982542651 0.28874280465 327.876107097
1.89463684741 0.999999879734 211.809026328 0.319425512513 313.192392204
1.40378019764 0.999999916368 214.619778211 0.433628903726 287.875235177
1.96777927841 0.999999812277 196.980344739 0.197062761548 319.53449577
1.81261738952 0.599013174908 232.480604664 0.289785848627 326.676977827
2.47496236838 0.620789715797 239.470002604 0.176982857575 330.515056369
1.61472490934 0.999996734553 230.117836832 0.249962164829 377.082520764
1.38930727478 0.983478901522 214.722061793 0.334075485627 346.282845749
2.90043740137 0.547448343856 186.607887331 0.192023508492 282.369743633
2.03698421464 0.861220800647 202.903073592 0.279449435787 284.919954074
2.04962898875 0.679542837368 237.397905112 0.24584789493 336.120854766
2.31238292958 0.880677040295 188.606520696 0.158539970183 342.497554492
1.39052710457 0.999999845407 213.375243964 0.305457466575 321.96096771
1.35578074323 0.999999756134 226.321791477 0.416444270027 348.772767972
1.51403504178 0.999999460716 206.990207737 0.401459409712 309.334940367
3.17923884996 0.42579508879 236.154225109 0.132454489318 341.262353729
1.76293634691 0.999995329297 222.429254745 0.168510650598 388.354522546
1.64467898744 0.999998864939 203.502629953 0.220204633181 309.390631872
1.64817570703 0.999999119905 220.499377915 0.330409226782 298.083322185
1.98921705774 0.980815717437 221.820113198 0.274295809998 273.607401124
1.55527339341 0.999999854742 233.39076821 0.359958977551 326.270676854
1.59359508922 0.999999264426 199.383338543 0.244831392421 365.244165162
1.54550460763 0.999999624197 224.206510419 0.494162474044 262.824716339
1.79840101144 0.999999319995 208.586534723 0.274400520122 294.060264471
1.6758205601 0.873350469798 208.681275402 0.339876615166 337.660146195
1.57713195836 0.999999769854 202.037094881 0.397851284487 309.81467447
1.84433461281 0.914296614928 211.06982702 0.244786802757 341.926681802
1.82594963039 0.999999710617 198.456340261 0.325982279491 329.582165526
1.34363063453 0.982133014318 216.613589788 0.227886550037 380.043600952
1.82555849326 0.890448390485 236.513885345 0.39879336329 298.942451696
1.27129220484 0.999999671234 237.273286435 0.30259043164 385.38061556
