"D" "g01" "sigma1" "g02" "sigma2" "alpha"
2.06013018311 0.99999983131 192.250481034 0.213937475832 321.944716556 6.47738381141
2.46281286476 0.803522162958 195.744856782 0.158115065493 350.75642702 9.9753386183
1.78201390311 0.999999712513 206.599511957 0.377658196806 306.05062963 10.6248827297
2.28454019591 0.920491930184 194.00421136 0.385069606465 264.697436105 11.1926425973
1.49265906857 0.972411555007 228.164132137 0.375058945655 295.295613357 7.46035863621
1.59877284189 0.943300058586 197.19909402 0.451006154054 295.863364596 10.3622950352
2.08278685965 0.99999985394 201.170111042 0.194118237322 359.716212769 6.15189543652
1.71980946706 0.841205218688 221.525896619 0.24537978081 324.103563403 9.16109787585
2.18795260243 0.676378982237 223.990827203 0.288153759027 301.503536557 20.3059808643
1.74250726626 0.999999917434 198.688572168 0.577756634242 279.345783274 7.78638134941
2.02623026135 0.732611733386 217.249753469 0.250829777155 353.915239702 16.6543658087
1.97767461296 0.99999970639 185.428859205 0.203589652836 338.36272799 5.66138166156
1.60853090292 0.68138766432 225.96368422 0.226381301251 407.123248182 12.8479724493
1.61846499536 0.999999709996 227.365433439 0.369080169626 294.686264618 7.44013058221
1.99042232696 0.999999886489 191.191383284 0.350247644129 288.291796877 7.39112069958
3.04512697835 0.700922569735 212.429956102 0.214756629951 282.461289974 6.9689046611
1.92779663899 0.999999267968 196.275678355 0.239449273574 381.306342286 12.4691350661
1.93537801896 0.999989966126 188.839617918 0.23046330521 322.087873124 9.32812365005
3.14447880512 0.43397812484 249.457569352 0.0925918260156 369.966407747 22.5534240834
1.69443854503 0.999999840032 212.372403614 0.381077230807 283.974916834 6.78966164259
1.99157115244 0.854962877719 216.657945211 0.264238937658 335.143317464 12.5457692125
2.46272765514 0.830913561955 201.811195903 0.223720040546 307.954977946 10.5868354709
1.41643791141 0.999999508785 217.174639395 0.267742261063 336.343178548 3.91506100624
1.4179576846 0.999999745821 232.698257074 0.261141971342 321.322472168 7.29805179395
1.61016592837 0.999999777952 219.764211858 0.310749233878 352.541068477 15.5217760985
1.73692185079 0.999999061689 202.2640449 0.236448983698 341.94892735 12.6645600747
1.57589431504 0.935556302665 223.341077517 0.280600373843 360.789130422 6.30344688702
1.60275064331 0.779485874825 230.798008024 0.341338555912 306.513934755 10.9156833506
1.41279882238 0.999999744494 205.511301333 0.29531301959 364.949410578 9.23000138024
1.79325433947 0.99999984167 197.282037353 0.346752198476 298.114391422 19.4784650102
1.88613158425 0.750179252554 254.402494453 0.336088347117 322.309464121 11.6776251949
1.83693940059 0.999999686047 208.659142618 0.325630841794 340.794895069 13.3895499804
1.56911819649 0.999999770828 214.065062127 0.446302966487 280.236105441 6.61695064951
1.14734676759 0.99999886766 229.200939662 0.199564175538 407.324114035 12.7601646301
1.53974392125 0.997564950758 220.110911217 0.373039221476 295.21470209 14.3226628312
1.33786245415 0.999999840205 221.784848725 0.38301736922 337.695761814 13.5779985862
1.38940391969 0.999999850221 222.565533148 0.157129855814 399.972116957 11.1290857106
1.58892434765 0.999999754967 231.199252557 0.400476177018 295.398735085 5.42509263621
2.325699483 0.999999506372 197.7401902 0.175201167013 319.27457147 15.3829731759
1.56652261718 0.999998855437 219.145033129 0.383697529748 317.241318481 6.34057729101
2.04212994848 0.969368052149 214.577477626 0.274615759505 341.108133954 16.2225301564
1.99847470794 0.999999714976 198.582282807 0.240141354572 315.408760121 14.4927155603
1.81121446174 0.989581913082 212.010716786 0.421737189852 277.073141584 13.4292226014
2.47493374683 0.999999763871 181.949024654 0.194884869117 297.493114032 8.93390407335
1.80992361654 0.9754568629 221.341675186 0.426604964968 292.050542672 7.16760638608
1.53959079374 0.999999161483 218.265383602 0.250121684312 334.008188423 9.57327862252
1.92557657597 0.999999841655 208.108710206 0.26370105507 289.328100707 13.6102438164
1.49597478294 0.937256540338 225.680053188 0.325183871826 328.825397084 15.8486839031
2.11807744122 0.999999856683 201.475279519 0.34198544882 282.073154411 14.1176327381
1.82697882378 0.999996735411 208.349780935 0.301546764867 316.387541401 7.92984785983
1.89373546289 0.916362701601 198.714956053 0.374162819737 278.898094159 11.8115834023
1.70305019531 0.999999702917 209.598322947 0.359368961543 326.329367003 10.8866853726
1.41119996244 0.846803468051 228.290625097 0.254485662097 358.186776806 7.30683030513
1.74519857454 0.986834694929 231.273255229 0.441992250568 302.170594563 10.0382520134
1.25925552763 0.99999967144 248.6483036 0.284647023435 340.887364872 12.5728763134
1.70271801103 0.999999708651 204.251672985 0.384189185043 295.867846569 12.3696206412
1.49002272742 0.999999612351 215.666550211 0.19961859895 372.758486394 6.12469833057
1.47198083722 0.651470192314 227.37819607 0.224534662245 366.536146325 9.21132789555
2.16682450871 0.646462027072 225.716667293 0.313314548183 290.152155702 7.73459805266
1.95710906925 0.846193690835 227.349742767 0.453929004215 257.183246822 8.39655128672
1.33817699699 0.824774552896 270.691101851 0.408740755187 350.390449147 7.90561996334
2.0814691637 0.999999619233 185.596013029 0.397239072336 231.510616616 7.83041385301
1.55001219637 0.999998756242 229.595654862 0.281521065731 307.611417611 4.05878970456
1.9101884019 0.999999701498 182.585826829 0.309975942245 292.914162933 11.5233829759
1.95175640649 0.999999362776 217.564497028 0.312346304089 301.776163362 9.8793059203
2.13532812543 0.920542622565 181.847988923 0.303582117187 289.099464775 7.55821202845
1.53139733117 0.885202848654 201.70126462 0.348060701158 302.775083249 6.15711369132
1.46838609605 0.905839182762 242.118762305 0.368268161557 313.047159177 8.968332394
2.05887923377 0.848746713365 218.815309517 0.231102772278 342.430909288 9.07695341757
1.35267549939 0.999999768239 226.693312718 0.23030994725 383.423664563 7.18320912937
1.7252536233 0.999999857905 199.98635179 0.308204005005 309.863800574 12.4392506315
1.8777416233 0.999996066306 200.080222568 0.296267143804 320.176778228 13.714117792
1.79791716515 0.627517929882 217.585690511 0.37267008809 228.605221231 18.0773393734
1.71092737755 0.999999748959 192.159769312 0.254854627745 335.987895558 9.12014015662
2.82935062601 0.887393021646 189.481055221 0.222742763201 328.893377005 7.65929785543
2.22577762332 0.852989097922 190.652128425 0.210646168313 291.534033553 16.1356293197
1.86140745595 0.999998652261 196.424599361 0.256097429956 317.724626191 8.2099138875
1.91584730302 0.999999816119 199.076885712 0.357072791917 284.215273286 13.3635684738
2.95309229292 0.42549814457 245.286182958 0.187940333925 312.346100744 8.64817392186
2.01423028257 0.999999601985 190.661645327 0.243149448525 301.56955502 7.16321995607
1.88810064805 0.982870298191 208.958426103 0.301997031093 295.785073773 11.1692161832
1.85126824981 0.801399358486 236.74991186 0.267449013747 346.131305432 6.1942385209
1.55611525332 0.807727001264 221.259087117 0.383141110223 305.94190827 16.0045128387
1.76550101205 0.929949875863 209.518479231 0.182669697506 371.676075966 14.0544730001
1.28914349751 0.999999883693 225.91719375 0.364466886413 316.912549231 10.5715113738
1.78302837495 0.999999496079 218.562257732 0.320544554585 301.943381026 7.94832810152
1.37507314979 0.93849508885 233.654631465 0.375151802187 299.39272934 6.6180445286
2.10659878985 0.759177962491 229.740102325 0.225863261108 327.090398204 14.8110098133
1.69412570084 0.892729226668 218.243332189 0.303067448133 314.983315894 8.30150658823
1.88826134728 0.999999623177 192.954576385 0.350765594587 297.062027143 9.30281774966
2.22266336447 0.942427280602 206.491368673 0.243391986325 303.01146011 45.0011022417
2.01806188427 0.999999887298 209.47458476 0.253635345735 305.186227769 9.82816202057
1.30420906297 0.999999609796 230.019146393 0.419124941455 283.48325464 11.5254360098
1.68411790069 0.982477596483 208.515616191 0.413810586278 257.822206019 8.15561678528
1.71507436031 0.738377629395 244.145853087 0.299856838506 294.351331014 10.2968025538
1.81000470723 0.999999683351 200.989353795 0.244875216549 323.686410022 11.113332626
2.29946885422 0.999999803856 197.622860318 0.158114309543 309.722576572 14.054142782
1.69844163178 0.999999904882 236.243494752 0.356830440767 285.592650955 8.92042244338
1.74572483691 0.999995518559 199.4515184 0.404340882423 276.791180072 9.61886168444
1.8309787353 0.999999632195 206.491248856 0.253973122727 336.020834819 9.70391029441
2.50442313554 0.999999788303 198.015361445 0.328166767409 288.810562262 10.9266996613
1.14935899687 0.999999729233 198.270520369 0.407046681941 330.498303573 8.3859977921
3.00111263063 0.999999873313 200.186770667 0.337820450068 268.220649044 14.3113570155
1.35700778947 0.999999843594 218.09214416 0.241897462064 380.286210337 13.3570943828
1.55345036279 0.900892621276 237.363724129 0.45798907193 296.439886883 7.06865279896
1.63860550684 0.999999255978 207.482266731 0.188867861054 365.741559179 5.69083698097
1.72809988541 0.999999503093 185.183211406 0.319195176235 339.400694664 8.16058243515
2.03700141754 0.999999809977 209.995257041 0.256488830614 330.57409503 9.36023966358
1.48679303313 0.999949323299 237.234957326 0.3769494704 349.407573439 11.9119896445
2.78718582658 0.999999763461 160.625842855 0.193807446776 315.435797924 8.00422901026
2.58097672678 0.866191847029 182.953162098 0.204424859984 316.392914089 14.8880624019
1.30118394948 0.800297584935 234.884605772 0.341785842905 321.893537509 8.21574890878
1.48429474267 0.999999762611 199.181913932 0.314544557681 354.401637452 8.29283580847
1.33002909797 0.999999437929 247.22652782 0.37391265269 319.331241369 19.7639243572
2.05720865898 0.88221201715 215.577833569 0.301639094921 287.548737864 9.35245909416
1.4429105577 0.999999063129 187.696423037 0.15462376481 367.951893099 21.3700568789
2.00197609601 0.619770771366 216.731307624 0.233919846904 303.199449885 12.2678898344
1.99557823599 0.871331805309 209.597455192 0.301228325132 312.922242825 9.1680187743
2.21344200191 0.999999608444 187.972766317 0.312035549724 299.222000172 14.6159498907
2.56554295031 0.75891605409 212.042019642 0.211053490292 325.984409679 9.16466840914
2.08117894585 0.99999980256 193.698375364 0.276134818879 319.431058798 12.5006357621
1.33477008335 0.879860777841 229.563719929 0.334500105739 349.128222186 9.50580235573
1.16690324625 0.999999895587 223.535520229 0.522943385678 285.441916574 9.27687828829
1.92716378966 0.999999866988 206.020650806 0.388889834165 295.241535851 16.7470295759
1.36520431071 0.865264458196 241.045150568 0.312094886502 326.80851468 14.5772637451
3.86767722849 0.344014072256 210.676632345 0.157307845624 306.262665116 17.8700483206
1.22494148713 0.999999437223 226.087796482 0.45991834796 317.40690067 5.54456550184
2.29436351584 0.999999685489 204.405713823 0.107037090459 426.047327946 5.61486776763
2.24786839698 0.743951877411 203.961263784 0.209250442069 339.214502998 9.75500715956
1.37915101561 0.999998108292 239.083184593 0.244561300741 376.9070282 11.7909611698
2.04475907872 0.999999407538 177.791539273 0.327577461456 288.506993734 7.19682574984
1.85752346837 0.591778203764 233.223287286 0.226544735556 325.762428583 10.2906121676
2.12220025997 0.999999211935 205.063017944 0.163992483927 382.992050898 8.53069256122
1.84388996849 0.999999852172 213.691633706 0.350125602423 312.956538719 9.83057111745
1.52375225215 0.99999985072 225.881610445 0.338533509476 314.513060112 7.01348507285
2.45800235166 0.999999795756 193.217703197 0.134088692784 318.389051316 14.090925848
2.1073589318 0.787914753745 189.044701518 0.352585488902 244.668748155 10.9556941242
1.98533720575 0.889166396813 207.242285354 0.372025345545 273.082078698 9.13496359839
1.83032956014 0.999999299571 219.494945955 0.243988322486 287.079940907 11.7484161588
1.3184717762 0.999998899369 226.209437085 0.336653856858 323.54473374 10.3253874202
2.37511177392 0.814273092818 198.385371112 0.283143305839 275.601820589 11.429783921
2.77072302324 0.657242599859 214.167601597 0.167715484834 281.210947741 12.5208770375
1.94957124888 0.612301609471 233.993893545 0.422073983934 235.408803195 14.6277690207
1.13706081772 0.950052685853 234.577903289 0.352274180429 308.756144024 10.4185978434
2.09248943728 0.63266118199 231.556639237 0.308234903567 302.435571859 18.9417130422
1.82634463108 0.999999310773 222.217919582 0.47300627216 268.954882453 7.27224594826
1.79601479799 0.812722375257 210.583704937 0.294618999037 279.501629837 13.0265995898
1.66921805267 0.999999300482 204.559015985 0.183393914759 338.251330571 16.9024086612
1.62682222138 0.999999750729 226.703972162 0.281633440609 347.948339623 7.55363472873
1.61149799616 0.895617092785 231.501837721 0.307827443773 298.311098918 9.25831666793
2.03722623215 0.999992308408 205.720607806 0.167069500861 314.618623318 15.8069498688
1.9281819863 0.826297445269 231.864677923 0.260725936484 291.097955997 22.8653328693
1.62221551747 0.999999642513 205.329660252 0.267399698408 302.187808826 10.3349065711
1.8777697286 0.900653509125 219.61826461 0.281437090684 332.895138279 15.5421772154
2.14254969877 0.999999630823 191.725360018 0.386039508672 258.978366022 12.5271804292
1.3093487794 0.99999986293 237.385719431 0.273295824792 368.915104131 10.9126773639
2.50492254716 0.999999256019 188.326911176 0.220004006132 309.363121299 7.14705139198
1.08994138714 0.999998673292 244.394391831 0.459378048496 340.622674381 6.0056177837
1.65494792315 0.555284286483 255.329390057 0.231407412424 347.224393319 23.826272289
1.53180288454 0.917319352614 239.378432378 0.235773901882 387.307248662 8.77384230421
3.18105483066 0.455927005706 222.520626364 0.210791371316 304.558556364 19.9357326818
1.46601742412 0.999999844065 223.387723401 0.309719469799 334.258035451 12.9051625106
1.57834823544 0.999999504691 222.374168496 0.451116698073 282.109320167 6.26291661971
1.81300741642 0.999999755319 209.222247655 0.183309190979 366.364228199 8.7662093044
1.38662341054 0.999999790132 204.386393573 0.38216858124 277.390313459 9.1421101747
1.9028102427 0.941065405354 210.125118814 0.203355233044 368.098620794 4.81113548102
2.77843288377 0.849652105145 187.026954592 0.257669011917 267.079586515 10.0454222493
1.62036101203 0.99999985547 214.70676227 0.256231823853 343.094930676 19.5593739243
1.53592336072 0.727025745541 245.134438262 0.388310616142 314.301158331 11.8547366528
1.87844518829 0.999999839809 222.264928164 0.248524811429 355.712911074 10.8458726403
2.18957549869 0.999999643993 191.605834738 0.200947482162 311.69351777 8.344466712
1.99547573465 0.999999680431 186.002518666 0.192638729961 347.196810875 20.3943692866
1.65112003514 0.999999721063 211.446267716 0.253709120082 338.031893098 8.47256219086
2.2571552738 0.692517994985 203.741252634 0.24154210166 320.773384662 13.0747794639
1.34402352026 0.999999843595 227.752495873 0.278952752868 362.511674767 6.64842914459
2.08781303357 0.999999810927 202.135840987 0.268229546529 281.522457845 10.8033453715
1.69842740427 0.999999803377 214.297795795 0.451989262228 276.302636389 8.71204291295
2.02729691923 0.790862359007 217.083768919 0.1535104516 378.476444829 6.77633689452
1.84880084575 0.999999609324 209.469342849 0.310898313249 315.885657416 6.81463255024
1.8258050849 0.999999821897 211.295995953 0.220885122943 331.377592801 25.1030456359
2.74475913109 0.910914405794 186.144912613 0.244337975819 296.768350306 11.0053180853
1.87222948256 0.49846012445 241.087161184 0.27656974908 333.126445174 36.6634623798
1.7897081761 0.999999697339 220.319277025 0.333408740399 317.055095788 12.0334224654
2.35767705914 0.9999997996 197.268756856 0.230108953588 315.289463403 21.4151897644
1.517207604 0.999999612197 243.032530947 0.303603455541 354.236260918 7.77272642381
2.71076654457 0.877234835608 178.248110337 0.34662044162 259.327874906 6.95004623102
1.25975784804 0.999999628947 243.295031826 0.40540945337 343.160013827 9.82770262463
1.45088570047 0.999999483894 222.610606438 0.359433910619 331.537745412 8.42384565585
1.89143399276 0.999999844863 185.835753275 0.292743076853 291.169553624 10.6452943019
1.35535567769 0.934268737423 233.940307306 0.43373087131 319.724946501 8.75777120068
1.58661848659 0.848532740431 236.265527307 0.363995932196 313.889049778 11.503103631
1.09549548322 0.999999583698 233.53815149 0.266013634351 411.55178635 11.8581310718
1.7115185269 0.920073349503 216.341104083 0.252771167642 292.50986113 16.2290150925
2.27494649785 0.999998251054 189.841224559 0.189770775444 354.465194408 8.81051808833
2.41308087956 0.704363499268 204.28843573 0.19265345153 379.59326552 25.1519078146
1.76763486626 0.999999375392 194.151564935 0.175454552165 392.60743505 7.46045864559
2.24552980654 0.999999897513 210.509836283 0.390138591219 275.874279122 13.9637153095
2.18108736627 0.627734321018 227.474240172 0.247463306055 344.088617156 9.14418831754
2.02617715939 0.999998659851 177.312635697 0.237498802217 321.561334058 10.3186970888
0.824839058167 0.999999802594 266.458418327 0.58458176387 278.000256294 8.62523826479
2.35530076553 0.961711525028 224.926635255 0.31588922462 317.561936752 9.27823485099
2.05840268719 0.999997342346 197.677946741 0.374932160669 267.581258485 9.21313082092
2.06101224975 0.999999710828 201.063738941 0.225291665019 321.33443774 12.6929769104
1.59533635746 0.999999707103 199.125798047 0.517928218335 288.450247952 7.05062683418
1.65697570664 0.999997714321 206.411922577 0.336163420867 306.620031462 11.5026407395
2.25901955475 0.999999789702 193.194474758 0.406834939705 281.211057394 10.0968749653
1.55353190312 0.999996299434 201.413302153 0.239031625963 314.769127012 19.6330774866
1.18562833995 0.999999632452 238.981884368 0.293367182624 328.755633938 6.38280536074
1.62383688718 0.831921137993 228.311105049 0.390057808547 308.638410902 6.00060084984
1.37143530976 0.996405214835 220.537683763 0.262873881637 352.38779208 12.0740429404
1.75258456636 0.999999175641 194.01643016 0.351692088993 304.542278648 13.8741571071
1.61995037384 0.999998927458 207.691467367 0.426176766468 250.298222646 9.744864313
2.25805899534 0.999998969959 179.743391435 0.163201792892 354.594016076 13.4704206347
1.91583487408 0.999999804837 201.247476758 0.148484443832 388.329085506 7.1922092045
1.10508173723 0.999999887789 266.446618106 0.330646145376 376.643786026 8.16771164913
1.84407311643 0.999999722789 205.032373513 0.181590689695 357.901044909 18.6731731536
1.92842165569 0.847865621953 206.950521002 0.272421326431 342.786078111 12.7309415198
1.39790113374 0.999999624402 217.145007972 0.306467063658 336.900491219 6.67484826259
2.3935953275 0.999998293572 191.333176216 0.212414883409 353.817120667 18.4658488948
2.37886748633 0.858792124647 215.86559052 0.465315533037 252.241581984 8.0839480801
2.72804274726 0.421946129815 231.061242965 0.143273337626 319.162123107 9.03696137536
1.63451940316 0.999999831713 219.414069904 0.421286894904 291.908694835 9.70035953315
1.85371296646 0.575280374931 255.226250113 0.194535430723 364.158798959 13.9143865937
1.14876788082 0.999995081226 228.324675189 0.295451304234 350.341602226 11.8228676641
1.47457146493 0.77242671361 247.56883901 0.4459726886 320.268837373 9.41600572929
2.15762374633 0.624290979527 218.246212695 0.109606798509 375.865810311 7.48491034816
1.45567249921 0.953672519252 244.115572632 0.419338231746 317.765501832 8.80943851858
1.4049085173 0.994499228199 224.312207593 0.186680805119 389.673968277 6.77421663963
1.96225952709 0.657604964222 231.644158525 0.270787298198 315.068180363 9.41214511289
1.99421385516 0.999999198345 198.192314363 0.194658777496 363.137134689 8.03009678594
1.9927099193 0.999999802134 196.452748369 0.226303656277 335.096819205 8.40520939769
2.02588891218 0.99999986592 193.637048034 0.248626720277 317.599045724 7.81262723926
1.56174129184 0.999999033796 214.883054445 0.403367299009 295.900241641 9.32927294717
1.92988614534 0.648131401959 215.356176885 0.236368081502 289.996029482 14.245771784
1.81529881682 0.999999817998 223.180067638 0.333499528291 310.537075138 11.9410478487
1.52172138779 0.999999800617 227.873010691 0.33631030244 317.26603749 10.8222817063
1.60101434887 0.999999868024 224.840315467 0.287520342795 309.57220146 9.7120152653
3.11072103076 0.639739707403 206.237756973 0.170012251884 300.267196905 46.1408600807
1.92783756736 0.999999633704 208.858348749 0.286091238121 278.248983555 7.57018853527
1.66891063191 0.708670440092 207.208962485 0.42316326384 324.350914967 14.7671228029
1.90161202895 0.869573100788 209.285608726 0.294976960254 276.971231059 10.3575435542
2.17828929894 0.999999649472 189.448729573 0.279864841466 323.623354302 10.8269950418
1.70741881189 0.966634902447 198.870398871 0.1946631657 353.17545754 7.54382329554
1.75195716823 0.999999882685 185.76672844 0.326540702314 282.423820217 8.49641842389
1.28015996137 0.999993384557 226.326010161 0.291272916931 353.722480521 6.32163122544
1.64695461158 0.999999863282 226.850416308 0.407091892353 302.836093729 12.47057884
1.69355115487 0.999999789876 187.912524567 0.29772557099 331.892215787 13.3225625493
2.03083660999 0.999999886748 210.591586717 0.441596107422 284.307644995 9.71383476973
1.82389397474 0.999998938141 174.348376221 0.243261488794 348.955229565 5.84386645913
1.85583075574 0.815848409681 228.301316995 0.430415634482 299.105914842 18.0872675769
1.38703043495 0.999999444507 204.355625995 0.316318517529 317.225127154 7.52534270274
1.68676049794 0.999999809054 204.667790708 0.346881897384 341.761492962 9.57422817991
2.05954297505 0.865973799813 207.903109803 0.344542581855 277.127761113 8.06862223511
1.9806449536 0.999999722339 205.427921455 0.33680355101 294.629178265 7.26035418036
1.21700818867 0.999999825889 215.308856915 0.364005888224 313.264346415 11.4820097984
2.17864481455 0.999999812553 195.489451116 0.220892783872 303.507369138 8.58340122016
1.4394321346 0.969249827045 241.939773036 0.428265415518 300.723139892 10.5714264361
1.71534521032 0.924870721463 226.567422443 0.235048771239 326.119893133 18.0649634745
1.5148393484 0.999999706918 199.292984475 0.211090355091 323.124221618 22.5787564248
1.55939086088 0.99999961402 208.917832839 0.319178071142 324.255257562 9.89622700798
1.68218596275 0.999999762474 201.577657186 0.24277251047 358.47563027 8.8113406802
1.85302010958 0.790063136938 207.069117145 0.256578517091 347.260721734 13.5204616987
1.57655216659 0.999997031217 215.753185374 0.236162715397 350.81202893 9.55656229749
1.8639074173 0.869061435948 220.730977948 0.203973683571 394.152711393 9.48247488776
2.03441882229 0.999999794805 187.77065124 0.235828814158 330.705915132 5.20259956823
1.97125827328 0.971170990462 214.000135374 0.305825266239 304.833907604 12.973534351
2.04731488984 0.999998915297 203.898705288 0.262538298559 348.331459164 7.57064468549
1.82163010787 0.999999428099 201.817348951 0.282793943301 343.45564207 8.92701509065
1.88369438381 0.999999727513 218.21459001 0.315413060902 327.104615773 6.85480909015
1.9330736678 0.845221694469 208.624724846 0.270527174062 335.744232366 15.1696549176
1.24496006282 0.99999988528 237.534658258 0.360091466638 351.349950834 7.01586380587
2.50486281161 0.607315419002 218.936756666 0.179126866033 347.583408023 13.0818798891
2.19200665952 0.99999845491 180.732905216 0.244079152396 304.305148583 13.0246249682
2.43738605965 0.999999713445 183.802452839 0.144147646246 336.569527364 13.2790614324
2.03152372702 0.886988064421 197.371724875 0.379824814675 292.214263449 8.81873398701
1.95800874958 0.709623827891 212.422893781 0.347996577892 278.810279492 18.0622953567
1.25754749392 0.88211236076 236.848577779 0.39612718955 340.757404304 16.0300007413
1.11022918081 0.999999530942 239.05807251 0.239629990227 378.632698198 5.7994509837
1.81162012058 0.999999900482 204.517614023 0.597197932119 266.513641984 10.5635791394
2.13055404985 0.999999737923 196.006438675 0.22353047798 332.606379067 8.12783291639
2.17721016216 0.702362287085 224.103495472 0.209340745126 354.364253963 31.2392260578
1.23939953856 0.953124480745 246.611501442 0.351113631449 343.834943106 6.39217802961
2.41567038595 0.999998996357 177.812430864 0.210552851017 354.143504708 14.3379865265
1.61003274601 0.999999836607 219.112373615 0.284042455582 316.34219161 15.3999793898
1.69896973712 0.794646918445 221.033392532 0.259386136885 328.953195146 18.2589754836
2.25032569801 0.888332274887 198.604459757 0.235985828347 323.646981422 31.9648582163
2.18093818005 0.999999518066 189.263427282 0.331997988936 277.513738903 11.4700012615
1.88039844251 0.999999313204 211.011757936 0.204134081382 328.284001548 9.62279629952
1.5790798058 0.999999821033 216.647411853 0.3452625575 321.909210315 6.35560985566
2.01164455649 0.899975949202 220.511830749 0.383727306806 310.632658935 11.1028217942
1.75756288412 0.999999831252 211.92967961 0.231019050125 359.10720857 8.26283991185
1.68838018011 0.912260677164 217.507135949 0.312713932629 320.199858252 7.55020785591
2.10640429543 0.640695965344 238.405104002 0.338886019099 293.537642969 14.2099261173
1.56429644238 0.953477157186 228.705862564 0.185213683893 425.94879112 19.2719528097
1.47699611985 0.999999886208 220.239987482 0.289671596852 374.350015817 15.4607790708
1.96063579261 0.96032776039 211.300045831 0.313981907858 311.531527616 12.1837800445
1.40700774365 0.887556524666 226.210332036 0.200519881115 404.331668968 5.89522822229
1.40894452216 0.833302697181 238.350946021 0.330378422582 331.942489709 10.7451576032
1.89514521298 0.97080025754 192.25401757 0.37739140081 292.85791214 6.70254046927
1.79526872257 0.999999745129 212.672860155 0.245548604595 328.012505949 10.1439832085
2.75921776538 0.313410571347 257.784316412 0.0850210744726 377.32666329 22.6936582305
1.51127200754 0.999999714334 239.291560048 0.494302106835 286.199203166 9.14645089999
1.46486293651 0.999999244226 179.787168483 0.360702625282 301.430271717 8.24084150865
1.78806882078 0.999999713902 200.934020019 0.389481238677 297.689751852 6.23535037594
2.49451934664 0.999999623207 192.521084771 0.22956587779 337.431754105 7.27293399666
1.30856007696 0.999999785336 206.346459747 0.321233113387 305.943380516 13.7366072893
1.84025565342 0.999999295187 187.32337466 0.259984578821 299.764984559 6.99307386088
1.58441467168 0.999999679385 208.320721216 0.336362090172 308.010826897 9.4268576286
1.78711471732 0.821505405139 229.521096593 0.24595760524 307.280451603 8.47548398219
1.49365282365 0.999999834246 221.599655533 0.33467297349 326.452428543 7.52289623099
1.34056569179 0.999999874584 230.608853791 0.401227578084 306.132065011 8.34067462773
1.32827784327 0.999999826131 234.519994651 0.432424455372 282.779611996 12.0977008164
1.01385617679 0.999999926173 243.593883349 0.511625972965 303.149710454 6.83302727202
2.29671124341 0.999999811588 184.829102343 0.210324025915 280.83240959 6.94540946735
1.32183508583 0.999999171945 188.973381064 0.556649414933 298.237603224 13.3402776555
2.11880021861 0.760595962956 235.187032806 0.420176536544 279.762591454 7.47008300436
1.58406616713 0.999999732046 191.189305206 0.274359153939 313.854674847 10.1941424013
1.34881079084 0.999999801904 199.327329584 0.335059314841 339.440591076 11.0274669178
2.29280959219 0.999999820247 198.993823034 0.15936377845 361.044155537 16.1041918351
1.28392168564 0.9999997522 221.180840152 0.340562569044 335.37529607 7.06176315936
1.53616250831 0.999999610814 231.904054995 0.406647540234 323.319965796 11.2035397384
1.8614848829 0.93356231729 205.648591478 0.329994989324 324.724720733 9.6212730642
3.59578053999 0.337922451183 215.143125343 0.179639824548 297.106860928 13.7760418492
1.65801501972 0.999999843718 213.144989747 0.2463978443 329.659507521 15.6380562908
2.3135406535 0.999999753496 199.992901881 0.183647115041 351.169137525 8.87376172968
1.45014175668 0.999999860587 218.838468006 0.262190810007 364.71323809 5.39910430076
1.48483763618 0.968733440868 239.123063366 0.424424021522 323.796661642 20.7078943884
2.2528627408 0.999996597737 186.559052769 0.195482792323 340.833634346 4.79562584483
1.68297661363 0.913713372815 224.295442974 0.456193011631 262.351655676 7.59939345673
1.87379295413 0.999999475965 192.229137095 0.301460656318 299.227521499 8.68303927194
1.75794296897 0.803186738401 233.318740591 0.297885591545 269.703350526 16.2703017994
2.01629971608 0.999999768825 186.148041449 0.266727648553 321.220873848 8.7404438303
1.42620998345 0.999999847653 194.911645194 0.367949821826 300.493819525 7.93639950527
1.6522057833 0.834447286754 209.850674183 0.206208435878 392.44954586 9.95921610196
1.74321863611 0.999999833965 225.316388723 0.35923064121 288.772374217 7.34679035309
2.40697475284 0.871922233343 190.973546598 0.246660246511 298.919097521 16.1916632308
1.99671023049 0.762522887855 210.385627342 0.286970859297 269.838158561 7.21648608619
1.67579702892 0.928402168703 235.151275111 0.268494153352 351.734746669 14.3182638977
1.88716915428 0.908991513732 196.081194845 0.429465906641 266.247243733 5.56940639478
1.68378384013 0.999999537583 200.068627417 0.217857264886 294.298778619 8.95886487927
1.33440229977 0.99999973327 223.168323108 0.498370409132 290.822139652 9.82676844525
2.30991042405 0.999998930565 184.621564821 0.234595501528 301.606042317 19.3489093922
1.94139802012 0.999999387856 223.727864809 0.277303014429 290.64819448 20.9625719194
2.14858785763 0.999999533301 187.386126043 0.363069835851 267.795929704 7.07648942283
1.65467693436 0.950029397467 235.606791748 0.374301848835 299.211167585 6.90820032279
1.47191598354 0.766892291176 218.243354202 0.29106797104 334.474242078 8.43716080679
1.70788015952 0.999999579323 223.667136481 0.341214419204 300.707621247 10.3492612058
1.64807241188 0.999999727351 220.668226099 0.192103120931 401.157784138 26.4966466456
1.54483912329 0.99999960685 205.012576951 0.322053878858 348.49031198 9.07107369273
1.53200526154 0.824387341517 212.937790507 0.26300365809 367.000637461 9.36160887937
1.53997949948 0.999999623352 229.205390472 0.454560348692 267.596778684 9.72096019988
1.21819225263 0.999999782189 225.031606634 0.552326124374 290.230037617 6.49724363598
1.76652012462 0.846839935517 217.461813009 0.32101334131 319.165500906 10.3112401707
2.36520841801 0.523484972891 210.611080389 0.224508837124 337.796889655 12.4273066164
1.38273225647 0.999999519589 233.913998266 0.337571708683 319.33129809 12.8959454078
2.15643213841 0.918068351436 196.925521684 0.28492633849 298.213613881 11.0214924995
1.71279119776 0.685138560305 240.311031999 0.291362429223 292.497211667 17.9059105607
1.30314022906 0.999999639473 205.011257377 0.305483067174 309.028377643 9.60658167821
1.80506493086 0.88310533205 191.788430558 0.247546110369 295.893324765 12.7453906494
2.16474724812 0.925353149007 196.96128654 0.182129541627 359.483804915 9.48746114179
5.54524350882 0.209623659144 231.999368888 0.0499604529738 330.418345984 8.98316993327
1.63549025434 0.999999674346 225.095356385 0.300865907771 345.625587632 5.2828007598
2.23122898491 0.999999857517 209.435278144 0.267716965749 313.512962997 8.52443853724
1.86076384301 0.706915575388 246.221403826 0.256066671368 315.896877309 42.2548284093
1.70614892214 0.999999728004 193.478524541 0.368495317862 279.540205406 11.4347910099
1.46817724089 0.999999835629 207.983730207 0.38719214229 280.286082647 10.8005425905
1.63957867838 0.999999673309 219.606449399 0.186210057809 353.670919968 18.1077353442
1.07418149931 0.999999743432 231.723320883 0.559413582073 317.149332157 9.22375283655
1.92815630684 0.999978163242 209.1722962 0.260974599502 347.348390397 6.20376502157
1.87180270728 0.99999984509 211.391188147 0.32249911918 312.6559229 8.57335822068
1.65529179807 0.928032547055 233.613622263 0.23829276847 347.762916432 15.6142480689
1.68602207751 0.999999355456 212.977971418 0.371182466627 276.927193129 7.66105909593
1.8227455767 0.999999607747 200.925308621 0.278378959458 316.509014108 9.01029197612
1.81014286893 0.835581344906 225.192922696 0.288488674913 327.775985278 7.19341025993
1.80934083827 0.999999579256 198.37134299 0.267235067305 324.368770803 10.7972817604
1.48943131717 0.999999890068 210.905441026 0.390469383456 286.065358875 7.9092195952
2.36659297159 0.617114460204 216.170064074 0.251462747746 293.005828918 7.50086996211
1.33657944157 0.999999622833 214.629332418 0.297844060644 310.471614639 18.4458355368
2.40008081187 0.999999730321 187.28882714 0.180332536178 296.597331775 5.77890394757
1.49260775406 0.999995743497 213.907771222 0.227036631344 357.849086337 9.31131384041
4.0833227688 0.551526535517 202.360372267 0.129963551462 273.383828878 29.3854645765
1.31689383287 0.835719847414 231.088486581 0.310084148338 341.529424394 5.56932000061
1.41198435166 0.999999489148 196.22322424 0.371843596471 270.658334258 11.883735927
2.50362988674 0.999999678022 180.664046964 0.180194401189 345.950928286 6.85248311353
1.56405612906 0.999999640896 209.289456339 0.333370205704 317.143691262 14.7029364274
1.85167788325 0.999998819747 184.754270907 0.483668905355 252.17965165 10.3225954601
1.49276963568 0.99999973801 221.960110252 0.375143375464 290.743478592 19.3344432362
2.25154324074 0.999998588332 189.346872938 0.312397163893 268.508248803 29.1478868183
2.06896130228 0.760875268103 216.987138338 0.319416646286 294.759588802 7.8139367288
2.0304635695 0.633214950891 223.098658815 0.220292581898 348.179879837 7.62668509327
2.04404682624 0.999999697108 200.7181322 0.423505820997 291.167181015 6.17163135965
1.41461513059 0.999999874743 222.189004907 0.311167305099 332.393661349 8.24992712508
1.97020476045 0.999999126623 193.915534064 0.2117361441 268.755252067 8.13015144755
1.72534435072 0.784175938805 215.9110414 0.28167157581 307.349534529 30.5753400657
1.80400616667 0.999999745785 199.939900464 0.206144414767 350.692827941 6.86568476058
1.67004063356 0.829004486901 207.393302374 0.309841256871 295.280645466 13.8460033651
1.64183910911 0.99999989402 213.689151527 0.401027321233 309.754137476 6.38944744726
2.13333364307 0.999999821924 206.017853766 0.18203359955 355.648539109 8.55349767548
1.48125062771 0.999999772929 218.988634589 0.271098381146 344.755884774 8.59320230912
1.48654459853 0.999999632969 229.473279161 0.224698264928 390.678534729 9.81372047456
1.60627741663 0.999999550962 216.53142639 0.111150714554 452.403317376 15.2369201023
1.89182757238 0.886486493318 205.789741305 0.236229042948 343.500927076 12.4735774318
1.51200254539 0.999999546759 228.265889389 0.331205031155 315.158236483 11.5566686435
1.62516801128 0.999999869973 213.027347239 0.297405603444 357.58856234 35.7857618749
2.10058702099 0.999999466592 186.3392911 0.212770092099 293.043952956 14.6067513178
1.45272294194 0.854357203507 217.869123377 0.38400398634 342.439225763 8.65925577436
2.33827229801 0.599250656919 228.239656188 0.246931006948 277.252927246 11.3762306698
1.44425078008 0.968416641086 214.269896551 0.466264513496 281.674599106 9.20830121444
1.67397280482 0.999999327824 190.435513808 0.16583360693 377.83511033 14.1318673879
1.5437785994 0.939277047262 229.633682752 0.332171586083 311.684057086 8.12467067583
2.35761417611 0.856910379298 196.067325249 0.257780641194 307.676208056 13.6206581897
1.97794350898 0.99999979614 195.294463232 0.24027192387 332.79898151 11.090859615
1.87773414595 0.949470263669 214.269442024 0.426926464813 306.502473171 6.32798165412
1.13949101821 0.999999855806 249.864693729 0.245641732249 367.991195677 12.3356958348
1.47795710115 0.955307971623 192.06624435 0.268036204738 353.158916627 17.7653123785
1.88304981608 0.999999860698 206.732520815 0.35081683062 304.899261225 11.4464585668
1.61312521674 0.99998886803 202.69969479 0.203342593662 367.597890588 8.05569441119
1.67818568486 0.999999875678 218.571301011 0.22671591616 359.929853248 16.6102290626
1.54563254973 0.999993635555 216.525297601 0.41028178179 268.854038554 17.2395507511
1.67010685836 0.953797708177 224.234625899 0.289320057365 310.344142218 10.7758245419
2.78528646258 0.99999974136 188.837719353 0.196014123373 350.204815804 10.1924237731
2.52571230597 0.664301111893 209.161066067 0.219480787211 330.78496559 17.5930681003
1.7694446186 0.970998953323 195.946268157 0.402318237211 259.752929976 10.0827667847
1.64745435072 0.999999182797 226.498349277 0.392257671709 320.847647131 7.35779943592
1.92888616191 0.999999758447 192.994962424 0.205659819332 340.4161083 9.39337447062
1.87887804759 0.920712480443 213.067415051 0.419407392982 271.356070194 7.50112945081
1.71122681025 0.999999514179 223.309264142 0.312773399749 336.239705592 11.1636699273
1.59085923324 0.999999672141 193.012552324 0.357736112222 337.807775779 8.84544786442
2.3818952144 0.999999628474 168.317827686 0.220520643142 310.544335943 4.71327620423
1.90244680009 0.999999640913 196.091086695 0.170640136086 342.626438425 14.4326067226
1.714218828 0.821535138065 233.03651497 0.287143945431 362.833390895 11.0446030679
1.93485202304 0.999998156346 198.919055786 0.258692035481 270.239437696 8.03941495898
1.65143775877 0.693822612752 233.378548119 0.351748673662 344.184037349 12.760949447
2.62755163183 0.809040021858 197.629930172 0.209891065421 326.057467384 11.4434923412
2.06846430539 0.999999632096 200.285324965 0.229084690287 351.987878324 10.4108630957
1.38390953142 0.999999614086 230.781486803 0.434091753313 301.76930817 6.13657566499
2.2426042301 0.940600469117 205.660492661 0.333151872331 276.833547824 6.10741033858
1.91928796189 0.999999820843 203.475678948 0.207244372631 368.86840352 10.6540478464
1.1837115621 0.999999571713 214.933609928 0.485311601156 311.073651948 10.9516092301
1.46193803174 0.999999870492 220.727441459 0.374686703899 321.847454467 9.57121777769
1.40059477349 0.999999569979 208.796252932 0.38913524274 325.154364119 11.6258036398
1.21680238108 0.99999987263 234.485219569 0.419139295866 328.794162901 9.1231630222
1.94415831212 0.999999845673 185.489808427 0.34023533045 271.914143048 13.2212187099
1.98360872727 0.999999861339 194.157354344 0.390712757999 285.005447307 9.43728603098
1.78696481501 0.999999724728 232.279575697 0.397812786398 301.251165167 6.48167107222
1.52730395553 0.999998578535 220.531138986 0.266780518649 336.821378323 8.65616199204
2.44544888228 0.973825014669 188.257688213 0.202333244445 309.620320919 17.3236789343
1.69678354145 0.999999609985 206.109831892 0.210918535431 377.649878517 5.27601974587
1.87008314945 0.999998856543 227.945892545 0.337712663165 286.509487319 7.33229121187
1.71712808972 0.999999669318 219.086161501 0.327835663989 280.082666492 17.0234379991
2.07782341888 0.999999528286 208.090743677 0.255766197642 295.366547036 11.9625188704
1.28328601079 0.999999337146 226.803654824 0.325112286438 324.360896306 12.0165159898
1.77388339573 0.999999410877 216.742014309 0.220809229596 367.385216469 9.35845295816
1.44614387687 0.999999697338 214.821044423 0.185634107652 359.539176017 11.7971990267
2.23445295044 0.99999978612 200.496660429 0.316207938466 295.576539825 25.3304322959
1.78692980413 0.999999599314 196.066844655 0.251734701881 265.09066146 10.1011348593
2.23964238821 0.686646928883 222.866317334 0.352382410917 237.64600902 11.1408042787
1.70590217508 0.999999673725 216.545596409 0.465718781475 234.081253406 8.24762379204
1.15698968739 0.99999714905 234.710101416 0.552379873498 316.501297209 12.553484058
1.66871763629 0.662542461292 223.266733608 0.260422291313 303.975030369 17.6656276163
2.30816759039 0.803333197464 206.105371187 0.355414251724 278.095413049 4.53283628583
1.45066920143 0.824168283454 269.016172898 0.253693568736 303.997871198 19.478478257
1.68944848666 0.999999813958 198.11820404 0.239694909096 354.320468843 11.4849852747
1.71343415567 0.999996953675 213.194813324 0.249482537486 350.39747041 8.91301851218
1.63069814318 0.999997006503 200.65896726 0.232900825273 360.923368495 11.6792893788
1.66461283091 0.999999826369 208.032470799 0.236880530102 381.173867072 12.6638472083
1.84383243673 0.647339199144 216.73155137 0.246669431206 344.944725445 8.74798255852
1.61542058064 0.999999792664 205.448311742 0.424169464093 276.264493589 10.2869708347
1.36105764437 0.999999884932 219.403294176 0.376788893568 342.663071526 8.79435891382
2.36039938706 0.857742643382 184.813406951 0.299275645243 296.072556917 8.94429887524
1.76566095078 0.9999997675 207.535339491 0.348863152239 278.055024055 13.5622067096
2.02519709891 0.482455106742 258.011615669 0.238237371681 325.45987634 18.4606510155
1.93364791956 0.999999585226 216.762945411 0.193625957974 343.920419585 6.44532117871
1.52162816791 0.999999901656 204.578342524 0.42572674816 265.413371526 11.7894761424
2.63240513831 0.691987885394 187.039394372 0.24156221562 304.22553266 31.0983180862
3.83511407631 0.703396037836 174.384851125 0.116222079397 316.486973558 12.1460674976
1.84028133288 0.883078171374 216.219937639 0.263170431524 334.901889779 10.3128801625
2.0549183577 0.71679575308 230.917308423 0.223516480753 333.548010965 13.8758998031
1.89744774892 0.999999601247 205.56458028 0.282021629121 340.744091707 7.70928301561
2.38621334914 0.753180742967 196.217225767 0.0988122819242 402.437198495 7.44119726149
1.63604603753 0.999995948277 207.400185105 0.384703455426 273.508127517 9.45701613505
2.1005678974 0.999999803938 172.95212225 0.318246134492 312.984720782 7.29088018436
1.45739071367 0.999999825285 220.47553556 0.209315365629 339.072111504 10.1500164782
1.25694740727 0.999999291758 224.426994785 0.320102596263 345.493510585 9.82294948134
2.06756411991 0.831761418528 231.861076599 0.257132300337 332.652356816 9.00502331173
1.96814441411 0.999999398006 193.24640079 0.211354870452 339.897033284 10.7486093219
2.00527842664 0.999999548871 178.178023669 0.184541007942 370.967586011 7.35118782653
1.75963461579 0.999999816162 209.892487322 0.375264012052 301.00293742 8.69017216933
1.75787993051 0.999999655721 204.028046932 0.3033541984 323.179065909 5.42671960858
2.16685268617 0.71821250938 208.01834934 0.298054318677 289.478339175 7.1606673417
3.23603120966 0.501684777871 193.473000237 0.141689191751 363.339402877 11.5171196265
2.69689652832 0.638293749907 198.65106963 0.117291538435 332.768590586 8.6315515294
1.44055040674 0.999998925782 195.805164252 0.358917325676 315.249117942 10.7962843431
1.26226919472 0.999999134682 206.893558871 0.336385295695 291.323839951 6.56322377069
1.2969265939 0.999999864922 249.48172799 0.288936686686 337.054243748 13.6888792794
1.75611603037 0.999999546427 198.020008894 0.260096670944 339.783851757 9.6917668593
2.00001895601 0.999999401992 203.142916991 0.371292802968 289.246964752 13.2747627
1.34831066867 0.999992946757 210.96250715 0.382232977784 298.820083501 12.369946697
1.4253020042 0.999999750051 235.122687996 0.346625681095 324.825115954 18.591476163
2.24458747144 0.639820472175 227.724192381 0.178676175934 357.192242049 28.1930509118
