"D" "g0" "sigma" "kappa"
0.0453800613753 0.999999666725 1224.07368042 306.022087295
0.0371133512811 0.999999807206 1281.84232555 699.999999278
0.0352083956434 0.99999984097 1471.76731354 116.01158145
0.0423392365612 0.936457020678 1283.02294641 159.118098391
0.0346071155066 0.70371537464 1529.61944131 219.082447613
0.0530179206093 0.729455997537 1299.18966107 699.99999864
0.0393906618434 0.96072026984 1370.30799581 681.942129681
0.0468713312607 0.999977427557 1262.18895042 65.4560476252
0.0330110255797 0.950070090414 1357.92935686 699.999998365
0.0357339419166 0.999999814511 1279.63248314 699.999997707
0.0312120362889 0.999999819494 1316.36889654 191.096642214
0.050339585278 0.999999713547 1175.91198596 250.361302511
0.039138811081 0.999999669804 1320.92068027 316.743880857
0.0399291150144 0.925115379124 1328.20850363 51.758695271
0.0430637803195 0.828061129262 1371.9107309 294.021685736
0.04010875021 0.874475878677 1376.68255033 78.953359381
0.0338179695358 0.960984558022 1459.47232178 346.484510918
0.0332489241694 0.999998937245 1414.9756632 505.995544116
0.0496500857095 0.843567674249 1328.99072981 131.647975699
0.0436843966556 0.999999514154 1192.4512102 131.538984531
0.0457612048255 0.73091416445 1416.51699782 130.671864255
0.0514170273025 0.999999805365 1195.79765226 111.911032187
0.0474408184958 0.999999861671 1205.04934923 39.1514025497
0.036997163666 0.99999985929 1321.46599501 136.91333167
0.0496484631185 0.918438792878 1273.87740055 326.850439368
0.0487189893983 0.805147189749 1355.55315858 90.9676894024
0.0401961175456 0.999997672031 1265.79275301 109.069386592
0.0423526647086 0.99999973155 1333.05181582 163.079960098
0.0380455411619 0.999999891906 1299.98367436 595.231226164
0.0420743007101 0.696373709148 1353.85657431 142.251236633
0.0374021469352 0.938270117147 1428.68297316 153.947620133
0.0681373241163 0.999999096131 983.555898004 299.174532528
0.0483640255622 0.999999869843 1185.56282039 92.7961579731
0.0436312219687 0.826894776787 1369.64190953 73.0523853798
0.053731021854 0.900085649978 1223.95488849 201.234266898
0.043736145261 0.869215231366 1453.75046799 95.5442357769
0.0488677148747 0.999999260164 1123.59222302 82.5261627296
0.0385444881568 0.993548065045 1287.03617718 45.8231503711
0.0552116813379 0.542965318377 1526.93815349 315.876069244
0.0400145749868 0.879089235363 1374.98818968 39.0276054847
0.0656171533775 0.677698691853 1232.98302125 458.569807547
0.044026120527 0.975890113627 1312.64355104 118.909627044
0.0436906483214 0.838982155348 1393.14665704 225.258031648
0.047576754203 0.922078536818 1156.70227801 386.526470711
0.0415425754907 0.999999179272 1275.56648281 148.007715237
0.0404625200012 0.999999791788 1302.23124104 230.129151858
0.0502009611658 0.999999470177 1136.40124136 208.06074204
0.0599549887514 0.999999489871 1109.31179263 201.511329775
0.040570004578 0.999999618146 1223.91411336 180.281581385
0.0456076021393 0.946909247941 1195.81632608 140.407146236
0.0470008515441 0.852280318339 1259.97800057 699.999999064
0.0333674421427 0.974039304297 1422.16936702 219.357338735
0.0408850259204 0.999999860453 1347.80363857 132.176154392
0.0363927188385 0.876123660464 1462.23947665 158.041464023
0.043396086169 0.999998461528 1163.25820429 233.719046166
0.0417903789351 0.999993691079 1202.95266971 351.002950067
0.0387604376373 0.999999277314 1314.37419744 53.0495906908
0.0336545341595 0.999999572046 1357.57618503 167.848822118
0.0448151421528 0.999999786038 1220.27270119 296.700240885
0.0563511870499 0.999996919967 1057.66954801 248.534408021
0.0518793014104 0.923627362959 1118.66446339 699.999999506
0.0392278004524 0.999999853859 1401.20051291 529.712002835
0.0363820412685 0.991243114289 1317.76018113 234.63987235
0.0463684179941 0.999999500097 1221.21953947 320.96465678
0.0363983637675 0.881023378702 1356.29864826 86.0816356043
0.0395638760642 0.999999675479 1263.42805103 30.9537851112
0.0329246607755 0.559661326265 1724.06995684 227.472879643
0.0450802467578 0.814370208211 1255.77699763 132.779637788
0.0405954242444 0.999999806057 1313.29117176 264.501901929
0.0389730947514 0.582807749397 1605.16993762 158.170974096
0.0293592772316 0.840122706555 1551.53883076 66.815003772
0.0349436579672 0.914492744167 1458.66310141 184.917416583
0.0393407167953 0.999999767251 1165.14879418 699.999998061
0.0415819773059 0.768478167895 1458.88587683 203.002655562
0.0460360927157 0.999999854242 1232.56859237 80.7362042061
0.0519733261983 0.828348684258 1276.13555428 271.715762821
0.0879013506427 0.758352921215 981.544618465 154.23746356
0.0472039685118 0.744892770825 1315.80571579 312.179306999
0.0542746514398 0.999999832696 1233.83523706 73.6817646183
0.0299578051255 0.842835048477 1436.77091117 76.4369749821
0.0385101478484 0.999738061285 1283.7199301 161.484039658
0.0349568701763 0.667265007047 1504.34003341 699.999996952
0.0426899948724 0.966434949036 1297.06214049 258.396945286
0.0380535691846 0.999999710201 1385.11751488 415.523959205
0.0437279379373 0.915635115647 1327.20880189 81.0433734311
0.0455514376219 0.754806186353 1390.9061649 179.65625341
0.0571425662343 0.653349318246 1405.98808813 435.32128546
0.04692762956 0.991954132789 1192.86847355 220.991683141
0.035864278769 0.860484714929 1440.27019724 699.999998416
0.0523824011944 0.585214955926 1465.57333959 699.99999901
0.0582305864638 0.769644337791 1271.10980894 184.562143375
0.0558562890385 0.999999589105 1012.00867739 61.8627246943
0.0414851758501 0.985287015343 1251.95601708 334.055101912
0.0359799595673 0.961289697703 1392.30371594 102.098913612
0.0405779487789 0.953191236368 1289.39502028 212.590421957
0.0392800292293 0.999999802379 1239.99746383 298.288462149
0.0370723529652 0.924284872645 1461.0906091 699.999997401
0.0430250851613 0.999999105645 1203.05671534 168.963376795
0.0390167970155 0.720784725191 1327.50227279 556.716589541
0.0456202536858 0.999998946714 1175.71099196 692.557981453
0.0514411963026 0.999998011234 1166.97460702 95.3671762634
0.037397148156 0.995577448605 1323.37915979 245.117426011
0.0472732386569 0.999999814728 1213.64560249 147.942297691
0.0504062996898 0.910233932616 1158.41744602 318.139095378
0.0551446266428 0.819296230656 1216.86308801 699.999929029
0.0462083232788 0.84102678326 1307.79964602 78.6058248503
0.0349762413476 0.827636241028 1362.22282949 84.9376649185
0.0513768655397 0.999999768561 1156.29454987 85.7443463472
0.0427534002645 0.753328508458 1360.5268526 699.99999931
0.0453019016744 0.999999534231 1199.83157006 149.313505841
0.0372138775351 0.999996191468 1353.41722284 133.21583358
0.0494902374637 0.827496987348 1300.11293941 110.916055464
0.0398965782633 0.999999850959 1285.33634712 91.2666506815
0.0556736040602 0.385290460926 1705.42143925 600.093317273
0.0504303071525 0.706966492409 1294.50013009 462.355135575
0.0308592024156 0.99999948708 1316.32285999 576.519717769
0.0382443732239 0.849624332387 1350.09855504 57.1913967257
0.0386495380145 0.941545081818 1259.98912031 648.198564032
0.0476628853052 0.999998803484 1139.93336912 57.5204245589
0.0459751414716 0.935483605269 1275.59660965 152.074754683
0.0536956173969 0.999999289565 1121.48917023 85.636283536
0.037847440737 0.999999789585 1252.34126866 146.909683023
0.0453986670479 0.999999617064 1211.1026882 194.377102009
0.0298481062089 0.839936771736 1527.77830241 194.558231919
0.0540800787485 0.828750659114 1167.68298491 97.7579927442
0.0363590979546 0.999999921637 1282.08973859 135.201812707
0.0328832677754 0.999999872218 1392.33166881 145.050805412
0.0472439393162 0.999999626153 1232.30584371 249.43934891
0.038860649143 0.999998054517 1283.93596848 135.947363037
0.0601278837831 0.832828846531 1194.11594111 699.999996479
0.0353201062842 0.773189951627 1444.72869944 239.374508312
0.0370011377093 0.630582930105 1643.46798267 126.391458305
0.0532604915726 0.431603612397 1709.02716229 699.999999267
0.0471862304785 0.999999806116 1214.94984098 500.575210502
0.038564759719 0.931311343898 1365.37889017 53.3835530471
0.0613990436271 0.999999596323 1063.96000162 580.654391824
0.0367802777124 0.999999870701 1348.15334624 97.6812561609
0.0523357596149 0.999999696971 1155.35789493 53.0057758473
0.0328334226474 0.798027021115 1544.722002 141.469447044
0.0330345767408 0.80796964166 1414.81069399 381.561611849
0.0398442362437 0.999999865045 1251.13166114 265.614321294
0.0338086997287 0.931830230758 1489.25003588 108.237199576
0.0378679626545 0.999999682573 1375.09060975 237.791238805
0.0374497388655 0.99999973345 1275.08752822 376.384392104
0.0510400099962 0.463505882739 1600.00812395 122.025796859
0.0487820805972 0.999997602242 1137.07297228 67.8525459057
0.041571404652 0.816323199005 1473.6157455 88.3134692927
0.0277460948661 0.999999736928 1362.95140356 108.89873885
0.0425981117047 0.999999018455 1270.1767334 653.976893664
0.0480605344411 0.99999954413 1115.61791542 256.832825432
0.042521685617 0.85178425454 1269.20421159 699.999999117
0.0421351775692 0.925968064757 1164.90660748 156.384143134
0.0312403131142 0.987991328367 1484.55851464 364.953593848
0.0368335872913 0.999999900951 1332.29996505 133.548781515
0.0389688137314 0.999999883462 1281.8462234 337.835740943
0.0502568786587 0.967608404703 1214.65427092 345.896970666
0.0347464890194 0.999999687607 1284.86638332 444.462332208
0.0445732983856 0.661590510681 1417.04503244 73.0474689782
0.0352611417842 0.999999479085 1351.67506428 156.150928053
0.0534532701435 0.912802940844 1044.313592 14.9274811492
0.0594937599185 0.759563308049 1287.12702126 115.688643423
0.0430856927913 0.863358332512 1206.95181144 158.630020727
0.0330693522566 0.849240347554 1406.6143598 114.123860814
0.0663304705606 0.891506534255 931.691650071 95.8627096343
0.0428979612943 0.91862608733 1215.64623345 64.922221075
0.046434719958 0.637801040013 1464.22404984 62.2551860894
0.0455036963665 0.876399532858 1272.38913875 435.613189937
0.0511376335721 0.660585540226 1426.80494193 39.6766490316
0.0349149320567 0.999999109288 1183.05804839 686.808230214
0.0459965704414 0.999999705367 1257.86091138 97.743408287
0.0313813669495 0.999999399299 1397.86870241 318.94645384
0.036788898039 0.87145846725 1379.19482408 148.661308275
0.0387747400854 0.888818317929 1385.22638059 345.248903158
0.0420957746439 0.999999759703 1272.38897959 103.931438624
0.0332323396579 0.780919666725 1610.27683438 368.788410446
0.0399132438211 0.999999822777 1278.0399706 46.0375793863
0.0424749585504 0.857595273815 1309.36275855 522.090889569
0.033605329075 0.999999745218 1429.41928525 149.139043749
0.032748082579 0.999999735813 1435.596972 146.983835632
0.0336357053321 0.999999898481 1466.91908042 699.999999242
0.0426974317014 0.999999838617 1307.48170974 70.5017956775
0.0355762669324 0.999999798297 1306.298655 699.999998359
0.0372244518543 0.999999596659 1187.58434974 432.128768768
0.0445818731931 0.896320868661 1299.8939235 29.0977661648
0.0407632799737 0.999999340144 1262.37370918 187.453974448
0.0459784749163 0.961644104632 1239.03002701 76.0346077353
0.0365352248455 0.999998802143 1316.30710257 222.956155692
0.0339962402673 0.837489944738 1428.71580487 315.279014154
0.0443934061733 0.999999541209 1265.35783996 161.027149422
0.0453508330889 0.793367363827 1311.34032563 95.6171151534
0.0443878978018 0.999999845209 1220.64952575 106.151639091
0.0399490096559 0.690216354049 1466.91432318 96.1733248928
0.0437111891127 0.956189939186 1246.42230609 161.949813006
0.0348797873917 0.999998936269 1375.66128057 699.99999899
0.0501347302562 0.999999812299 1155.1362043 177.195334921
0.0383658010916 0.999992839262 1322.29470502 158.542634469
0.0359083374146 0.874688352999 1288.74862813 253.807237984
0.0394569216189 0.823250971518 1385.81439161 57.5510204652
0.0480546569204 0.85124691919 1309.98406041 50.1376013776
0.0355688606346 0.776281365987 1478.96256618 63.3407331572
0.0357783835891 0.97119545722 1328.77090749 104.768189596
0.0459235960371 0.999999083314 1203.0171794 185.221594195
0.0439863517832 0.999999801189 1214.07445395 345.339942277
0.0296238561459 0.864393890854 1531.96983163 699.999999027
0.0402053434989 0.855908714777 1330.00270471 452.669333431
0.0449258541479 0.99998627647 1212.11331232 184.003192805
0.0403556771333 0.794968467551 1376.48723759 46.6249147373
0.0397906496641 0.999999519616 1273.3247267 699.999996657
0.0419080270486 0.790203461969 1336.18083549 98.0148263033
0.0406564054645 0.890910733554 1388.97137333 87.6088125415
0.0460164800709 0.710774880557 1487.91618647 425.610965048
0.0305323755168 0.999999753119 1342.36813668 102.908030263
0.032560550367 0.989316060642 1431.94469764 154.786007148
0.0555807661007 0.977211389701 1204.81572834 231.721609154
0.035380732788 0.94294906639 1396.14791222 510.286525773
0.0523383508755 0.999999347794 1126.72325309 241.757173821
0.0391837201574 0.905338131165 1371.76456862 64.2820227791
0.0346472367463 0.999999889972 1381.08366091 518.391299579
0.043978207187 0.999997000589 1207.64156026 68.0332692566
0.0345336337304 0.999999851271 1421.8067386 77.718334718
0.0374794290048 0.999990501717 1369.26224108 158.055594334
0.051048710259 0.693042895741 1248.36131611 116.654205015
0.0350999407317 0.999999811477 1355.31925405 699.99999938
0.0452805254403 0.974705119445 1254.34799313 699.999992288
0.0438795361157 0.999999785816 1254.79391369 441.856614862
0.0479917156015 0.968790997924 1210.26644455 154.96684544
0.0516637083114 0.841257182299 1252.12238673 90.6540868558
0.0448736980907 0.999999515491 1114.01797175 219.082716923
0.0406002653719 0.834289228006 1384.28931844 178.524366212
0.0485167594988 0.99999907308 1165.19741628 56.2473018925
0.0366968555543 0.74513053438 1499.02013954 396.827088522
0.0436473801546 0.99999973579 1359.46745386 68.1486883037
0.0428271679231 0.999999841147 1226.46239757 102.285587911
0.0460507976197 0.999999851619 1169.31269099 699.99999836
0.040458800199 0.999999804963 1362.75978464 490.817922125
0.0442795328182 0.78973045348 1368.08331071 145.604608181
0.0592642446229 0.999999656891 1038.36204459 178.754284134
0.0445280790018 0.999998873935 1139.300082 203.258965105
0.0479722234159 0.9999958691 1148.15104389 699.999997612
0.0360463819904 0.969992847352 1346.8545289 108.631301218
0.0394213595101 0.999999776084 1390.45238477 174.584930681
0.0435270725019 0.99999969529 1234.68115571 71.9654811139
0.0400646021914 0.896559359405 1339.05352538 292.88374697
0.0387720505701 0.999999797511 1256.7549332 362.671832383
0.0619256979029 0.999999491278 960.063553194 86.6888136776
0.0414109574409 0.99999956923 1174.15097035 172.129573945
0.0495566104819 0.722385941951 1307.25013756 210.961250349
0.0326155308317 0.760823976675 1612.8128645 142.333727363
0.0452426729414 0.877560087442 1213.82948319 46.9263923407
0.0645158781953 0.683717365844 1273.83184379 550.490553902
0.0403513872316 0.911156455867 1271.81976422 127.482857398
0.0448306053391 0.795958944897 1374.25633575 119.655367922
0.0511069481179 0.522124165725 1403.18823976 359.503289468
0.029187238737 0.936764464044 1441.4323904 87.4411873911
0.051354659969 0.99999956523 1139.15765881 434.118939205
0.048971304234 0.999999818244 1164.95585048 80.3262187147
0.04353674532 0.999999637319 1330.48622513 699.999999335
0.0427252733193 0.759324404268 1348.06207525 94.4687662347
0.0433150820767 0.718424121503 1420.86412376 222.571487647
0.0509586967068 0.798775362298 1369.97447011 102.96888869
0.0385107973289 0.870970214379 1343.81734501 351.41057833
0.046100370743 0.813253410172 1226.46446594 105.437089201
0.0443651410054 0.492877482544 1631.04373435 699.999999267
0.0322353282955 0.99999981017 1588.24429627 148.144289904
0.0386174386913 0.999999850289 1302.99658002 699.999998843
0.0361903629287 0.955177385616 1384.36100013 107.756334924
0.038345965292 0.999999789333 1286.76857188 80.5222045841
0.0479856465674 0.99999980302 1215.15856957 153.354482145
0.0512578290923 0.999999761236 1214.8970806 699.999993546
0.0574336778136 0.706066218687 1256.63026599 75.630546135
0.0561222640583 0.999998903372 1015.00447937 297.52339277
0.0539304900737 0.821256692456 1255.05996963 130.134065624
0.0310291331518 0.963715235023 1327.33754441 246.379863042
0.0468583694069 0.726629263151 1366.45734808 48.3643666847
0.0513056169771 0.999999150505 1098.46396517 547.941416314
0.0454343024314 0.99999 1250.00005797 140.000000001
0.0677404432547 0.733645385684 1174.74371405 515.860460645
0.0533584448847 0.956719921924 1162.98203869 699.999997712
0.0334212801878 0.999999887231 1371.13480635 199.335248198
0.0378727166295 0.999999762196 1325.17941014 118.205296069
0.03698202522 0.834695703606 1322.48722876 54.4355861472
0.034224172385 0.854748218324 1516.83275496 699.999996787
0.0415897616346 0.999999849168 1353.83772556 397.070504009
0.0431622160235 0.938183384664 1226.44282789 518.838459974
0.0516543896545 0.999999724713 1082.26358936 127.575997422
0.0380231224284 0.928968062108 1333.80724556 57.7433280105
0.0422245505227 0.873592150542 1358.30567193 92.0481399469
0.0544770417665 0.999999655835 1167.16950336 517.205278378
0.0636612640381 0.999999301675 1124.60635452 160.101194018
0.0426426832734 0.999999629553 1302.00702109 88.6302732096
0.0419787277162 0.999999421353 1261.09689179 174.69785577
0.0370201974631 0.999999771032 1276.19714838 222.331203009
0.0357385770977 0.999999843209 1318.19046807 152.585695471
0.0425650653613 0.999999848759 1329.14230889 127.417250302
0.0330313032482 0.999999849254 1388.65689218 699.999990379
0.0458395171821 0.999999130249 1178.85469119 122.503424371
0.034414338046 0.99999910086 1234.92493333 162.123902496
0.0304331571055 0.99999992734 1482.41045488 168.993603099
0.0258136689801 0.999999693828 1501.35297748 71.3681660887
0.037658061669 0.934080675716 1433.31375371 699.999994527
0.0365593533225 0.876847405171 1473.03172936 208.409852549
0.0445326020504 0.999999831134 1179.18805054 617.246844851
0.0419402845786 0.815339274928 1453.08142066 699.999997894
0.0465486388324 0.869002978432 1137.01760943 98.7303868359
0.0408882322445 0.999999824249 1273.84526651 494.75514751
0.0388481380398 0.770120592088 1363.50615332 699.999996203
0.0461454202627 0.427628759926 1663.83243845 488.578561318
0.044167999258 0.838664332539 1308.93717446 78.7294272279
0.0470991728951 0.898943246308 1257.65048957 89.7438061802
0.0349248963083 0.999986581687 1256.93872811 517.237687246
0.0506430491987 0.999999623071 1118.72549466 99.2914901708
0.0482464868057 0.818824917784 1345.36625953 38.660478851
0.0379439829556 0.947813855528 1307.22945188 269.100378512
0.0509848635533 0.99999892249 1213.03718397 304.868117369
0.0422781570864 0.824305847809 1353.48129333 203.530621378
0.0414747630684 0.87854868715 1389.5137762 255.37391562
0.0517933501643 0.999999778044 1116.07328953 394.707142625
0.0375337411151 0.999999757334 1212.86933412 81.1680483634
0.0528653198995 0.934120284535 1183.57919936 493.815563436
0.0412793221827 0.697332184175 1400.56185863 224.52710231
0.0535428396065 0.750284806211 1293.16978948 50.9342068746
0.0435914254693 0.999996745412 1227.05942626 699.999996733
0.0316525095023 0.999999800247 1399.14350929 309.877303103
0.0341784911484 0.999999911559 1368.88312496 204.412092751
0.0491892171439 0.736118796316 1362.3078951 321.526001343
0.0468215610727 0.999999873327 1292.77262697 235.566732159
0.0403199584831 0.999999791797 1325.32351065 197.734340921
0.0305360858821 0.999999493962 1394.75822379 118.779440204
0.0422108364928 0.823459555119 1454.69933752 72.3322134954
0.0470538563668 0.811613776749 1344.25189133 690.544167166
0.0506626612884 0.999999430696 1118.47548797 699.999997917
0.0539241318265 0.770034319297 1214.04172621 101.906583307
0.0387510173949 0.999998477751 1314.56216884 195.960367069
0.0436785024815 0.728252091096 1471.1693718 239.998377191
0.0468412020282 0.568667300863 1452.30504059 166.369458152
0.0457316012836 0.999999389609 1088.5008416 462.891180203
0.0320224124994 0.781449147084 1600.34764086 89.3802300833
0.0581491210738 0.965578946199 1112.44275572 74.509972969
0.0623072649031 0.705494986256 1177.19314571 336.488736297
0.0388000204188 0.959787518333 1326.14303813 183.678095765
0.0415165041234 0.99999929376 1248.93015442 699.999997249
0.0410796141548 0.999999698773 1249.79842468 255.339766478
0.0313198827984 0.999999851922 1432.83867475 394.790840303
0.0285988360771 0.999999358357 1458.61780483 106.682015296
0.0366171870603 0.851914577148 1366.05231773 24.3450019209
0.0361171359486 0.999999883301 1392.10440291 178.264644677
0.0447907039236 0.726118430227 1401.92172811 335.936810625
0.0390221188695 0.999999121715 1337.18336478 123.985715133
0.0416352619048 0.999999833343 1280.61021829 311.474870309
0.0304141339891 0.99999990486 1415.29735077 149.704809505
0.0530723892611 0.641460282128 1384.00484925 137.688265776
0.0427440755013 0.900095665874 1096.25373064 151.157273475
0.0638228936367 0.772378463678 1137.97690597 157.224955792
0.0457226317918 0.914291037527 1394.80775108 253.747409788
0.0490370050121 0.630272404399 1376.76412467 62.0833610336
0.0325631049902 0.999999857053 1448.3121908 107.636271376
0.0545277623054 0.81726927983 1297.66507294 183.537072421
0.0408110178984 0.999999672779 1176.96661356 89.4744955255
0.0377556474973 0.897906107367 1331.16761763 34.6266245769
0.0310616282695 0.999999640337 1328.88962211 242.697495305
0.0729277938039 0.859096258101 1000.03255702 227.475340078
0.0426608964821 0.701073817739 1465.61174225 287.12302332
0.0436836700146 0.80334465357 1381.23881683 87.6443007399
0.0419030804499 0.999997445425 1235.39112023 134.658116615
0.0646266468118 0.505802202075 1321.36251965 102.381737886
0.0430309532451 0.770425928143 1325.4346317 128.37307056
0.0349354040141 0.99999981207 1351.37218379 642.858553155
0.0473557504321 0.999999607669 1230.60643637 124.490591186
0.0516396070349 0.750373971448 1300.01850099 222.391282017
0.0396455057672 0.970159683744 1237.67280809 141.597315149
0.0437264346953 0.771367924923 1485.54533544 323.033983789
0.0380729525684 0.834818202894 1420.20951972 699.999998727
0.0376477427011 0.536040649546 1493.32976586 275.947056152
0.0538566724551 0.909476844594 1210.18337533 181.456982765
0.0440719249983 0.999999785084 1118.81752805 373.260506965
0.0418192569462 0.999999836746 1297.24223618 478.537569905
0.0401400457317 0.999999508986 1195.62993101 238.084329548
0.0418342149811 0.999999761476 1316.70655013 699.999996848
0.0391767523977 0.975775411185 1293.60360542 233.535633407
0.0356437152016 0.886029698736 1409.14661054 447.249956183
0.0405693034722 0.999999795984 1107.36309651 265.088178317
0.0461057686474 0.734458416127 1268.09339625 101.765241253
0.0412502026981 0.999999851106 1212.10322872 88.7467908554
0.0409725831041 0.999999855891 1279.13055044 66.1966827185
0.0452559340003 0.600801840568 1505.29657029 395.466551193
0.0521073673099 0.99999982313 1186.55333509 135.287892244
0.05906809597 0.718514810137 1351.81419552 237.060278887
0.0398877136876 0.748206133192 1427.40166067 127.358417537
0.0341531430914 0.891917294839 1439.67251405 699.999998253
0.032890394297 0.999999748715 1276.57077272 209.152859561
0.0327860272265 0.725446654158 1608.85483224 664.078259302
0.0356607338103 0.999999764217 1372.87213059 61.6897433689
0.0446141534827 0.999995860487 1249.03680439 216.230421206
0.0458128956993 0.999999493862 1279.16181891 62.4689326905
0.0510382858199 0.904336019248 1227.76197833 216.240191533
0.0436310781948 0.836507037145 1396.25208198 154.405988371
0.0455311666148 0.999999826574 1246.77035447 250.076145065
0.049583616657 0.999999889659 1203.91409483 699.999997046
0.0436001301729 0.999999275143 1166.88222695 147.103738903
0.040800377521 0.999999454972 1177.14510222 218.606760326
0.0518659803994 0.689108153878 1425.99867639 40.8364275315
0.0370125263771 0.807565066366 1506.10934393 535.400338948
0.0402380234688 0.99999960309 1413.14456428 265.979820778
0.0378128450773 0.999999754953 1282.69141189 113.833161277
0.0370201330702 0.999998783897 1283.73252793 114.602214485
0.0410447181798 0.972797791736 1295.53153565 251.08157606
0.0445431808105 0.999999896352 1269.17125288 404.766660834
0.040953676006 0.999999596628 1245.12632645 125.712993465
0.052685451557 0.644343073155 1365.71469532 66.3379183072
0.0352506529522 0.910532897522 1391.50316234 106.238048286
0.0472758659997 0.999999677265 1255.84662652 146.707099804
0.0400664729172 0.808656650868 1416.24085578 699.999995705
0.0425473389853 0.777718180059 1453.29791492 163.822790407
0.0426462543057 0.717012080882 1380.35096612 40.2725772581
0.04513897367 0.999998981744 1215.16012585 79.1108097257
0.0423708684805 0.999997990002 1247.58054224 64.1603659769
0.03755703748 0.880176754125 1348.4434313 112.213647845
0.0461733645762 0.999999758707 1180.25702861 125.926664194
0.0394555488281 0.920827593812 1383.53431548 52.8257922166
0.0369388503119 0.999999326019 1344.75074423 699.999999248
0.0310387882063 0.999998217489 1406.92978419 699.999978135
0.0383159853845 0.999999840055 1272.80173655 68.414550415
0.0608240591227 0.602218395075 1395.32894437 136.534874418
0.0457642274077 0.999998226554 1261.59324043 125.133154274
0.0492019625042 0.999998814631 1113.01094021 699.999998449
0.039095193749 0.96650605707 1351.2769601 348.449725759
0.0407692080096 0.982480792491 1209.98339483 298.273793037
0.0687678169964 0.522015388883 1437.45996152 54.7342421697
0.0559368118491 0.861336841623 1200.07596592 143.632724017
0.0372282182859 0.977638527574 1488.52116482 400.508885897
0.036315302987 0.879048644836 1399.46745452 41.190759681
0.0439072683767 0.999999656797 1247.88660387 98.0450551747
0.0502665747915 0.857098573003 1183.38495548 176.271206525
0.0310984699103 0.923943552605 1371.64234687 89.3500830974
0.0314587672579 0.999999682246 1420.84125982 397.408961942
0.0419001994212 0.999999236097 1144.89578293 699.999998878
0.0407575961869 0.836185295662 1401.65673883 215.297136256
0.0484828432956 0.738997206468 1357.09733512 502.952773397
0.042100399833 0.999999916296 1232.00550975 150.522709345
0.0392962690166 0.999999202918 1217.85366836 606.563236535
0.0456908472168 0.999999783979 1231.7555007 373.360130307
0.0393163185342 0.999998562954 1324.3707112 127.468079156
0.0511882319865 0.815896867041 1309.41461351 41.0434647686
0.0359854068765 0.999999565331 1312.87838991 699.999995604
0.0425259821801 0.999999706302 1231.52508822 109.568217274
0.0479769424189 0.999976736182 1172.8060084 38.6470550321
0.0461601573631 0.803346341296 1269.04015146 193.650797963
0.039550349662 0.88687549287 1319.12475478 565.138001857
0.0323479920628 0.745114421707 1627.54313779 111.448636355
0.0436748587296 0.999995883829 1238.77175993 166.682630066
0.0371946112798 0.970777080727 1245.53266406 109.098988841
0.0386226450821 0.999999594297 1222.78490321 90.5465312356
0.0357026341824 0.990242025882 1378.51694599 133.470413094
0.0368137564877 0.999999600704 1234.41495547 225.461450717
0.0404723982106 0.999997345127 1274.59685765 88.8215524529
0.0402728550508 0.999999261608 1236.26711985 196.978049007
0.0493563218074 0.999999802257 1218.82943883 51.3939002258
0.0347740375384 0.999999618852 1300.21301766 135.0788444
0.0409621819797 0.999999767649 1265.65313952 73.995495855
0.0381497461399 0.999999523885 1224.10433364 699.999999333
0.0403353611622 0.824363651379 1419.85383092 192.788644451
0.0311513259632 0.999999750387 1378.48598591 180.556222775
0.0511376807566 0.69296976456 1359.85683933 699.999998476
0.034384584624 0.942983567609 1411.64940304 285.296260398
0.0536211658408 0.999999652878 1144.80978421 201.8597062
0.0653738269074 0.999997554968 1121.43819172 699.999999528
0.0505567193665 0.999999833674 1184.5879581 576.389009997
0.0540719530262 0.733605821448 1319.62310103 90.2201832207
0.0386434678701 0.96314583638 1398.02554829 64.6638791442
0.0492819429709 0.999999329267 1118.12718828 164.808911384
0.0393020549438 0.999998674838 1359.07345503 298.819193188
0.0354532808666 0.755470423944 1422.70917676 131.827876225
0.0363068569653 0.999999346407 1283.17028419 148.516656802
0.0345262052281 0.892780332449 1616.00017928 295.518413094
0.0336396988043 0.983718665742 1368.90191798 355.397123478
0.0339332989485 0.796923814515 1482.57346952 352.355380177
0.0404993311109 0.999998787841 1218.06938633 556.741610401
0.0388346405034 0.806821832766 1388.76099012 160.449356861
0.0408427069942 0.999999738447 1226.16789317 129.243918468
0.0434397390281 0.999999785449 1222.96109583 229.866370223
0.0495361435204 0.806204088084 1354.59491375 91.7923731202
0.0436041869278 0.999999781966 1272.30368439 182.312582062
0.0469080235765 0.875471305399 1354.21734933 699.99999945
0.0376151487735 0.986592879854 1211.92974572 190.220427011
0.0503740854585 0.825275115157 1204.88591046 699.999994799
0.0360822977052 0.999999797393 1363.41881283 524.750672938
0.0467606031673 0.999999590665 1196.66332476 108.593686239
0.0421056500777 0.893843237849 1406.53915995 56.4876365939
0.0412188377874 0.953429202768 1284.53920405 188.508457198
0.0592019266943 0.68778983335 1161.31641268 699.999997689
0.044000553201 0.999999497306 1265.58370486 320.688126251
0.0436868791143 0.888967756535 1393.74202533 120.151171064
0.0321747445353 0.999999518518 1369.20272118 699.9999977
0.036349253052 0.999999736071 1320.25394374 107.825395496
0.0465100519209 0.684617021048 1383.37506902 420.218190822
0.0610408162904 0.714837051842 1225.4681644 68.1150124246
0.0372679193061 0.999996149935 1293.64920094 287.04620456
0.0461303906185 0.855691958037 1330.92882431 149.01567031
0.0349934525801 0.929871002374 1414.69902456 699.999998871
0.0630936730639 0.690473661343 1206.33587429 32.7801100431
0.0405683336924 0.949652949666 1340.89837232 126.409510468
0.0468466343495 0.518970355226 1651.49456438 49.1807071362
0.0318913112585 0.784268043242 1426.35738381 236.168773695
0.036313734797 0.964841550945 1367.30758167 256.700572126
0.0456701759743 0.999999854443 1244.55130114 286.931708788
0.0278803391485 0.90907303632 1443.57380323 510.634718412
0.0371550928913 0.999999633878 1288.48721331 518.187218508
0.0521659976327 0.999999759108 1208.07737175 699.999999314
0.0649712128542 0.556551465601 1316.1919912 682.055967506
0.0514857645406 0.9999997645 1172.11688606 109.144996721
0.0456001025828 0.999999759493 1264.24675731 166.659141761
0.0354450507833 0.999999920825 1324.58569156 342.074197662
0.0417943440967 0.973886569287 1212.12697998 65.3760642029
0.0370109598524 0.999999537551 1268.82081997 179.195601689
0.033409059963 0.922974682699 1367.81307237 70.8000748129
0.0433947988654 0.999999696745 1183.62781099 28.7442968717
0.0322708521017 0.78777872865 1681.69172296 215.208779782
0.0460728238894 0.975520200234 1222.30480392 62.035235535
0.0348822687402 0.999998827121 1305.756455 257.138394292
0.0278326706127 0.999999796895 1408.08574511 259.110603848
0.0491446400241 0.999999869227 1174.57925925 240.887977204
0.0362405266907 0.847219172059 1481.85823683 675.606955757
0.0520653226088 0.999999670271 1118.53284675 299.610270761
0.0345235440236 0.999999773308 1345.23368593 310.102350786
0.0363750884969 0.926308048904 1299.7555682 598.303957202
0.0319578324914 0.999932995744 1407.78070678 181.62782685
0.0395355470584 0.785904636608 1352.76064269 93.5305189201
0.043619898249 0.999998961589 1303.87778658 149.014417269
0.054513040193 0.961995225793 1190.04423088 103.034106163
0.0368575742149 0.9938933366 1306.04202308 550.30118805
0.0621695389613 0.766677892534 1159.13610638 313.135140406
0.0404527705777 0.930388162291 1370.64106126 130.203859452
0.0335264599416 0.87116385213 1395.5998465 114.36901144
0.0413263223642 0.999999659661 1238.55461923 178.202214242
0.0453192683381 0.818951173792 1413.94045245 606.764748533
0.0438982006301 0.962983775685 1271.90857693 587.822120358
0.0419143392216 0.999999726047 1193.93877139 24.3152845507
0.0464913096909 0.999999621254 1237.80144552 117.900732254
0.0375101061323 0.999999671244 1310.8336398 118.684655828
0.0298017766021 0.999999914618 1406.09816813 59.4459101738
0.0410652428728 0.999999810619 1215.2830856 37.7549787792
0.052751261137 0.999999805869 1211.22762548 28.4589209401
0.0356653728772 0.999999451782 1319.77769629 250.168614981
0.0400902949727 0.99999977012 1329.77508708 135.991557142
0.0460785920531 0.999999655791 1063.5720252 101.842824208
0.0454804277572 0.99999976529 1216.17516284 325.192034188
0.069679864656 0.486380932268 1368.62378066 216.679552013
0.0521352733207 0.999999598415 1174.93310974 83.8282809012
0.04246831109 0.999988746184 1219.01187385 29.7213997115
0.0364518293328 0.999999851239 1272.51395154 108.966433444
0.0492865420698 0.926579134652 1279.5997378 68.3239815104
0.0590678850276 0.924377341157 1191.34255995 88.2590515486
0.0548213502372 0.838664277672 1095.09299529 514.309328746
0.0335095479143 0.999999690926 1271.08965027 95.8478769744
0.0511018172222 0.763354822703 1335.49962307 260.878323969
0.0341793193748 0.999999661404 1422.8648825 107.055501039
0.0500638253076 0.999999752906 1083.51220779 84.668374206
0.0504002384272 0.999999613974 1221.22252257 200.044402771
0.0373941161369 0.999949061228 1305.89994319 699.999994501
0.0423291618423 0.97909000612 1171.91152941 256.441896498
0.0504310726512 0.979157054127 1133.68582082 88.0144094882
0.0563604429793 0.702359425339 1373.22628031 186.215265818
0.0409032463455 0.999999653785 1259.84484646 187.070637926
0.0402504718444 0.999999585139 1208.14052117 699.999999188
0.0497058832982 0.92349881578 1328.20757164 409.284414214
0.0267832461764 0.999999924153 1361.75373195 57.8647321997
0.0457856785818 0.853591886668 1298.27440539 122.474596032
0.0364546359766 0.794450910177 1442.19886641 58.8920094903
0.0463556398822 0.965868234778 1243.03933331 144.666373003
0.0406128686237 0.999999760833 1258.17667011 630.758440047
0.0302424107979 0.972691106984 1456.45252203 228.780046757
0.0533639582523 0.999999627669 1102.74773121 699.999998688
0.0533990984763 0.999999064248 1147.56580498 150.324735197
0.0327854388082 0.951236075269 1354.08057087 47.3766014872
0.0455915871722 0.99999943869 1220.75737927 158.547937044
0.041018554664 0.97293493958 1289.03946587 117.835952934
0.0481440065592 0.999998706864 1139.5606885 304.688145984
0.0435497993223 0.86057080257 1344.37082262 699.999997901
0.0336654720767 0.861881103907 1541.38931566 325.088662613
0.0545763295667 0.999999519677 1065.87150738 27.7456919806
0.0464045457615 0.999999475672 1214.46345752 263.249916765
0.0417530121588 0.93606021559 1237.37622943 128.201080414
0.0493842650107 0.999998513997 1194.98973918 43.3296216879
0.0375952308174 0.999999623312 1316.39134298 217.049599995
0.0349799250676 0.99468866813 1259.13917532 125.553471438
0.0374055147967 0.99999986381 1253.43175932 157.374846812
0.0310563452732 0.999982466081 1302.56424861 105.522460635
0.0358955981605 0.999999609179 1221.01158451 699.999999433
0.0419125800732 0.755577855927 1471.73128599 132.055407297
0.0425253521286 0.999999777818 1278.02304727 203.376901775
0.0473018663127 0.999999266835 1243.47031225 75.5186441256
0.0371015035361 0.926283824036 1385.12016412 131.167740851
0.0433205010753 0.761023860751 1320.87737718 557.349842475
0.0469625471844 0.999999108732 1199.85875002 248.807462197
0.0556880969116 0.51498344458 1449.70723928 699.999997418
0.0338301386904 0.924144684324 1373.73871482 182.548291279
0.0466429078694 0.83048070653 1322.41515296 297.328908714
0.0452110732185 0.999999645783 1181.88367908 699.999999027
0.038468913055 0.958823912805 1266.99318391 99.8158848657
0.0351953127753 0.999999722806 1267.28696833 27.1291709021
0.0515405690349 0.735197855834 1334.51794311 47.3987178346
0.0479184109059 0.999999096547 1179.75735244 148.655729201
0.0488449730662 0.999999794822 1154.57034864 261.829995541
0.0564028568295 0.999999607526 1117.20373513 141.0335594
0.0537885253005 0.885879698775 1186.21469456 699.99999764
0.053421428392 0.999982421857 1202.36138551 72.4449114425
0.043214323231 0.748456128198 1482.01016682 350.063836425
0.0285795020982 0.999999777939 1485.91361109 413.857058391
0.0396382487944 0.999999857592 1233.44052162 407.257758282
0.0406907452177 0.99999963266 1242.85230154 179.216797149
0.0394105331702 0.841044287816 1424.81193298 542.678121504
0.0431851748806 0.707058311535 1426.75779973 107.963658351
0.0488555540468 0.999999749091 1142.21600082 139.98962297
0.0405355171651 0.999999732264 1307.65396699 271.24271957
0.0483756845693 0.735408066317 1348.24639737 494.019140938
0.0428041418976 0.821303769549 1309.94377525 88.7767778538
0.033416835965 0.833003849875 1589.55466446 470.995503727
0.0540481454037 0.99999917895 1172.53969519 699.999998322
0.0429523505652 0.999998296277 1107.41424086 699.99997877
0.0543007100395 0.999997189879 1212.35031538 114.045430927
0.0372485975397 0.881809590961 1384.81561401 246.176878207
0.0382487763684 0.999999851103 1295.93010835 81.3372381173
0.0583753839711 0.999999714722 1063.47625647 549.602165588
0.0334951311132 0.999999108283 1432.18786114 445.589588319
0.0604536259941 0.999999237373 1042.40088847 699.999993712
0.0369503561082 0.999999501145 1329.82672475 513.939833866
0.0405763278533 0.876427265314 1373.23511266 110.089480274
0.0405843236795 0.999999614925 1195.1812964 42.9592352551
0.0423007429085 0.999999319292 1201.34845152 232.941298985
0.0418662859936 0.99999978879 1166.71749647 273.78639559
0.0385969933792 0.830375918883 1269.35839844 206.991831758
0.0419510498562 0.999999871806 1234.56451737 152.085904847
0.052577985854 0.781034445773 1336.5467696 132.838535421
0.0395674981668 0.813982109913 1375.88893487 699.999996755
0.0317840448405 0.999999792663 1453.03401263 633.64101736
0.0399113320171 0.999999825884 1242.79572896 84.2618617918
0.0383056736331 0.999999767662 1221.19466714 216.72080359
0.0340238887064 0.999999642547 1348.89653739 298.418667678
0.0373997322001 0.999999729895 1327.72160037 161.365088111
0.0492415036524 0.999999549514 1173.23655549 151.312572043
0.0496065816202 0.999999754912 1203.58949307 145.545584244
0.0460894722387 0.962466303182 1268.25308002 213.904624361
0.0485481577162 0.865236429972 1214.44466401 107.80278203
0.0396362637156 0.728353224131 1300.31339885 699.999999328
0.0471706523841 0.657084266882 1481.67582741 511.76753804
0.0377886760772 0.800947488217 1439.49100518 163.488135564
0.0344000966601 0.999999824933 1409.87917612 120.994957181
0.0416292267325 0.870113295475 1350.89954533 209.422562381
0.039105050309 0.999999798607 1307.56729676 98.6806767115
0.0462081484187 0.842958482311 1346.13825634 138.134449676
0.0448590165014 0.999999862537 1276.42940537 256.008805624
0.035872642079 0.951912526881 1316.40838224 359.51601611
0.0391329313398 0.999999440158 1278.69549643 49.3225852678
0.036534206771 0.957452529807 1321.96645719 99.7596601227
0.0348154216567 0.775812088407 1436.55581602 282.578730242
0.0465386690296 0.999999519149 1174.86409425 50.9915403033
0.0393764787443 0.999999082391 1149.45490949 699.999998816
0.0357018847819 0.99999966941 1430.87114254 411.928723056
0.0483093481884 0.67654220132 1377.09688125 57.7394375084
0.0508734510074 0.790265101131 1270.98554046 525.638580891
0.0317838766417 0.999999548745 1302.42604238 238.904465034
0.0428746466108 0.999999390325 1185.14786576 28.007997035
0.0485329948452 0.862132782861 1249.56167381 423.886747137
0.0551693346562 0.585729711674 1331.03081701 699.999999176
0.0470439370792 0.852757090811 1298.75734626 139.954602515
0.0351808909782 0.999999755398 1322.66717348 699.999998811
0.0504613295593 0.99999905964 1208.93760808 115.460231962
0.0385889159515 0.80787580579 1344.79732518 79.7074238292
0.0498099567148 0.999983974038 1241.10756108 657.975797899
0.0509392111825 0.981433804393 1137.78008164 46.9282697991
0.0495902618969 0.877649641592 1363.84742539 130.626904005
0.0400197341932 0.999999575826 1289.96438687 73.3057253699
0.0551812989746 0.674358150587 1233.33251881 699.999997661
0.0491055202057 0.667940686204 1402.09080224 482.746876536
0.0480682404991 0.999999589828 1140.59970457 63.7594931098
0.0508948100331 0.999999149378 1197.22264058 47.0371650148
0.0375921493934 0.939414656847 1266.31353131 545.197671169
0.04226202166 0.999999786494 1347.53832965 582.018972643
0.0365746005704 0.999999022042 1359.94957211 99.0711632413
0.0415545969856 0.85224789246 1129.36390558 45.3282687473
0.0412887862788 0.806268902437 1386.85585803 699.99999951
0.0323034415883 0.999999441786 1307.21446667 247.058340238
0.0442121866895 0.805083622493 1306.23550665 205.422924583
0.0579250947208 0.669012202964 1284.96638727 135.052028833
0.0518415826933 0.999999800377 1167.43815499 87.2217718187
0.0491846735562 0.99999986204 1227.13975655 288.705572562
0.0297347069189 0.832502787649 1593.12467988 113.558529766
0.0579685532909 0.533725347859 1415.38078499 465.260771087
0.032034760955 0.990104903046 1337.23793271 24.2164802731
0.038779357503 0.99999931039 1190.02561371 181.541715313
0.0460584242967 0.994772798243 1296.67337925 69.6446189507
0.0471738964558 0.711834805224 1452.57355036 435.134234315
0.0492352481007 0.999999668189 1208.87023754 292.557071159
0.0477826866963 0.999999775646 1259.86758658 40.9868459245
0.0513121245493 0.99999970367 1214.14742508 53.8038868189
0.0428486801596 0.999999208319 1219.4050988 105.569962869
0.0582053572007 0.999999717658 1049.11329999 257.380017269
0.0432540309125 0.53156682898 1531.74134218 699.99999872
0.0457761606398 0.99999919878 1205.27277112 211.170608616
0.0408593608947 0.999999773333 1204.72284217 115.308828858
0.0406840522382 0.981029375815 1296.76642343 699.999997457
0.0438256386737 0.999999522959 1210.08827142 61.3962437244
0.0443361541924 0.999999563609 1227.9476748 166.274795349
0.0547063144785 0.999999054228 1103.908426 364.749388974
0.0339933287075 0.983574767182 1384.41806923 103.775817503
0.0373803338283 0.999999770919 1276.47306872 473.318158245
0.0414109468938 0.865301417521 1255.89697601 233.739052414
0.0490250334773 0.544499721596 1479.74720142 637.826107293
0.0346540907081 0.873007360136 1514.53816945 41.5117407083
0.0405699240869 0.77292283498 1352.17122462 231.565272894
0.0307779612907 0.99999983352 1344.86368692 169.324615922
0.0367609787055 0.999999763499 1377.70940524 699.999995788
0.0333174415834 0.645514611479 1704.29686475 618.75978063
0.0479356382366 0.999999425511 1221.89705759 699.999998475
0.0362233809614 0.999997853581 1214.55691361 26.4081333879
0.0405899236444 0.830557299821 1409.60626132 51.2699043524
0.0459154703147 0.999999472564 1151.96157508 699.999999212
0.0471706196326 0.999999798761 1209.06668158 170.016834643
0.0360366991803 0.999999909998 1218.22063389 699.999999003
0.0419098672433 0.980729024253 1294.86188205 348.224590626
0.0368475605583 0.99999924263 1339.36841806 81.7363154103
0.0364326319113 0.95146663581 1312.71373244 64.6713581102
0.0470770777916 0.785887281757 1345.17713773 139.559187898
0.0355700657817 0.99999968905 1367.42888098 130.39163539
0.0456515752978 0.806035691569 1365.41829183 91.3409650703
0.0288446599939 0.916593387639 1390.44039528 273.728493543
0.0493919960487 0.99999976743 1194.88010799 143.070997158
0.0475750999707 0.694387608745 1235.1085941 457.057214826
0.0533719857199 0.999999556261 1067.97968686 91.9282084539
0.0373441882973 0.706180403822 1480.69228925 51.1852405137
0.0463923982563 0.92419544237 1326.88191878 65.9755532839
0.0411655748378 0.999999499175 1220.54790548 315.787804125
0.0327194032979 0.999999780049 1363.95621381 172.229591206
0.0512055098323 0.999999428736 1170.08967558 290.132741478
0.0453261911337 0.999999718556 1205.85442233 39.0192994369
0.0514979231481 0.999999611357 1078.14992905 245.799463902
0.0489807644444 0.946097722945 1264.93252327 699.999998895
0.036954063698 0.705053093525 1507.87076571 699.999998744
0.0406376454709 0.943879204646 1350.50516603 369.049614918
0.0332261695934 0.988698579647 1383.52182528 82.0037498146
0.0542082889687 0.669005914057 1405.33619719 514.771825262
0.042550080126 0.999998962063 1277.58865243 106.51914426
0.0369917790843 0.999999812867 1276.77105671 175.803806465
0.0442043196491 0.99999963458 1137.3499817 104.647254561
0.0487888773826 0.999999856506 1209.39098482 141.233441769
0.0442719721994 0.759736452701 1298.3638757 325.690380655
0.0333544775133 0.98977535961 1355.46470073 126.136267906
0.0547166717491 0.764999801747 1277.58630784 327.177415021
0.0405038608209 0.999998614849 1239.18553224 315.364178848
0.0441957781483 0.959903703036 1288.43625025 63.686317373
0.0531102922752 0.864011147239 1129.74497904 699.999999309
0.0380984971349 0.705553481735 1498.69175826 96.2161777487
0.0399093141867 0.999999500298 1221.35958029 409.263028493
0.0341501948942 0.999999729395 1257.08369744 40.7719611228
0.0541543260235 0.758479420667 1339.81731622 58.8051459198
0.0379944281592 0.915315016513 1366.702502 125.093458541
0.0407853945061 0.999999863822 1268.86055213 139.39413196
0.0436586150565 0.994658732896 1155.56161117 699.999997136
0.0426028667899 0.999999452229 1230.22739236 699.999998629
0.0419792767214 0.941272805711 1179.66007577 699.999996673
0.048144568332 0.683211414779 1485.82234038 162.577805203
0.0446456099867 0.878729029644 1345.0174608 699.999999105
0.0320004256427 0.99999980739 1348.45133727 284.342962459
0.045081915423 0.69477818766 1404.96528411 558.912425007
0.0543470624059 0.999999718617 1124.85227739 650.413182122
0.05532489189 0.999999266809 1183.40668198 699.999999097
0.0367249536337 0.99999 1249.99990857 140.000000014
0.0313718395706 0.839715863485 1529.75461083 440.150526304
0.0457085203021 0.999999633632 1161.47376682 92.1907130158
0.0570039149217 0.720185215524 1305.39317014 48.1975689438
0.0446350767458 0.999999568714 1177.61396309 106.766339228
0.0472947403463 0.752252678521 1425.27920171 699.999992001
0.0470054528634 0.932885739973 1203.70495203 76.2954032966
0.0420130064072 0.837928912228 1383.30492944 367.207000183
0.0433830965596 0.999999845605 1210.62377563 147.597289361
0.0433636704322 0.999999215162 1243.95534597 35.282065444
0.0629552243669 0.464755296933 1562.15018464 212.585359228
0.052987199628 0.898373346783 1217.46609023 349.65988897
0.0405774602807 0.999999602634 1258.81876925 264.913868534
0.0487717516373 0.978381449499 1217.13509665 273.126279117
0.0455824378243 0.999999710173 1349.06290633 315.802754582
0.0374212610899 0.876108319105 1322.65073953 699.999998739
0.0411330719485 0.986082035647 1236.81034391 104.600430097
0.0394506949331 0.843531177846 1384.59760372 133.789376473
0.0405517830426 0.998117656358 1239.50711135 59.2140611251
0.0392792237625 0.901030759849 1380.3078268 433.447764662
0.0497550861622 0.999999540318 1136.26236251 234.453810967
0.0374813347026 0.999999876963 1340.52128972 506.411025419
0.0440915531863 0.999999829953 1270.41991978 252.235863801
0.0433369207187 0.999998819575 1204.70342498 699.99999741
0.0356930524026 0.999999780387 1280.49078762 208.809447758
0.052532591055 0.999998997547 1106.98496553 622.104601622
0.0372486214095 0.999999743529 1301.46134392 483.68228462
0.0590984389204 0.739370716717 1196.10963542 223.290407308
0.0488839951851 0.999999673117 1202.09463572 542.759397967
0.0374480924048 0.999999868501 1377.04563551 85.7582610971
0.0414151452022 0.999999447571 1223.19378255 34.9741221369
0.0597137034264 0.52313694194 1523.76086551 62.1228572234
0.0380130882327 0.999999655019 1286.05785045 180.409935329
0.03845146479 0.787397085511 1356.48957368 235.369746986
0.0502085578669 0.884956281449 1228.2629793 329.437313909
0.0427075286247 0.999999082202 1307.30090721 37.0216247578
0.0460132593139 0.602865630916 1512.60344361 286.391166877
0.0348044326692 0.999999804042 1437.68676002 136.115054378
0.0464533800315 0.999993189304 1207.50596236 34.3339661928
0.0366099334181 0.999999833521 1351.83550817 251.753790685
0.0413832179635 0.793330064175 1343.11022365 365.645579809
0.0344494588411 0.999996488673 1299.3818112 93.3221893268
0.038867548624 0.999999383099 1195.95448675 60.931952893
0.0393588278635 0.99999983766 1260.13163019 118.821056224
0.0435375496766 0.994173247397 1211.70909758 594.961704874
0.0430862540091 0.934923604013 1250.60956604 699.99999811
0.0430433466647 0.987580022925 1217.17768276 699.999993042
0.0403957289841 0.999999516222 1310.30623992 119.928353085
0.0509217590317 0.999999638981 1127.06937806 118.940352827
0.0537358640917 0.974161023898 1164.483836 121.211212326
0.0503446634381 0.999998924478 1210.56967862 141.589009018
0.0395204036163 0.999999584167 1191.81137298 379.767170813
0.0413032941182 0.943979646457 1337.73848748 171.769085991
0.0490991974855 0.999999655795 1216.69378849 123.972032613
0.0357176288546 0.999999864716 1386.46821846 699.99999786
0.0439884551007 0.999999885755 1133.75729554 95.9152194395
0.0437963204591 0.999996355366 1170.58988018 96.2323505403
0.0364696450816 0.591836928546 1586.54573772 699.99999735
0.0338960304269 0.999999820345 1467.80486721 76.8693732973
0.0336265715273 0.999999662365 1334.15180648 326.67364872
0.0424366913832 0.999997866667 1219.53590351 617.555258146
0.0478994305331 0.876740614012 1318.42640941 42.4797242644
0.0425152257844 0.999999616667 1349.16933931 40.3447078193
0.0386060611257 0.999999674161 1324.53468997 126.680742758
0.0408428130205 0.999999818175 1212.08547257 369.743780059
0.050390490669 0.978996398665 1228.79077899 162.666277533
0.0486769713426 0.745273331498 1402.16309506 143.480211194
0.0345196665696 0.952312309824 1254.9919886 72.2113820291
0.0403800404225 0.877691515221 1347.10632564 699.999996788
0.0466769362051 0.999999846252 1210.32679881 416.031049182
0.0453933290956 0.940435823768 1209.91402496 699.999998811
0.0336670941126 0.999995815325 1333.21124247 153.887074281
0.0377708980759 0.999999673448 1261.2911905 116.690361508
0.0411380018939 0.984805778696 1319.78122598 699.99999746
0.0383667997372 0.674505624175 1542.64374455 493.462343072
0.0465578997577 0.99999824432 1267.14038378 86.0081164264
0.0419255874462 0.999999514589 1130.18413488 699.99999666
0.0403921512904 0.963071749299 1279.12719667 35.8001910059
0.0359819951612 0.903833635757 1324.0011793 56.170774249
0.0433718411186 0.999999668412 1289.13244445 81.6543847823
0.0483523393546 0.99999937078 1142.91164711 14.7138365589
0.0353280243948 0.894421202497 1503.52698117 148.12307547
0.0299130681336 0.840628425328 1598.46567674 143.857405476
0.0472093436565 0.999999325071 1133.57147881 116.217472668
0.0481862533208 0.769625668733 1374.87697189 250.243623811
0.035664326492 0.917024340578 1416.45175693 131.429345428
0.0488466089799 0.772789451831 1315.05497806 32.6441579508
0.0381329451349 0.999999844094 1404.18462125 149.804020758
0.0392373949998 0.999999589301 1211.57603825 28.2942874251
0.0363390362246 0.999999180478 1243.80910212 103.284639809
0.0418936813018 0.886209522834 1361.80478981 41.9183243719
0.0508578396063 0.778359798311 1338.9743276 72.7613500948
0.0546683215363 0.600434812616 1474.9873844 243.655087368
0.0437368080641 0.87531770281 1376.96616528 632.831325351
0.0427452306884 0.870951397572 1418.82218127 162.973904512
0.0491757007337 0.999999463015 1119.52154785 35.3933798108
0.0448662251795 0.999999548784 1232.2364044 153.457742316
0.043269698935 0.837999173861 1455.70478493 229.469751639
0.037309549894 0.767557524378 1520.44528899 578.569436593
0.0357459056799 0.83049895554 1484.06593176 62.8022102062
0.0426142005017 0.999998695621 1236.73579489 391.851096288
0.0323431087468 0.648055784315 1642.74607083 699.999997995
0.0449255727064 0.999999728531 1224.91434999 75.0784672981
0.0348838485875 0.908245794798 1495.87158462 378.293838834
0.035171625612 0.999985896052 1391.60347631 169.137300631
0.044059971227 0.893910287449 1323.90327915 78.9422835111
0.0422140122858 0.793122761777 1402.65152141 699.999999134
0.0441992253908 0.828881107813 1392.21280815 131.003228818
0.0426307966706 0.999999637758 1161.49255898 230.134165067
0.0425446428087 0.800357066505 1383.00279169 205.789446892
0.035856458358 0.896067485 1332.35512916 380.804950783
0.0558513801874 0.858300601727 1214.82713869 401.752771903
0.0413691858547 0.99999986396 1230.90757402 165.872295121
0.0352605955545 0.790431569292 1539.8341323 202.266139186
0.0397231780802 0.805634923665 1433.35056642 97.8109389487
0.0593123339332 0.662173702746 1343.77675323 699.999998758
0.0358126706068 0.999999913556 1277.98439132 699.999999547
0.0403085625988 0.989928919974 1234.84152191 234.246174166
0.0351444118252 0.999999903667 1346.6445108 166.811528927
0.0400467692341 0.999999632084 1310.14256367 108.469780465
0.0473895439557 0.864866602889 1177.23909533 641.593541764
0.0404295708023 0.792129672958 1385.19388158 571.230372188
0.0394837029738 0.999998751478 1236.25808646 174.066761952
0.0457238957807 0.835835909455 1215.22442111 229.71375649
0.0377905623461 0.999993689029 1312.39918741 508.011848658
0.0402114358478 0.793642508871 1349.1832842 102.639490644
0.0420713558436 0.999999752743 1239.27893023 83.3805906252
0.0482278744718 0.900535138799 1233.20026303 54.8042842201
0.0387824433679 0.840735903341 1408.072611 51.3204787341
0.0495615565255 0.999992031548 1186.61351981 699.99999804
0.0398838151394 0.847471433197 1453.41900244 166.331150514
0.0361070778832 0.999999600972 1340.49515127 245.221508185
0.0418267781521 0.999993226452 1216.16176524 34.6250708511
0.0356027740622 0.999999482654 1290.2004563 103.496448151
0.0415917805752 0.851149572467 1415.92848095 130.648917741
0.0530101657015 0.999999399952 1180.3050936 146.908325956
0.041723428601 0.873487037327 1288.98310557 356.801188637
0.0427847873796 0.999999738891 1200.21406037 699.999991892
0.0372719821673 0.999999848237 1278.64452887 152.477509827
0.0444895836837 0.782668175161 1341.82902 123.19557175
0.0341936545745 0.999999861092 1360.69971832 465.156583476
0.0596788624074 0.999999561334 1028.91608989 84.377603019
0.0406029526667 0.999999777804 1333.32062313 148.5577083
0.0472988687106 0.999999622299 1119.56886294 65.5544381247
0.0351366830076 0.999999897101 1377.32143782 682.528998229
0.0429103313992 0.999999512918 1231.74448095 246.13756429
0.0292603868912 0.798480257359 1534.4253241 82.4681511981
0.0304148528585 0.999999830435 1389.34874852 135.287606834
0.0390567994613 0.805092870775 1321.70954417 43.7477422126
0.0490488905047 0.999999638771 1133.4887631 287.710184536
0.0607511269068 0.683810153982 1310.97585528 565.336614852
0.0514957410047 0.999999620227 1200.37914544 137.846123031
0.0548201195549 0.999999341117 1168.31570967 178.243998738
0.0408209788194 0.999999852488 1315.7534618 163.243897508
0.0390268423134 0.999999528263 1287.86062736 116.971508859
0.0492533552832 0.999999766859 1099.95577012 699.999999019
0.0377771425253 0.94170599582 1403.47887407 246.981732014
0.0518009940498 0.58064983384 1413.89751327 211.31760166
0.0416233508771 0.999998749265 1170.66741147 699.999991741
0.041337711032 0.999999479793 1124.90300407 445.139701782
0.0415473233595 0.764351239928 1395.81264198 123.669969557
0.048081780224 0.99999829464 1201.71206861 322.168987406
0.0456673382443 0.838641032708 1284.30954306 277.421790237
0.0422137452771 0.999999584064 1195.90894448 514.676458715
0.0413863932014 0.782238271478 1413.19874332 676.384560621
0.0379327053102 0.946397800641 1278.10067051 74.5446409003
0.0318099568908 0.957648638194 1466.29744191 42.9768448185
0.0375144015852 0.999999835731 1325.33779352 308.704469366
0.0429118957035 0.999999805633 1290.75788834 173.966759872
0.042226533381 0.775192375413 1425.54287397 314.488096666
0.0531618193911 0.999999600817 1010.94454816 34.0590910426
0.0406053429769 0.580408134001 1545.94223192 69.4120815625
0.0523280346831 0.999998586236 1068.30023249 699.999994698
0.0321811810533 0.999999761249 1360.72667623 44.3333820455
0.0375674924502 0.973007372682 1334.91374227 70.6014612813
0.0389150695002 0.867496199658 1406.29761913 130.288405946
0.0324665216933 0.999999906651 1458.75175287 346.694085133
0.0492567231447 0.999998759677 1155.00988118 39.5388549531
0.0424630663964 0.999999812945 1205.50242489 100.446913162
0.045350584954 0.892537340582 1236.19294449 210.106772682
0.0464465294003 0.999998200232 1169.8795034 221.382378984
0.0424534735144 0.999999609047 1232.75273264 116.951593646
0.0408017236664 0.999999708692 1302.64422054 414.860765119
0.0464713934001 0.569080036787 1482.81563487 450.490566702
0.0454190757226 0.993526790028 1189.11960887 120.371665619
0.0548060763439 0.744905799459 1312.16366164 95.3699766347
0.0479803213826 0.720315949031 1368.41693019 336.245645817
0.046909847673 0.69694199555 1334.95668297 699.999996896
0.047661321001 0.932658225318 1371.97797903 134.882944479
0.035691979372 0.999999724063 1280.51337265 208.642408395
0.0445957432094 0.999999810735 1210.86392457 126.443765784
0.0386931225949 0.999999808871 1294.35766633 108.45354205
0.0413453121739 0.999999251248 1231.32282502 386.368867877
0.0340647038355 0.931645997286 1362.82406551 558.894581445
0.0360346230632 0.921044358292 1397.29514479 696.875482469
0.0359052088061 0.999999843356 1396.93364251 63.6195856902
0.050380579153 0.831471597415 1339.69789678 123.41981195
0.0289009627341 0.826236314729 1568.49926361 662.883515754
0.0384761306149 0.999999209756 1247.72195475 112.883593239
0.0507591774168 0.879302728262 1155.17543564 699.999998829
0.0367351843389 0.985005744014 1388.47639697 121.286919731
0.0441449116151 0.999999747154 1198.40879017 503.910608284
0.0366044361488 0.999999257076 1292.25360938 63.5083281199
0.043159908425 0.999999890611 1266.99014675 75.8341840377
0.0427706708939 0.89372890595 1346.87755893 45.5325274775
0.0465242810943 0.958796932672 1251.29407772 353.997909795
0.0418590023754 0.99999948901 1335.78967022 82.6336894466
0.0410165651443 0.999999857403 1298.63955594 90.2663092583
0.0360699731194 0.871782714896 1519.06550835 112.404127249
0.0357953683361 0.715741921367 1575.58852974 85.7061820177
0.0366516739181 0.999999797101 1291.27704609 48.2101988307
0.0420629714393 0.914628942741 1289.14920727 235.7846899
0.0468117811181 0.723321642074 1412.80756997 180.31425949
0.0437811104037 0.907886924868 1264.42612281 103.863802672
0.0409513484234 0.999999848114 1313.29445697 136.420244254
0.0482615281072 0.825401486074 1371.58050702 259.173993166
0.0505377795168 0.757038337822 1276.60324794 699.999996356
0.0386651949347 0.9999998146 1365.28074231 107.923321015
0.05043860829 0.823105757413 1302.16959987 524.073287008
0.0589013232632 0.999999243667 1089.64005383 334.165372724
0.0478842276941 0.99998947729 1086.07693549 241.5549151
0.0405549077653 0.999999823255 1307.28719511 84.5557688394
0.0517860337945 0.999999219455 1224.34317001 96.0325119133
0.0516239778703 0.933341594349 1258.52445598 593.695010948
0.0362644847485 0.869042976353 1384.4944137 699.999997509
0.0475122252652 0.985967922102 1206.52515592 198.961605813
0.0400928579225 0.99999979497 1260.68715564 538.909420504
0.0399760247127 0.999999122952 1183.89089026 73.8086752963
0.0493361801412 0.999999227519 1165.94783116 139.763524798
0.0542844075246 0.999980000716 1131.16613331 68.4635496788
0.0360896351692 0.999998610365 1279.97657177 57.2099823094
0.0315297077336 0.999999896387 1368.73362409 84.6081101329
0.0483353485015 0.719804087555 1306.4330689 101.375107997
0.0551818063466 0.659420207009 1336.11543934 402.728545774
