"D" "g0" "sigma" "kappa" "logLik"
0.164736900232 0.952344994678 1261.31582948 74.8311634385 -1352.6
0.169453865939 0.944969157397 1307.40480308 99.9648023479 -1463.46
0.161823663913 0.966047921396 1321.42017634 66.8118341421 -1453.89
0.178966467757 0.955733377021 1256.20647433 65.8442448417 -1460.17
0.149674261873 0.99999981888 1321.86060657 35.947771639 -1411.46
0.178471980528 0.903796328841 1246.7640726 52.4434971586 -1372.25
0.200903097491 0.775670496649 1315.19788923 53.2060294877 -1482.54
0.181362198037 0.941510792201 1241.34018071 75.4907736439 -1417.57
0.188415820168 0.98115232745 1206.29132145 69.6982040885 -1465.02
0.186190544649 0.706448544429 1408.78730981 30.0764915781 -1434.39
0.185143772535 0.99999941518 1206.92273339 106.430080211 -1452.81
0.164362102262 0.960509590688 1338.78616517 113.67174738 -1494.02
0.155978389649 0.999999717661 1248.92754115 53.3635974517 -1315.29
0.172283309841 0.999999747241 1200.62781899 85.3980014668 -1340.13
0.17987081713 0.85857284292 1263.20433285 140.301348543 -1339.3
0.169822851337 0.847252840385 1342.76942905 58.5056571902 -1405.95
0.179118443411 0.887191201215 1283.06086876 43.5328387483 -1420.29
0.169938795258 0.897476048898 1306.18034064 65.3416957188 -1406.66
0.174097657402 0.977961349975 1227.08361801 72.0667876396 -1372.55
0.156469264767 0.999999406498 1244.82314222 75.5258978673 -1292.23
0.179652636656 0.999999847679 1231.4843005 246.043367365 -1448.85
0.181768683438 0.99999989984 1176.76983183 212.643216024 -1342.18
0.190520061394 0.837580453229 1281.44362689 169.777935781 -1420.96
0.167187902411 0.883667587091 1332.23071679 65.2206864303 -1428.17
0.159839858571 0.965256945393 1276.77196259 57.8682428849 -1356.88
0.196249823614 0.999999896592 1177.21967306 206.939684577 -1454.22
0.195659985991 0.999999822688 1116.77471825 45.384375733 -1337.57
0.170897120344 0.999999767118 1243.20168739 66.9940470929 -1414.99
0.174908388328 0.824083976347 1275.57315387 38.1613508648 -1290.46
0.164215448462 0.865435375956 1305.14638017 87.2307765812 -1311
0.160431508078 0.935590852779 1306.66343864 97.3576901099 -1382.75
0.148141756084 0.999999947643 1329.86995865 79.966889601 -1379.73
0.153398399538 0.925651944518 1366.59737263 57.7491763807 -1417.8
0.195004861148 0.75488102572 1290.63686252 90.7069526692 -1350.59
0.174723427948 0.963598199332 1250.41004609 107.025248813 -1405.46
0.17023646437 0.924217753799 1284.17314937 43.9859384189 -1411.75
0.169354203439 0.89740943162 1357.16289347 144.19839775 -1480.27
0.155448440786 0.999999935952 1287.48451141 119.595924819 -1361.49
0.155225201026 0.999999723066 1202.66502246 90.55230732 -1203.84
0.149963546026 0.986274204196 1241.44309427 95.0900099639 -1218.31
0.178274602303 0.83872186696 1353.93241503 50.088596665 -1477.6
0.182631121892 0.81080532755 1294.01810768 69.1828204391 -1364.6
0.162074395016 0.999999701596 1235.40554349 58.1265285599 -1324.52
0.179944756318 0.99999976341 1217.56448813 69.1402054891 -1423.25
0.165457322843 0.82625664971 1307.14827313 57.6943780835 -1281.99
0.151401213788 0.999999814931 1291.12807575 81.9341153737 -1358.87
0.176811091879 0.968660257064 1276.03774944 156.188569841 -1498.82
0.185328623559 0.999999841666 1182.65234497 49.0097964623 -1409.37
0.162080573962 0.999999789467 1174.62360132 78.9261669254 -1211.22
0.150483464578 0.999999789839 1324.94875654 38.7717682243 -1416.56
0.187150520081 0.920742958934 1221.49156557 42.3931928509 -1396.18
0.152898903538 0.999999894795 1289.15804727 70.45573539 -1346.48
0.177753204933 0.999999816336 1214.98457806 63.34021446 -1413.88
0.136320700284 0.972869704462 1315.36192741 57.4870910707 -1243.63
0.193596057518 0.82101547004 1277.62178362 64.0117244934 -1442.25
0.165263531193 0.999999837777 1262.7102117 64.8590003817 -1417.13
0.167728702594 0.999999935086 1276.95857619 67.1701351155 -1474.4
0.161847490965 0.929992815612 1332.3307821 45.6040020277 -1440.73
0.157804395107 0.999999899361 1269.09670506 48.804213902 -1364.02
0.177393996714 0.830650089719 1362.53898068 90.7906373455 -1506.33
0.170283455114 0.915213712559 1319.47428643 139.112931528 -1453.11
0.193795254844 0.93726451531 1210.00704093 66.4831662678 -1430.24
0.144981940897 0.798441217381 1439.25131948 43.0841586167 -1303.16
0.15238269091 0.999999885613 1322.41522055 140.742847696 -1404.09
0.187377308669 0.917113645644 1256.95810291 127.7082118 -1465.38
0.15416599386 0.999999532861 1282.94056549 84.5924888752 -1346.34
0.185864239 0.999999433001 1188.54324764 42.09848933 -1433.13
0.166900634979 0.854249474319 1347.06337486 78.2012357558 -1386.53
0.163035869249 0.860141199142 1396.72716307 66.4298534994 -1492.24
0.165042558509 0.992750587983 1223.40744328 34.2579843091 -1328.16
0.161443575175 0.999999367116 1257.53178527 72.3785600016 -1359.39
0.163402770759 0.992863522931 1244.49344692 96.5286557428 -1340.32
0.156659585859 0.999998513736 1313.412526 90.3192143157 -1446.75
0.173237373335 0.993422021907 1268.62271577 138.860992435 -1486.69
0.161091467388 0.999999436133 1239.80272423 45.0847123924 -1336.25
0.165600924085 0.970002966376 1275.43737781 68.494520438 -1394.12
0.146295001113 0.981681258197 1316.25121606 74.3764844656 -1334.83
0.154092730797 0.999999323413 1283.29794339 164.018565096 -1365.1
0.158665581784 0.956729108747 1251.5436993 81.823364927 -1286.45
0.167499666914 0.874748561064 1312.52060697 51.3288441487 -1363.38
0.192512814023 0.879336081657 1190.67463898 51.621876935 -1315.4
0.188042689198 0.909394562931 1235.57460456 82.3036081285 -1429.75
0.187513356509 0.726020835752 1354.1412699 113.716573298 -1364.71
0.160588836118 0.999999892756 1291.02012022 65.6908406615 -1430.83
0.186235048494 0.99999988445 1198.12098997 41.5661232548 -1463.41
0.179837889025 0.858445722228 1291.07721142 61.5805526283 -1388.82
0.15684282817 0.999999920414 1293.17133523 66.3658930695 -1399
0.167421548847 0.999999582561 1283.32529715 44.777957326 -1482.67
0.168656636435 0.999999536716 1267.85635976 277.727252059 -1425.55
0.17142708586 0.967415216775 1255.08860991 50.4843801703 -1414.84
0.166477638341 0.932424465332 1277.61907003 55.2517505775 -1364.61
0.168142966772 0.999999516518 1238.19934033 53.5675663962 -1390.46
0.156656274064 0.999998450766 1288.76397696 55.696510431 -1385.01
0.180559376339 0.999999499242 1238.93806934 42.5177134562 -1474.39
0.167849492638 0.879608823412 1375.93214029 45.9168366204 -1515.08
0.143935901531 0.845492963573 1427.73818342 167.847243726 -1340.91
0.188469658768 0.944020508655 1214.03897781 141.079442651 -1417.29
0.177876416374 0.999999834417 1222.57891193 96.1047115256 -1413.79
0.165128828944 0.875528285904 1317.26986873 124.735962801 -1346.84
0.162802891168 0.872583737043 1352.1408282 126.973550565 -1395.29
0.165501453098 0.999999840261 1281.95159628 66.1718760234 -1463.31
0.169584355447 0.86584138558 1295.53087302 56.6700293703 -1346.62
0.168294414515 0.929946303823 1257.27286914 117.098226562 -1330.84
0.157608671114 0.903732043523 1343.01089038 57.7832530617 -1394.66
0.172893692696 0.898143301878 1308.27663811 150.36731153 -1413.23
0.131929371316 0.999995428898 1389.87231913 141.749381746 -1328.83
0.168909469189 0.966543107812 1305.25068388 57.3976131805 -1507.41
0.174625111038 0.999999567819 1219.41902266 164.771352338 -1395.59
0.2005130606 0.88059315666 1215.23352061 65.6100486279 -1437.76
0.179347278695 0.999999839169 1187.61077977 83.793721946 -1362.42
0.15233738937 0.863629790847 1365.85765214 47.8026065621 -1325.29
0.162644487323 0.999999904131 1253.83172988 88.7859909772 -1376.89
0.170282118961 0.838894582181 1365.08166376 64.6593446692 -1451.47
0.169131636474 0.999999955448 1293.80581976 81.9452461944 -1503.82
0.167134163731 0.974654882043 1232.80598872 44.6068837753 -1340.59
0.153033998251 0.999999921908 1331.58490476 142.759583024 -1422.21
0.152169934431 0.990812387146 1354.59680238 87.7827972486 -1468.09
0.161438477586 0.941946881678 1198.76898116 79.2632031581 -1186.94
0.1699440072 0.999999905223 1243.93224718 96.108885279 -1409.01
0.153214775311 0.780475416502 1436.62313857 167.622423656 -1323.76
0.163224100902 0.942062178951 1276.78381675 105.467219387 -1347.87
0.198095274073 0.999999842571 1149.88988039 131.599533823 -1387.43
0.131187151142 0.999999885067 1343.59968203 84.4968588499 -1244.55
0.172291764744 0.999999871368 1187.06818088 76.2336660995 -1317.55
0.149005814354 0.999999812086 1318.00308752 53.7345437457 -1388.73
0.152540456377 0.999999924725 1301.81335352 90.6943857553 -1388.64
0.175275166603 0.962554797594 1243.82036794 41.6475718634 -1418.19
0.177389880562 0.963443173756 1223.03363185 71.4621215679 -1387.37
0.161354671846 0.983004092304 1315.726547 31.4841310554 -1464.4
0.151007022442 0.980051602264 1307.98528815 44.0675349203 -1375.34
0.168771852049 0.934432901622 1314.38787123 91.1279759391 -1485.62
0.151245556634 0.999999901108 1267.93462804 68.9764229286 -1305.69
0.169483551082 0.999999781685 1245.90604371 54.9526438663 -1404.63
0.183506218554 0.999999946517 1187.87779728 59.3843400556 -1394.69
0.178187846145 0.892212031527 1330.04228088 59.780324955 -1514.68
0.160043319153 0.886226222634 1382.23352339 53.5894159127 -1451.38
0.164019364202 0.999999671008 1237.28213455 98.0665897817 -1344.72
0.188493096132 0.951770856058 1227.88418603 63.684098218 -1462.55
0.187492104065 0.945711077282 1216.58609675 44.9315641234 -1429.17
0.163088607619 0.999998477955 1229.16145408 52.1016125112 -1327.74
0.175517347878 0.999999294152 1177.68694888 67.8190014759 -1327.18
0.161340762972 0.999999731062 1294.36832876 48.3627530042 -1438.52
0.174971893641 0.999999768688 1229.48539039 67.6567568814 -1403.7
0.186635097377 0.964320693893 1229.94140836 63.1042119584 -1483.79
0.172752600558 0.95980627988 1302.62988214 76.8857785604 -1515.27
0.159840566338 0.999999863651 1264.89349946 78.4382991541 -1365.52
0.167234476267 0.939193725137 1292.27816501 111.876215125 -1405.99
0.176623440873 0.759822258903 1400.13006651 53.3961283048 -1430.64
0.143861463853 0.999999532455 1311.39962731 68.474175816 -1318.13
0.173180566554 0.671372233787 1465.17593978 82.2636684653 -1361.25
0.158563763231 0.968199440988 1260.92426425 42.6577704259 -1325.2
0.163654552687 0.999999683378 1269.95991263 77.7471874074 -1422.07
0.147357488989 0.905358700111 1324.95661934 50.0796421782 -1262.94
0.18799899304 0.88986272617 1259.11827635 170.705234421 -1440.83
0.172866125303 0.999999899313 1208.33016753 127.222466211 -1359.37
0.194501939554 0.952680267522 1209.83831977 53.8134891226 -1473.38
0.171655811787 0.99999981368 1274.49587168 139.550935987 -1482.58
0.16341275888 0.999999897613 1269.34427776 119.756633505 -1403.14
0.207694801913 0.905031530658 1198.78398447 83.4748808257 -1483.15
0.173742830123 0.90449244534 1305.12311515 53.5629612581 -1468.52
0.178446498134 0.999994434255 1247.49131965 45.1488524645 -1494.1
0.171671565297 0.999999908918 1238.26396181 52.4350915061 -1403.91
0.151719777852 0.999999430084 1280.37087578 134.036659621 -1328.41
0.15228328154 0.999999840806 1294.0288525 160.053539356 -1354.4
0.158702457287 0.99999950818 1268.4275119 225.161310446 -1354.2
0.151326243758 0.999998221083 1239.52862365 134.113002477 -1239.59
0.175676062031 0.848663903067 1340.24985799 140.193855834 -1439.81
0.155339717756 0.92514276093 1292.25876596 98.4847390785 -1291.86
0.187608029112 0.947340191253 1242.01894091 61.4046093011 -1472.3
0.195458303431 0.999999821206 1212.73159363 51.4576811119 -1554.76
0.16643300238 0.98653757595 1235.20868389 86.9449760736 -1342.45
0.192379422947 0.99999962485 1219.53573592 93.9028423902 -1535.65
0.171475105226 0.928361909819 1272.51315344 425.080341205 -1376.23
0.175020868354 0.999999761382 1184.65028665 60.638539904 -1333.59
0.148690250668 0.921532749859 1333.75098996 53.0850133344 -1334.61
0.14331886955 0.942515130512 1317.86765063 46.1621811547 -1262.71
0.193960697503 0.747105174476 1342.83481936 66.9345209416 -1431.07
0.146509435694 0.961855924187 1343.68629089 73.3948177156 -1377.55
0.165264127383 0.999999768589 1252.4688035 49.9691661324 -1392.89
0.171471885579 0.849923767265 1286.66226311 56.2837291119 -1338.37
0.171508722224 0.999999782537 1207.15966109 48.0262208878 -1365.6
0.139925599996 0.999999891921 1340.67675597 179.167323876 -1332.6
0.179680804124 0.857920106147 1295.54664723 133.387019159 -1401.57
0.15367165318 0.901365797116 1286.45757213 92.1372401049 -1228.74
0.144171283245 0.999999906858 1324.93891591 96.8464875804 -1331.46
0.173080946797 0.895402577724 1269.64908453 69.0986143382 -1355.74
0.160790460391 0.999923801168 1288.39363516 68.0665931971 -1433.19
0.188080790386 0.774721308392 1401.20646666 88.1696276393 -1562.13
0.15246729046 0.999999484675 1316.6024732 81.8767937199 -1405.19
0.170754021478 0.851746396499 1336.85445753 147.133091085 -1396.12
0.157767419129 0.999999307697 1233.40804163 66.5836396156 -1288.59
0.180528459404 0.999999922118 1199.24264808 94.8509453595 -1401.47
0.170496878837 0.993408036518 1273.93462931 87.2700636435 -1491.03
0.164573147332 0.999999930112 1234.84892938 59.4985587757 -1341.27
0.159254999188 0.999997870447 1258.78470089 57.1299861976 -1355.29
0.148144331802 0.999999419551 1331.69292273 133.904481957 -1393.98
0.161753964112 0.962427699436 1275.15786712 62.9897727205 -1368.16
0.14924862568 0.999999901377 1294.60371314 133.467835931 -1342.44
0.166480888519 0.9999995812 1235.15359217 51.0026462302 -1364.82
0.186412608127 0.999998873335 1212.99190031 111.649486741 -1476.36
0.155496765464 0.977211526358 1311.11214637 78.2981281971 -1413
0.154806405472 0.977072377193 1380.10139719 105.146609643 -1520.75
0.171610075594 0.941747669769 1303.40281178 69.9352666574 -1496.21
0.172668942477 0.956371994807 1282.17756199 122.731233347 -1461.21
0.165475097513 0.999999926016 1234.36631971 77.8082276103 -1341.54
0.180087766921 0.999999276101 1189.63737774 110.286826406 -1368.88
0.174055366231 0.999999914854 1231.61976842 70.7875287384 -1411.36
0.173069049647 0.999999918142 1229.11205462 56.7731354741 -1419.75
0.164046000672 0.878714433823 1341.6005508 66.8093342541 -1401.66
0.188355375741 0.881593455625 1255.49345789 62.8811399733 -1416
0.168280293034 0.999999930875 1208.61944453 55.4703949073 -1300.6
0.17056481505 0.956166695066 1293.16023309 58.2924081983 -1473.48
0.172861887582 0.99999989309 1244.80465599 55.5084628619 -1446.62
0.167539163654 0.968253180378 1266.26202118 44.8217114259 -1397.29
0.178105772353 0.9999991747 1258.40200342 52.1214381266 -1505.79
0.159186775983 0.999999940559 1320.12506538 69.1028643444 -1476.36
0.199434258552 0.999999910863 1197.1287591 38.09965442 -1529.16
0.163578480206 0.984567799365 1275.05906714 50.3096247637 -1400.37
0.168503504483 0.875205607925 1355.40815449 70.6150492677 -1460.88
0.176454100775 0.999999927919 1152.24617746 251.551367024 -1258.26
0.185988166534 0.999999897868 1170.72588878 284.142774658 -1355.61
0.172429548972 0.999999930107 1194.97624261 40.503725244 -1325.85
0.179528100164 0.959971328285 1246.26874347 48.5993878306 -1444.14
0.165837763522 0.835581516297 1390.34845085 50.9139935182 -1463.62
0.188957479663 0.999999318478 1201.91017713 51.7969423936 -1485.75
0.158675312334 0.999999580057 1287.90482872 89.6008142481 -1382.33
0.164527925728 0.999994181816 1247.14920444 123.656387765 -1390.92
0.195577496975 0.999999934417 1166.01942883 60.3394615261 -1445.11
0.154100469607 0.999999860373 1270.57213104 61.1672416364 -1334.65
0.154490027438 0.999999940758 1275.94437913 118.028012511 -1339.39
0.181956376077 0.924333296943 1286.34618609 61.9411363533 -1510
0.166828079129 0.999999864065 1235.36201219 69.2651514295 -1365.42
0.167913078442 0.999999687479 1259.42748335 55.645694973 -1428.86
0.170428955393 0.880591862768 1328.62771487 48.3318061897 -1458.9
0.165549261522 0.999998440059 1271.61132131 80.0352471806 -1432.41
0.209171187593 0.918856560046 1181.77814516 62.3466079036 -1457.21
0.172752642191 0.847582873158 1352.27343189 63.8279716795 -1453.11
0.172439396651 0.999999876221 1208.39600678 46.8794138596 -1357.95
0.183675757381 0.999999116094 1117.56764229 78.2219191965 -1247.91
0.157549398527 0.9999995804 1238.0229298 73.1102683298 -1288.8
0.147629558023 0.999999898804 1263.2984547 151.414621207 -1233.83
0.14423659267 0.9903282492 1286.84261741 77.6682996203 -1272.92
0.171185848274 0.940438353284 1253.51101892 65.0421595714 -1366.6
0.178360217151 0.971979623148 1228.51743211 149.164172257 -1402.26
0.173584073782 0.892766307441 1297.16679893 54.0199993978 -1404.32
0.165628141757 0.999999890229 1252.56649572 65.6197190506 -1396.1
0.183739278792 0.9455566821 1282.05778039 130.681702015 -1547.22
0.161947117383 0.999998887638 1263.94237822 219.177187438 -1367.85
0.152279879817 0.82844385932 1402.20140959 65.9214123782 -1357.07
0.186457634332 0.999999892881 1234.361529 60.3815302815 -1532.22
0.181731428794 0.966376169105 1225.27503716 89.3152860257 -1421.38
0.184359200128 0.999999840386 1167.13670907 47.2811147416 -1351.27
0.186314846884 0.999999820282 1219.54401573 80.9793266982 -1489.01
0.186751435982 0.999999847689 1156.8476192 91.884862517 -1342.23
0.1649333492 0.999999711929 1272.69179266 117.152618807 -1421.24
0.176348022851 0.956330512881 1215.0386234 49.1657534602 -1353.54
0.17653840001 0.966587227268 1212.75204045 66.2183968119 -1350.05
0.161536178322 0.962163198217 1270.99911817 58.899385076 -1346.73
0.136499332393 0.926026954758 1412.36635969 92.6115705284 -1335.68
0.175675521907 0.999999852349 1233.12041443 95.1230609724 -1426.1
0.178943603824 0.954754392864 1238.96195067 68.8965793164 -1414.88
0.163865218616 0.999999715529 1286.0441533 127.932360511 -1470.81
0.16200823183 0.999999618931 1325.19311947 65.2612942442 -1520.37
0.15879924542 0.999999315086 1260.8956374 73.8103205583 -1354.4
0.169765258518 0.999999789472 1202.44885154 60.1664411617 -1330.17
0.179628084074 0.99999975733 1250.57957048 60.4215501802 -1505.7
0.154239166439 0.855638301717 1389.2492716 102.980647871 -1384.32
0.166642469268 0.999999412518 1259.97191887 69.6809814662 -1423.89
0.161627892736 0.999999866576 1338.79125643 73.4089308896 -1530.9
0.164486499421 0.968745225983 1312.21308329 77.1145375271 -1485.48
0.190061905658 0.902238699925 1266.5422519 390.256071056 -1471.64
0.164484876275 0.999999786335 1295.01897271 89.0694286785 -1481.2
0.176856675416 0.999999905049 1189.07760222 71.762325409 -1348.38
0.160851575393 0.999999556884 1315.50208796 82.046850109 -1467.28
0.177142887026 0.999999787763 1268.74098864 64.7735819895 -1536.74
0.161405456778 0.999999835287 1241.91838143 68.0260280274 -1356.9
0.165876632985 0.936599400762 1308.87099732 134.656164131 -1417.91
0.152625004302 0.999998190625 1274.0876778 82.5250925104 -1306.53
0.169421125462 0.996531936837 1243.32164656 77.8529601439 -1403.05
0.169551855889 0.999999912345 1215.2610465 113.302132973 -1340.34
0.148616804974 0.999999809155 1299.6861407 108.24651252 -1326.21
0.206861321406 0.99999983756 1091.95909838 89.766246896 -1334.51
0.173148017035 0.999999327961 1220.50503761 53.7115825488 -1380.81
0.15728196523 0.999999930473 1222.89739821 84.8472849623 -1247.08
0.156426597231 0.86570949516 1366.4199663 50.2942429176 -1382.22
0.175403268021 0.823388448363 1351.11788818 81.1005468798 -1437.01
0.177503225451 0.7893410031 1357.84348829 63.9408312515 -1395.84
0.179571422176 0.819013706819 1287.49895181 76.6155681081 -1329.19
0.154275779374 0.999999317718 1316.42425169 121.998331572 -1425.07
0.157259059663 0.887803253074 1345.44225334 79.1039473353 -1364.89
0.173470116605 0.999999765411 1252.05832236 51.7405709874 -1452.01
0.160732880894 0.999999910511 1260.78060896 56.5512322053 -1363.33
0.16436823902 0.999999794781 1253.01945352 61.8176572701 -1383.9
0.18948578151 0.999999564508 1215.22174981 84.0589735399 -1525.87
0.166620180986 0.999999760517 1227.68931334 99.0071448979 -1342.79
0.144821744041 0.99999987557 1287.19400716 85.9684794586 -1292.44
0.220541822582 0.817927840995 1192.15870682 64.1613988336 -1399.91
0.185277564402 0.99999989245 1225.07021268 44.169762096 -1490.73
0.220889221358 0.73103459512 1286.04611534 45.4621582309 -1486.12
0.151875111376 0.999999891783 1321.41203716 116.946096804 -1397.64
0.162133376169 0.964746373995 1261.24093649 41.80141739 -1340.17
0.171841286201 0.999999751025 1250.7676313 96.003469381 -1434.15
0.175949939618 0.94344771048 1253.64509121 144.637097627 -1417.76
0.178659373962 0.999999840619 1217.84079363 71.6213847619 -1405.02
0.178982805243 0.99999954734 1210.11197844 40.4987174841 -1416.13
0.169827126251 0.999999861994 1195.35024457 449.557141597 -1281.09
0.161143141608 0.999999859765 1269.3684443 164.110432133 -1373.78
0.167598397938 0.999999723754 1269.19245224 75.1331007486 -1452.77
0.187314250777 0.99999987601 1203.40448421 83.7293948617 -1466.81
0.153678629267 0.999999838362 1312.29108042 120.065504977 -1384.16
0.170540117583 0.999999865617 1229.68526581 72.956843164 -1385.68
0.173782161439 0.999999921263 1260.48997611 86.8943326902 -1470.1
0.160785636472 0.999999893748 1271.01960075 133.824399442 -1398.32
0.162180500141 0.99999989018 1285.29779059 53.8012389742 -1406.54
0.143238620964 0.965576300057 1345.46244863 141.099369172 -1323.99
0.189582332055 0.894491292793 1236.84904469 64.0679161253 -1403.55
0.164731545627 0.99335983584 1276.15501814 57.6892046921 -1427.16
0.154877080605 0.999999767976 1318.729995 74.1610539773 -1445.97
0.168147373247 0.999999712672 1233.09280383 32.3165994689 -1371.87
0.149692611084 0.974474599593 1344.2834189 48.1983612665 -1407.97
0.159216992368 0.999999004676 1281.83946905 63.2409064389 -1398.9
0.17780807382 0.99999987373 1219.62211119 75.7501970434 -1416.82
0.164308396888 0.998003440031 1275.09665379 85.060375046 -1442.76
0.151143005334 0.999999847953 1261.00103109 123.456759256 -1291.6
0.171875410571 0.999999846223 1286.52290605 55.7512912335 -1525.87
0.164972430161 0.832345607745 1345.85584311 42.4466171842 -1348.49
0.163478590665 0.999999296678 1314.83434005 128.839268141 -1504.31
0.18136442681 0.902919929108 1259.40994321 109.475676405 -1409.38
0.173859796559 0.999999743877 1234.07059022 72.4772550604 -1437.41
0.156668753526 0.999999899291 1220.19254562 85.8206013531 -1250.8
0.167136366969 0.999999717201 1223.7595847 106.645622768 -1334.79
0.162435254136 0.988434119899 1263.87717804 163.945235864 -1369.19
0.185253421492 0.868465549132 1280.37931244 78.5083753975 -1428.18
0.165940768904 0.999999930871 1273.2289277 132.998579313 -1438.81
0.162358502753 0.999999905344 1220.03144723 80.3638637134 -1314.84
0.173140269899 0.838051030185 1312.0613974 109.324431745 -1361.03
0.157490858133 0.999999933038 1316.31023351 272.680159293 -1438.72
0.186685550907 0.917640525365 1267.26975132 51.4221017506 -1487.71
0.167265572504 0.999999197695 1200.7788536 47.7029940677 -1319.8
0.175763261723 0.99999944454 1218.0844837 27.0051348245 -1408.41
0.154519967377 0.999999922933 1239.29661224 65.1492062968 -1261.44
0.145381918726 0.9707314277 1353.12032738 75.0228687704 -1401.71
0.164650636458 0.959805810126 1300.33450814 67.1164497216 -1434.16
0.173015244909 0.99184279053 1268.9580925 52.4888632578 -1485.67
0.165838631161 0.999998986865 1189.26021465 63.1610275045 -1268.42
0.167523245276 0.97680276133 1219.33343871 115.190777105 -1314.99
0.169557685115 0.999999596926 1228.78378547 41.5258955125 -1378.07
0.162969905348 0.96656656916 1324.22413487 80.2120222487 -1487.89
0.168475716711 0.999999866603 1240.15044976 41.1749508582 -1400.68
0.155854801287 0.999999571817 1262.18391942 62.5011828548 -1359.13
0.17440681177 0.999999881181 1212.05301927 127.101960456 -1372.39
0.160187303422 0.999999839206 1256.25640219 184.549900323 -1331.32
0.166106310928 0.999999872685 1224.7329256 84.5258325267 -1326.84
0.154915500428 0.972566037709 1327.86879448 93.9016906571 -1417.95
0.166372851051 0.999999373948 1195.8018863 95.244576348 -1282.41
0.162227087319 0.999999945031 1238.24016718 85.2700857767 -1324.16
0.156550755692 0.999999846514 1260.6979863 76.4653759246 -1342.95
0.170835900426 0.999999914088 1236.80047806 48.978980273 -1415.69
0.170292633883 0.999999901249 1157.1819141 131.062471115 -1224.36
0.19451961597 0.990483307544 1207.1329627 76.7227403003 -1518.94
0.153835633121 0.999999738595 1286.36148896 69.3722802005 -1371.48
0.183333978554 0.999999288548 1229.51648898 42.903934112 -1496.32
0.185953457632 0.845913084856 1319.46718283 34.3808552247 -1489.4
0.190036411052 0.999999291957 1210.1300525 152.23865057 -1511.34
0.17326116486 0.999999930905 1208.39342115 458.326787944 -1351.59
0.145406604535 0.979292973378 1343.38490537 76.2715853432 -1376.79
0.172615627902 0.93449869577 1211.56260812 127.571787601 -1278.68
0.154613876147 0.999999719285 1249.87396934 139.068754736 -1301.73
0.198363794279 0.844606688465 1269.55809821 39.9223484041 -1491.54
0.179139998391 0.999999918009 1255.72428556 58.9318508656 -1516.24
0.151604496179 0.999999781226 1275.41709331 60.2471381016 -1339.1
0.154424824594 0.999999848738 1326.29774245 62.1567409556 -1448.49
0.151519498059 0.77883216852 1398.26712659 106.632634388 -1261.18
0.155137134805 0.999999557082 1294.35970989 162.423454531 -1372.94
0.186462547069 0.999999843606 1181.61268151 52.9127212609 -1416.72
0.152366619321 0.999999913495 1255.06844781 46.739912884 -1292.21
0.170855294912 0.999997680912 1241.71766479 47.2558547879 -1422.33
0.149295296681 0.999999604514 1286.93395776 144.139698988 -1314.02
0.169279217865 0.931993861383 1260.41090506 78.7045108878 -1367.16
0.16953578319 0.999999823774 1194.82916153 113.627563538 -1299.16
0.169123574034 0.999999884122 1210.23483332 61.7029361649 -1335.75
0.151722542308 0.999998561389 1287.69560779 53.4199649109 -1375.42
0.158941068085 0.941304180056 1331.27933021 73.9012203847 -1427.24
0.169746815493 0.927248041502 1306.52478903 118.558648335 -1464.56
0.189642999637 0.966451923536 1190.6248421 51.3407972714 -1409.28
0.148728839244 0.999999517761 1324.95279789 82.0741193487 -1386.91
0.157059885653 0.999999815078 1256.51029789 64.189655756 -1343.47
0.180422329854 0.991542290563 1212.90443149 63.3833261797 -1435.02
0.164935847757 0.903727820073 1306.48753225 88.5465623559 -1359.5
0.161809941557 0.941268657006 1285.57072629 75.6035498238 -1351.67
0.168722040228 0.999999502653 1265.90489031 64.2937164382 -1460.39
0.172592879988 0.999996558441 1202.73813522 102.689072654 -1343.39
0.188777983245 0.872559031112 1270.21434638 64.750947561 -1444.32
0.140049322139 0.99999960368 1308.80774142 109.540067052 -1291.37
0.158574282039 0.94043581814 1299.47362333 69.2618288951 -1351.42
0.154760466664 0.990615868288 1304.09590888 138.686803408 -1377.7
0.16758927468 0.827108125775 1436.85674348 218.112930563 -1529.96
0.160870438637 0.988474424741 1283.26358207 68.0183186043 -1402.88
0.171820548345 0.99999817772 1232.65790879 84.3139755986 -1391.62
0.188142018076 0.999999953428 1226.37604191 68.5127155097 -1522.77
0.178353743996 0.999999712347 1188.18233382 58.4165756402 -1372.73
0.178960145036 0.757720421652 1409.50492521 59.9667520809 -1481.57
0.154908134653 0.863133890021 1362.77467068 61.9654541385 -1340.91
0.151049632247 0.999999633421 1312.96919269 352.01128603 -1366.37
0.165359900772 0.99999978182 1224.49080222 64.3862776942 -1318.7
0.178949523533 0.999999767475 1115.97593425 108.343013621 -1209.31
0.163497053673 0.999999948635 1270.67559336 86.0604354659 -1398.92
0.168463600292 0.999999871147 1207.8529286 86.4526897285 -1335.43
0.165280060194 0.999999942444 1221.36335139 38.4205687582 -1320.07
0.162830518513 0.999999902784 1237.3086787 118.700508502 -1332.11
0.1638229985 0.999998908463 1303.13911522 174.157447424 -1493.76
0.176005767738 0.990909428747 1201.29926041 114.639558093 -1359.96
0.171375952873 0.903309083906 1318.0509591 96.8725693024 -1447.74
0.174081415949 0.840809345689 1328.93364289 75.7842119781 -1414.49
0.153789297963 0.811417565779 1424.22990408 96.7196809589 -1378.08
0.170959643109 0.848390784195 1342.09372789 103.778048372 -1424.02
0.201388342114 0.791168824345 1361.00262335 73.7621344342 -1612.91
0.180875787126 0.999999341378 1193.0744218 32.7670814305 -1396.69
0.155835511717 0.999999664074 1233.1763037 120.209712364 -1265.06
0.169899984637 0.999999634638 1247.46025186 75.5967431244 -1427.68
0.175813312242 0.999999858158 1253.56168244 90.4544687008 -1478.07
0.1533782229 0.999999831289 1292.22542271 94.4892088255 -1401.13
0.188377191068 0.999999730122 1204.06517774 46.3138961265 -1489.97
0.166603030261 0.999999891154 1226.04386979 61.7877474381 -1345.81
0.181660081422 0.854465953345 1260.85514991 74.883063093 -1342.04
0.192691489986 0.944909438398 1175.93583571 66.497641361 -1386.19
0.177531936929 0.999999841023 1212.61987821 66.0737510918 -1419.06
0.146814936319 0.999999923863 1358.96334784 122.175751115 -1431.09
0.146507971865 0.993555641504 1311.07350809 76.0648186001 -1328.55
0.175136076752 0.999999826487 1210.75838099 81.5628511149 -1379.19
0.160854009557 0.999999708444 1224.89474442 86.6626295868 -1294.39
0.193393402403 0.913839711475 1250.59941857 48.9090045183 -1501.5
0.143710021105 0.999999855733 1289.15938226 50.1000523755 -1287.22
0.154964171495 0.999999708076 1277.26494819 95.2766001263 -1336.35
0.187900666693 0.999999818653 1176.3476576 89.6488801451 -1397.17
0.168887318019 0.99999973307 1266.84255895 113.919654968 -1437.97
0.177793606504 0.999999174513 1196.91311537 67.168475757 -1371.81
0.184165827588 0.999994892821 1205.94638152 58.1474139242 -1440.58
0.185139499287 0.789932258006 1346.13108768 169.919632808 -1441.61
0.18058218143 0.99999956361 1238.84663616 60.7547519328 -1500.68
0.176429746923 0.999999338491 1199.00182672 120.233564862 -1362.5
0.164189055685 0.999999909121 1272.65938943 34.5027138972 -1428.85
0.167207446222 0.999999622038 1187.08675886 116.700772408 -1270.25
0.17416950715 0.956138200409 1320.06994922 61.6924264959 -1574.15
0.172738890969 0.999999922599 1227.16990864 55.4731234178 -1400.11
0.174789674956 0.959709360239 1254.34438441 52.404148303 -1421.71
0.181094975682 0.745531002535 1404.20136124 85.5807432746 -1448.84
0.176630222115 0.977459182232 1176.99527306 116.313282735 -1283.88
0.155131776314 0.999999902842 1269.24013748 105.747287825 -1321.72
0.167994690936 0.999999944864 1290.69119921 98.9358335116 -1485.14
0.164447745421 0.99944369189 1270.13744804 97.7178222037 -1416.97
0.138839283403 0.987996763188 1381.99892708 53.3258028049 -1417.51
0.174326422742 0.976373471285 1256.98896744 40.5824784144 -1440.7
0.183004594811 0.988741666313 1212.60847314 35.5817782321 -1456
0.197487137754 0.999999668944 1178.88333896 46.4765763393 -1477.41
0.169287993068 0.99999942888 1228.23617385 58.259498119 -1394.87
0.182456805775 0.971473557334 1185.12770645 43.1498655747 -1351.15
0.174777207151 0.999997063601 1215.50781884 64.4302408038 -1384.14
0.168355934749 0.999999783128 1260.83637399 79.3481660134 -1450.19
0.170525183418 0.999999554775 1256.4028766 85.506395925 -1456.02
0.169144971363 0.949802471578 1297.02836831 182.673425673 -1466.46
0.184490080435 0.999999802905 1225.0137327 129.044086695 -1485.14
0.178563246966 0.896334260608 1277.08890447 98.7632869178 -1412.76
0.1585996523 0.873009026822 1419.60071937 95.4920639408 -1487.75
0.1615745443 0.898759279296 1338.36578328 92.559271437 -1403.36
0.180474576394 0.999997992033 1171.89884772 53.5902062861 -1334.09
0.200036395781 0.937891740495 1193.81996389 85.7450628848 -1457.56
0.157517965338 0.839622007162 1391.07823074 133.840959184 -1399.98
0.177197652662 0.753538320501 1381.50911055 92.5314440355 -1406.84
0.173875469023 0.910800724145 1257.24937101 60.4548130203 -1343.04
0.150667722187 0.956189868309 1316.46855226 87.7483085088 -1339.4
0.152336369075 0.999999905221 1279.16566334 80.9395155372 -1332.47
0.164612083964 0.898840422356 1350.57159562 79.1877069025 -1449.91
0.16681628745 0.787734205734 1407.83677172 64.9253860548 -1419.8
0.176726093759 0.999998980371 1202.75928366 41.13607675 -1399.37
0.150157054568 0.829763730773 1414.35374543 57.3652940181 -1344.17
0.197846176664 0.836817744009 1259.67551067 50.7595169174 -1430.95
0.163189374236 0.836962080384 1396.60075993 47.5208777196 -1440.42
0.163738996251 0.829055010767 1372.86116787 150.197485591 -1393.64
0.154672853414 0.999999913557 1317.98245956 76.6937572007 -1418.28
0.184792579572 0.873346937806 1273.62876287 68.6130657776 -1421.87
0.173712330631 0.999998632351 1242.87735485 105.984071948 -1444.86
0.155473363073 0.999999316062 1294.50038612 68.351582444 -1381.78
0.171585572972 0.999999876054 1198.39463512 91.0723023215 -1325.47
0.157163982384 0.999999753674 1264.98257992 78.5983616948 -1347.07
0.17265730623 0.999999895114 1235.78261002 44.5615592338 -1436.59
0.181702665691 0.999999722494 1185.0867968 91.0475485121 -1363.09
0.180485523193 0.999999825787 1212.24091627 70.2617211533 -1425.23
0.19518858696 0.999999767924 1119.88301951 64.9551551667 -1342.18
0.204873049081 0.775207553865 1328.40154811 60.2811597764 -1542.5
0.162093983791 0.999999717787 1251.09039473 79.4272265433 -1367.17
0.180725470145 0.879882021359 1247.78941903 44.2982612208 -1340.09
0.157523584732 0.955224707241 1285.30832939 82.6740497627 -1334.86
0.166872898277 0.99999950372 1226.60406212 93.9427034922 -1341.08
0.150830012924 0.988890075992 1334.12370747 104.704293858 -1405.69
0.221201613138 0.669023575862 1316.68832695 96.9494932843 -1415.14
0.155634741761 0.976896320861 1301.65929848 86.2438693534 -1385.55
0.1573042685 0.990425583211 1333.97019209 92.5990938094 -1495.37
0.170246326481 0.999999798716 1259.26164569 59.9047579514 -1440.08
0.193925525083 0.856408701606 1288.33146898 52.0506960674 -1516.55
