"D" "sigmatoa" "ssb0" "ssb1" "sigmass"
3997.32796058 0.00214648462338 170.76222366 -2.50567067545 6.72946878917
4436.2476987 0.00196777782957 170.067155152 -2.53350297708 7.16553134139
4303.69921275 0.00236518717944 169.107175014 -2.34687651742 6.90221202288
4675.62350136 0.00213500733204 170.561177032 -2.63210909659 6.99237980458
4428.9396869 0.00202065461585 170.098029071 -2.5295436067 6.90486213173
4915.60101817 0.00201675446343 169.975285551 -2.46060178096 7.04313664567
4524.71041956 0.00197488904674 170.146438845 -2.53582865761 7.19564342396
4515.03417177 0.00214291113743 170.1829458 -2.51053875321 7.24042968565
4505.23563998 0.00236760585581 170.87092655 -2.59562208258 6.66396033006
4478.60246688 0.00171128576865 169.888266766 -2.51278220915 7.20914071978
4451.58944725 0.00231262793915 169.251439154 -2.38628922481 6.66517378812
4440.103863 0.00195676393422 170.912255063 -2.62152498565 7.12611263566
4508.18537932 0.00229412978614 170.194943915 -2.50937037442 6.97311134463
4257.51768429 0.00204644234891 169.592308968 -2.46958033841 7.06269006412
4919.97517086 0.00232524112742 169.90646284 -2.50974212901 7.11861294553
4706.81914831 0.00180235348313 170.436420002 -2.59848779121 7.01704251154
4262.21831818 0.00246964461659 170.367095773 -2.55147729348 7.14577546774
4046.11482748 0.00230776188714 169.621097232 -2.31777232686 6.56048365612
4659.06514628 0.00221496838093 170.119253098 -2.58988787967 6.9069641194
5017.77528695 0.00215010884652 170.96513363 -2.60248900401 6.86764259366
4601.52338009 0.00200956707386 169.268418451 -2.53893214618 7.48659352776
4042.19724262 0.00201916454667 168.761065374 -2.31747876758 6.66100797701
4310.94115284 0.00222623118828 171.332202361 -2.62270034131 7.09267976027
4263.51646396 0.00201650139919 170.808923772 -2.51770086346 6.98386189965
4059.693299 0.00193204230392 170.240350447 -2.51920626244 6.85167448787
4870.94290367 0.00237327245634 170.162441093 -2.55537381301 6.86914158969
4768.53632565 0.00198337354318 168.317312952 -2.38482604529 6.82316901893
4101.82353283 0.00187865517032 169.590136685 -2.42268757844 7.13463365206
4262.65675632 0.00206457742569 170.088133806 -2.51156151634 7.25380359084
4579.62212361 0.00227271401143 169.253375205 -2.39003536991 7.24472682828
3980.73295286 0.00204308054919 171.183085712 -2.60166309829 6.79028282017
4788.4079313 0.00220595166023 171.241847404 -2.63392514289 6.63085371859
4217.44905734 0.00211758366397 170.067073549 -2.5847721473 7.53564781302
4050.9843352 0.00194860144687 170.33407798 -2.45779299461 6.84258450131
4784.62888413 0.002102896135 171.238170872 -2.68647062559 7.08254052025
4347.84940056 0.00215614917032 169.50216086 -2.53050287697 7.37070616887
4476.59296231 0.00216484004611 170.075088342 -2.47309731336 6.88617801059
4270.06004991 0.00194831450417 169.452879715 -2.41874233003 7.55348734106
4368.66107354 0.00209946561802 170.045818047 -2.3947723093 6.72593673145
4412.06125841 0.00191285748907 169.550270637 -2.36716304609 6.44776815772
4571.49602305 0.00204906827062 170.246638423 -2.49094492149 6.77193266262
4384.32386675 0.00207759773274 169.041632547 -2.44737706272 7.12882904741
4678.81217262 0.00216983305767 170.405943422 -2.53352030824 7.10679932658
4329.21182183 0.00183057068948 170.95893107 -2.68189177265 7.23921971309
5181.08305035 0.00220062183476 170.749506688 -2.60080058887 6.76332728523
4970.79411666 0.00199156807712 168.761097858 -2.3686498095 7.0843460027
4592.38734797 0.00186193409579 170.820277934 -2.5297231431 6.63982020754
4368.97292678 0.00179052089266 169.247525616 -2.4525157107 7.05911248939
4432.77079016 0.00208997558704 169.867453975 -2.45055511659 6.71390351996
4527.8897427 0.00197962100046 170.036647145 -2.52082677461 7.20684080496
4551.61139488 0.00191829133134 170.439497788 -2.54591649835 7.22607585861
4246.12024984 0.00204900254541 169.87647647 -2.57717926191 7.11825938244
4229.183965 0.00180611918754 169.222900141 -2.47669178192 7.14616280168
4500.54087668 0.00193450656605 169.748980591 -2.42480612491 6.91894406248
4349.74821644 0.00224482680777 170.206727993 -2.57860989 7.11974554064
4739.91460962 0.00214885260141 169.821956592 -2.56508526974 7.22948208939
4270.42665097 0.0017882918868 172.345020177 -2.72218225019 6.99947232381
4452.20456101 0.00200828431107 168.727191989 -2.34621352775 6.97433308152
4276.36741532 0.00256310062619 170.119206085 -2.61679355107 7.31862024665
4245.86763169 0.00189272914008 170.135369387 -2.47083100205 6.80832175549
4250.60512374 0.00185800917984 169.075140782 -2.41361447242 7.2539522099
4589.47776772 0.00203439500801 170.681657159 -2.52845424738 6.79486941225
4389.8661551 0.00203247236819 169.593058879 -2.34617702868 6.8645024522
4106.26099508 0.00158324430788 170.337915304 -2.47654188704 7.12195500847
4385.50451406 0.00229294193632 169.470177897 -2.42205426075 7.06733347616
4554.13886433 0.00256776109264 170.137520742 -2.57562837871 6.79323299585
4353.89045962 0.00212173304481 171.101785609 -2.65621840942 6.99788999797
4449.35501995 0.00199437026338 169.248425585 -2.49083068446 7.1275960173
4389.53939272 0.00218821035736 169.79110256 -2.47468738261 6.80991960186
4667.25699311 0.00240957528375 168.575997881 -2.41158188076 6.75081635639
4484.28546278 0.00204512243807 170.733338599 -2.59199940808 7.21144460124
4606.64696892 0.00222730994204 168.888176397 -2.3793513852 7.09713335344
4227.79487364 0.00189658277416 171.61157205 -2.66051770041 7.28228400194
4302.45141953 0.00206202705466 171.046363839 -2.58840603908 6.87138595998
4553.64032854 0.00193276111782 170.014814843 -2.45846531558 7.01984311682
4193.00131544 0.00227679169962 170.62066826 -2.58202274459 6.92041918992
4727.93259864 0.00201201128536 170.069043078 -2.51116159791 6.98482071087
4621.80153777 0.00208519239653 169.749385831 -2.50302332621 7.21993965123
4566.74666745 0.00181845182801 170.356700081 -2.49320434267 6.83464436116
4378.6598398 0.00226320490126 169.225775391 -2.36442343502 6.83681281376
3991.81869994 0.00238757694726 170.358813788 -2.45050645273 7.03855562494
4370.74072431 0.00199846325044 170.00225388 -2.43725435121 6.970422798
4661.83312526 0.00197881367958 170.43581043 -2.60936757612 6.9364746151
4643.81964449 0.00197147380088 169.146701589 -2.38219622808 6.72344958303
4404.41904319 0.00196597014779 169.016391795 -2.44459075818 6.99126626337
4281.23514958 0.00204201793252 168.721475107 -2.32474553279 6.54879409502
4639.66060667 0.0018041636296 170.562059466 -2.61495933175 7.35226492648
4745.83150141 0.00200103589254 171.157595261 -2.6371376342 6.96358076846
4489.81206386 0.00164124961954 170.466452132 -2.6167124888 6.5281002976
4716.39134689 0.00238021202192 169.885283982 -2.53205551069 7.19007297916
4160.7535672 0.00195677797854 170.729811267 -2.51594392845 7.19156333328
3697.62301382 0.00190676878731 169.076227553 -2.33824553972 6.72817342562
4421.9508707 0.00213312439379 171.568730723 -2.71398993219 6.79366266737
4585.58379653 0.00219286493963 170.894837065 -2.56282243045 6.74750277151
4160.87031245 0.00210927925681 170.465343911 -2.51561276552 6.63289845017
4622.90003176 0.00208808679236 169.207320164 -2.44384961705 7.41918944561
4742.21169771 0.00209707986532 170.165414439 -2.5097262065 7.22592317943
5088.38608872 0.00212637867314 169.2841227 -2.47993368561 7.4731704903
4431.58129845 0.00187047030087 169.881820903 -2.54258724044 7.18999933559
4176.48225893 0.00194589189206 169.931675062 -2.44167326017 6.99022940664
3833.79257164 0.0022889897866 170.49791737 -2.49958518485 6.61781694091
4527.8403694 0.00188460650974 170.65693576 -2.58044843149 7.02671102771
4607.62619777 0.00188490891784 169.976377179 -2.65491809875 7.69800316573
3912.46588955 0.00189257841621 170.168726202 -2.55688296439 7.28851760942
4732.49179834 0.00230915838673 169.834207532 -2.54520177285 6.74032839587
4660.96721826 0.00184605349896 169.655777593 -2.46209130541 6.79980982842
4273.06227097 0.00216835768785 170.801761322 -2.54629219818 7.11663604356
4478.90826083 0.00212136546107 170.133050277 -2.54033069716 7.05071466705
4591.55757083 0.00201010996737 169.081366364 -2.44412216713 7.65424908625
4553.14780845 0.00179276575252 168.846006779 -2.46117171661 7.37026349022
4197.13711913 0.00189890681512 169.653638281 -2.418602783 7.11124061734
4237.44447337 0.00208037437832 169.943606118 -2.52038797797 7.05087561028
4843.61339834 0.00186882979092 170.322982172 -2.56776798687 7.24637854826
4331.25716406 0.00182272913984 170.41220539 -2.65012253396 6.80253525522
4232.39699117 0.00183922584385 169.558980754 -2.46178865102 6.8838613258
4479.46962516 0.00198529696571 169.086025364 -2.43821609516 7.16985746101
4359.80677241 0.0025381082347 170.015241598 -2.46591318029 6.76888502953
4540.22887258 0.0021119259952 169.783209471 -2.50361849886 6.90481148782
4373.24724976 0.00186423927406 170.103662951 -2.49026279464 6.83294468102
4485.22421164 0.00200578910148 169.134242117 -2.38030346711 6.9764934527
4255.24163406 0.00211843182996 170.876610302 -2.54279411335 7.06348268118
4738.29455783 0.00199277033763 171.03555409 -2.69176004356 6.97507863254
4628.91371239 0.00206673625991 171.045727563 -2.58457756814 7.01755917913
4641.88267421 0.00194316543412 169.781452513 -2.43576858408 7.05234942028
4237.83744824 0.002084920947 169.560375567 -2.50169704732 6.80465598363
4220.07205611 0.00218429466181 169.290714951 -2.36128461863 6.60748486263
4449.86880096 0.00209390568218 169.413008226 -2.53093889829 7.39180904152
4933.9877811 0.00200733235034 170.85038142 -2.54424745846 6.90587568062
4603.33518595 0.00211362163327 169.789902883 -2.47432821656 6.98007076683
4136.6599328 0.00193951791294 169.397107072 -2.37539542204 6.70426974839
4665.21764854 0.00198676039509 169.192521665 -2.3785934129 6.61528098997
3700.03197179 0.00192816449474 169.767297839 -2.3564724535 6.76268633523
4265.88308453 0.00199043285187 169.878568496 -2.36884695644 6.49004603123
4130.4258262 0.00216666664055 169.373167299 -2.47460651814 7.17853583094
4000.87538097 0.00202298150453 168.375276664 -2.23054072152 6.94196120333
4495.9587008 0.00199042978766 170.360062162 -2.45496267066 6.48585011108
4698.20653982 0.00198210487468 171.32577804 -2.66076250846 6.81708988751
4233.5180788 0.001978602443 169.182543079 -2.3152761144 6.98169688688
4372.71855017 0.00207763281579 171.092462571 -2.70919680376 7.10764878847
4239.00398535 0.00213637541546 171.066277909 -2.54471610601 6.68224789908
4487.35095659 0.00200231581871 169.580838373 -2.41683698166 7.07178309128
4873.27119795 0.00180936448047 170.688648449 -2.64169332587 6.98219506199
4467.89831428 0.00166857471173 169.448131081 -2.4828896609 7.08643292285
4568.23285915 0.00223019249179 169.085882918 -2.49020204689 7.41921542803
4591.0910568 0.00193111426849 170.048757444 -2.52020054619 6.92154176326
4614.34616884 0.00199974958259 169.739346804 -2.44826136839 6.73495566257
4489.86979822 0.00224925983949 169.793750895 -2.50031989808 6.99563579271
4619.52682014 0.00186178563122 169.756517874 -2.46300051773 7.17908798278
4729.15870143 0.00215239816526 170.541992777 -2.57903884306 7.19477090181
4269.04644094 0.00198875597102 169.089350017 -2.43466454939 6.79475220027
4410.4377362 0.00194858180147 169.938385291 -2.45844383609 7.0652102385
4512.00733467 0.00221743622353 169.895777546 -2.45390409169 7.07686834666
4411.06379956 0.00201974234559 169.686111543 -2.33125702012 6.73184139042
3997.51680208 0.00196407269337 168.869813188 -2.43071543569 7.01072443028
4981.07099197 0.00238008514564 169.837822763 -2.58640864736 6.68037204645
4534.77096253 0.00203895322293 170.809217778 -2.56529733595 6.93261438888
4537.303912 0.00240844520993 168.259637867 -2.40683603298 6.62788251199
4910.81711733 0.0021114100246 171.187661153 -2.60957739135 7.05353407521
4143.83013276 0.00217000512559 170.249690576 -2.5032831307 7.14107415546
4098.40799286 0.00191220411727 169.801954231 -2.48884471941 7.31297974007
4375.0894729 0.00185025508248 169.368712318 -2.40364919331 6.64521440328
4626.01849584 0.00202342412825 170.250317256 -2.49350363351 6.88568685477
4275.22987613 0.00206424105031 169.139520334 -2.36902764246 7.14224256346
4312.07584124 0.0020797915834 170.230386122 -2.58660345203 7.288586426
5041.0107481 0.00185549961507 170.62673698 -2.6637806332 6.97622732302
4040.61746141 0.002597899601 169.716024927 -2.49712209222 7.13063812426
4460.88241299 0.0019787908534 168.064113358 -2.29740249693 7.36879110204
4267.23616434 0.00182119065384 170.021226988 -2.46019595387 6.95693094699
4369.6430878 0.00203228547324 167.557511375 -2.09588148426 6.52431064025
4208.34159071 0.00194897621375 171.017123164 -2.53528708669 6.95358327413
4762.8075392 0.00189094915837 170.616550022 -2.52467935442 6.72778756126
4220.74653197 0.00215361114497 171.127621669 -2.63703103682 7.77478629919
4077.51594098 0.00178406819318 169.539183691 -2.47978421389 6.5507198372
4406.67577023 0.00182438152363 169.577628462 -2.5105384507 6.98450676359
4656.23981139 0.00195781416634 169.765494259 -2.49417143519 7.08496354974
4483.67957021 0.00206395665003 171.677954772 -2.60265684804 7.00314200905
4576.48953331 0.00211304421183 169.824674241 -2.41111358409 6.74182212123
4640.30715433 0.0022262285182 169.988515729 -2.50813955862 6.27262511773
4408.58092391 0.00201457684423 169.791177139 -2.441337061 6.7702463377
4088.059933 0.00210553645075 170.02003635 -2.39784966492 6.94320218235
4260.92532932 0.00211600962308 170.090244388 -2.51234276881 7.37020728436
4700.41591001 0.00182825861117 169.855790358 -2.56052529797 7.35963787966
4699.56394654 0.00208001330049 169.781730492 -2.48753605035 7.01372256218
4561.03064792 0.00182471735499 171.318694725 -2.53940676307 6.90582427764
4165.33418788 0.00198454901956 169.370928991 -2.40334414366 6.72493181683
4844.10484292 0.00206226414834 169.643201905 -2.53851050379 7.32035041546
4706.0093561 0.00176684087361 171.633372289 -2.66087920063 6.79843235833
4180.39369915 0.00208320803385 169.646063662 -2.41170230364 6.563516584
4686.2841493 0.00198791355599 169.491900211 -2.39123063865 6.764978317
4432.49132722 0.00194771063722 169.280501479 -2.46099798247 7.25478838685
4777.395259 0.00205337160608 170.05767315 -2.46351401016 6.83616981482
4997.87351498 0.00203029024148 169.277865457 -2.48953310242 6.70688120086
4316.78871904 0.00222991636822 169.956031261 -2.50649164501 6.70295660957
4360.86146018 0.00232047173698 169.891475906 -2.49525834923 7.18274339307
4628.86970524 0.00217592231455 170.355849837 -2.53277407831 6.79152873102
4492.7252842 0.00266360729584 170.316272495 -2.53668587455 6.75629687846
4343.53900847 0.00224481464528 171.133897437 -2.61426055362 7.3497511108
4392.88383924 0.00203759599193 169.160139655 -2.377888741 6.98712212382
4660.51900435 0.0018688600445 168.232285106 -2.40490116081 7.18488051992
4475.36757594 0.00182366066692 170.313400295 -2.55310631092 6.87328835682
4525.32498099 0.00203785683883 169.949765886 -2.55083905224 7.30897533425
4133.40542082 0.00189396973105 171.037549379 -2.609021864 7.11762691311
4247.51099923 0.00224922571679 169.883780176 -2.52844419926 7.01238722075
4669.05972406 0.00218304113675 170.568500774 -2.63750171066 7.31392921627
4898.54774512 0.00190614720119 169.441497098 -2.43950241333 6.97560449426
4878.96870252 0.00204146847205 168.850384616 -2.44500093789 6.78606721048
4416.24754416 0.00268741875975 170.172706245 -2.47843839142 6.9581718832
4113.80649586 0.00196877570913 168.451756298 -2.26123194311 6.64860366211
4394.2585079 0.00194625425776 169.661974851 -2.44095535013 7.17363502952
4203.98046961 0.00185471049075 169.5687492 -2.39249811404 7.1336488533
4278.2029352 0.00194571164736 168.820415893 -2.31268849527 7.22679526299
4461.04618084 0.00186015078896 171.27712309 -2.57325119764 7.08096263611
4556.79961978 0.00206420460724 170.040556852 -2.40938959217 6.73292862857
4710.8908168 0.0018550871006 170.56525352 -2.64877167343 6.48250852607
5058.51756224 0.00198457218992 169.594027865 -2.49714558804 6.92197522414
4342.59385075 0.00238840877631 170.560496296 -2.52185577461 7.27391188173
4316.51260451 0.00206107295675 169.483612178 -2.39070303405 6.63884161182
4538.92515511 0.00219588486838 169.373391549 -2.52002824175 7.600606948
4232.47328067 0.00201450875426 169.296738131 -2.43910581415 6.46835471695
4603.49782404 0.00205290977551 169.513347476 -2.41067734595 7.08453503027
4429.75207669 0.0020026025227 170.074821884 -2.49809855653 6.89352652105
4453.76260668 0.00231780932225 169.933084651 -2.5149864187 6.57158615218
4154.3174739 0.00215515708057 171.298263777 -2.57948646227 6.60733377238
4700.79981414 0.00187907188143 169.759243468 -2.47045915807 7.02354859438
4298.28395801 0.0020989488092 168.715240728 -2.30187353209 6.6782858246
4604.02850704 0.00195214138188 170.741616428 -2.60524834423 6.72953671754
4478.11498699 0.00220282622143 170.764537124 -2.55727338434 6.9048681222
4746.24169025 0.00201531654143 169.618165981 -2.38698406918 7.07425137892
4444.6861468 0.00225408466337 170.956332119 -2.58867038357 6.75189005087
4608.69840445 0.00220185616961 171.403567192 -2.6908630784 7.05641821356
4470.93272755 0.00182880592892 170.372482526 -2.4989134007 7.03128810187
4752.90869792 0.00202437655528 170.278091246 -2.56192212977 7.3856918384
4323.40336476 0.00207439304067 170.690737778 -2.55411866111 6.96016769599
4527.66786814 0.00209273836038 169.750146078 -2.41972574469 6.73475227619
4104.5000696 0.00204162735606 169.761272417 -2.40342479761 6.69309966223
4197.7472169 0.00201902350394 170.273286666 -2.45185996113 6.7995926869
3963.08982761 0.00204516280022 170.231599879 -2.38065169056 7.1404821105
4388.26798438 0.00197082773434 170.31896295 -2.56793712414 7.06152882569
4053.88449933 0.00242812173701 169.526794168 -2.44251630854 7.15381741124
5001.73274285 0.00195358099697 168.856828903 -2.40626479694 7.3493245672
4768.09931363 0.00191651324255 169.497711211 -2.37610109923 6.87985414978
4498.44852866 0.0019742026347 170.108041388 -2.50538921582 6.84519099843
4525.56842505 0.00199821005853 169.819135868 -2.41345094575 6.69960668229
4208.2542852 0.00188497186193 170.142118181 -2.43610805961 6.48093954337
4521.50446156 0.00205026423616 171.320863321 -2.68395788138 6.81441950917
4892.15406377 0.00245194763382 170.385353338 -2.63056480496 7.21345396836
4498.82298732 0.00236608936333 169.369980388 -2.40988635122 6.89031200796
4198.05976182 0.00197979064254 169.911692666 -2.39130228042 7.12207216071
4347.64880892 0.00242512942505 170.124117989 -2.52812473243 7.03889251795
4662.99347435 0.00196634583616 169.682612752 -2.56162397815 7.46710073665
4830.03775109 0.00212481383044 169.584959378 -2.56755602268 6.90067962325
4301.56634151 0.0023408426475 169.611513213 -2.45048319052 7.06121155848
4486.34908961 0.00174274135678 170.123543311 -2.50359563305 7.1531788598
4261.4594953 0.00178187070099 169.598891586 -2.37268100158 6.88639170258
4413.5176067 0.00187503124138 170.14788081 -2.51565725433 6.79219762927
4544.31965373 0.00194595437542 170.075600791 -2.47567484716 6.91168936359
4132.63735418 0.00204380514179 170.306342001 -2.5614584638 6.64448986419
4261.92391255 0.00208345059538 170.622451913 -2.52460237744 6.53582165735
4987.40929938 0.00225025507117 169.972560764 -2.42872707352 6.7077127344
4153.07312338 0.00197515165334 170.452536467 -2.48979998947 6.88938539048
4572.38376903 0.00235584547426 169.240682768 -2.34282231129 6.86309447998
4190.85289249 0.00213543640548 169.63760119 -2.3418158913 6.61877502687
4358.00922734 0.00228098193111 171.309987075 -2.6341354965 6.95418319271
4228.32535456 0.00215892532185 170.409799503 -2.52655946722 7.3051582168
4535.04628532 0.00229085734826 170.308900159 -2.49231039733 6.75798824871
4753.59580393 0.00213868884824 171.229053439 -2.61102359983 6.71003850918
4091.36390841 0.00191268279548 170.303204936 -2.50720771909 6.70397151877
4181.15860571 0.00211730540323 168.757636615 -2.29074442039 6.86276870768
4492.7555788 0.00230235362997 168.971234989 -2.40767935662 7.04587683232
4464.28509429 0.00228889264764 170.326843722 -2.56284677128 7.47477941935
4785.73705424 0.00218365677207 168.811074422 -2.39685590127 7.06052691438
3669.77197465 0.00213882110911 169.489414955 -2.3827048135 6.78742256323
4277.85349154 0.00189804264528 169.925336043 -2.45007676208 7.24323885247
4175.61787961 0.00169028734898 169.933780145 -2.4077197829 6.79697630369
4616.6111389 0.0021859843935 169.568089398 -2.43998294693 7.05227890859
4449.03294344 0.00205086722604 170.935955088 -2.56890040266 7.01761645683
4385.89446045 0.0023012312389 171.160752658 -2.65035367382 7.07144455445
4458.33435344 0.00225708922108 170.238384414 -2.56768325093 7.0808977519
4213.44247666 0.00191294883822 170.10653315 -2.51106521898 7.1893176759
4053.18273045 0.0022769128083 169.381803881 -2.43524592261 6.89394678897
4364.1685899 0.00181104980457 170.42039104 -2.49819412221 6.86291749505
4411.79037124 0.0024894199091 171.118725955 -2.68602283542 7.01380165803
4662.58375403 0.00222013504803 170.393147994 -2.49738899508 6.80885611447
5068.65468311 0.0021807965378 170.515822185 -2.66446684676 7.09891142833
4341.65216387 0.00218618940173 169.316219831 -2.40450440107 6.7083635863
4824.03418994 0.0020979123605 170.151503754 -2.52944743568 6.67444746669
3677.55767839 0.00206015658977 170.930782632 -2.4635424029 6.5859449767
4520.94251896 0.00179628052988 168.546164312 -2.39059357499 7.04505713643
4770.70673301 0.00202713579811 171.214619816 -2.58519187235 7.20105202613
4425.24266543 0.00222803067107 170.55148218 -2.61614599617 7.07644447223
4267.78447314 0.00196626826487 169.607946558 -2.48801756454 6.67382578604
4622.43962149 0.00218156511744 170.034198178 -2.55647706686 6.66024076098
4475.26855278 0.00204236573764 169.765105348 -2.49511651343 7.59609600706
4933.95330264 0.0018826561643 169.660656491 -2.56126125471 7.17288812659
4551.94226149 0.00183459202829 171.115922129 -2.60274472456 7.38307848336
4452.24414257 0.00195644854761 168.995938353 -2.41531139633 6.77488245671
4482.96765405 0.0019915025018 169.345952003 -2.39877777552 7.27592358562
4474.32685382 0.00193451574204 170.831518514 -2.74006240309 7.29943700673
4311.77662197 0.00226381561275 170.123918109 -2.43741131332 6.72621581409
3969.02055645 0.00213435146779 169.276222429 -2.33517484702 6.89667339983
4060.15175359 0.00187403841889 169.221137722 -2.44948729375 7.05214045706
4280.67629484 0.00200313521326 168.922413443 -2.34314649431 6.78244432252
4003.21480333 0.00196208865266 169.521955466 -2.38620117877 7.17706533866
4182.53198466 0.00185799506891 168.615375743 -2.34941235241 7.67222634388
4427.69183999 0.00174922856755 168.849648523 -2.50735167922 7.55681252865
5194.23980911 0.00227197455849 169.158261343 -2.41850039407 7.16003679632
4345.97466672 0.00164470028707 169.400638754 -2.42054433288 7.07235313749
3909.54456013 0.00216918503715 170.666487556 -2.48244892506 7.1108761348
4549.23850475 0.00188389180367 169.93584166 -2.50406153729 6.76674638125
4638.57952583 0.00245724683934 170.934716829 -2.60887641522 6.88414315089
4221.18478705 0.00200421289009 169.125491148 -2.39680595277 6.827273201
4018.08473402 0.00212264902322 170.4697513 -2.44319125588 6.81446947055
4934.8483664 0.00207590396539 170.665011727 -2.57877022393 6.84107564964
4384.2317861 0.00210521786115 170.856688538 -2.58555644087 7.13968022077
4223.60325374 0.00207147132225 169.60992608 -2.42653972069 6.94304697132
4734.08654701 0.00258204067571 169.621505259 -2.50877597414 7.49105400553
4647.79031329 0.00202097502622 169.949867231 -2.48585652819 6.67853892358
4314.93696135 0.0022803561206 170.203564997 -2.50522470911 6.95256486061
5103.40279636 0.00195949728665 170.392071701 -2.65069388066 7.32405921604
4223.44316563 0.00227173457823 170.562133092 -2.56758701317 7.36985378084
4391.13570779 0.00238657556495 169.940670184 -2.58457393538 7.17829507983
4649.73010962 0.00210713143045 170.37179658 -2.57472134411 7.22958349632
4448.53094245 0.00157156537783 170.296405488 -2.54786509777 7.20504562378
4892.28918941 0.00191438760955 170.696302846 -2.59734693637 6.44995572218
4514.96740229 0.00198239551996 169.903591463 -2.44604213639 6.91224101979
4206.84460212 0.00177699898685 170.00567564 -2.5210937079 7.08358709373
4875.84295224 0.00206495026633 169.950350433 -2.54668923537 7.24499388248
4760.68201623 0.00190082871665 169.95220605 -2.5408750645 7.3695802553
4208.66513885 0.00215272234483 169.827161288 -2.43312103597 7.07096470914
4220.14446959 0.00196267360142 171.182234323 -2.6923057637 7.87516099904
4123.13848272 0.00212820956969 171.652676165 -2.54200695008 6.52158119808
4649.1256243 0.0017402019048 170.071368749 -2.45865477393 6.80506579988
4292.25135557 0.00193307979623 169.933564526 -2.49689990873 6.66377038947
4764.79066647 0.00184677389492 169.769900004 -2.47272701756 7.30669744715
4251.03894043 0.00232772748854 170.246792052 -2.45946147542 6.95951233859
4889.3468036 0.00223315754222 171.025784359 -2.60941086851 7.21360423693
3924.6464538 0.00190592262528 170.541420171 -2.57880128393 7.01168255686
4813.75625398 0.00201973925917 169.928515112 -2.51136423757 6.65662277082
4293.61624424 0.00188925721734 169.589257182 -2.4512722636 7.07515651598
4480.29940062 0.00184852189111 169.835191005 -2.43525423734 6.54323799991
4442.9065833 0.00213249283232 169.914076848 -2.37269799384 6.6684084177
4615.27578656 0.00234169082458 169.604694906 -2.36988819933 6.58819078423
4686.26501212 0.00173679820525 169.961999327 -2.49121381433 6.75858217257
4461.00857773 0.00225428135048 171.347298713 -2.68844424337 7.52694049836
4279.76568877 0.0019755412084 169.492078198 -2.4579463152 7.25880523217
4078.35869271 0.00229900559701 170.664819345 -2.57147136859 7.0497359001
4579.54287829 0.00208986198902 170.415295736 -2.56894996016 6.88582798359
4777.8755077 0.00182110895253 169.595929413 -2.60718584301 7.58493666394
3976.29349584 0.00223166570779 168.95060967 -2.33078691349 6.56627439969
4608.15449465 0.00193564577144 169.306892469 -2.53049285358 7.33607496533
4314.37750257 0.00216257412533 170.357467271 -2.47718278288 6.79067257359
4767.90516121 0.00175313679129 169.694130972 -2.4760211812 6.96284234523
4619.57548935 0.00226930926828 170.983575591 -2.56506920171 6.95478200263
4930.87759029 0.00198029938558 169.358278285 -2.42369657198 6.73879738136
4515.22916499 0.00160290298812 169.834504084 -2.5297446403 6.65291579414
4898.21922097 0.00232303994929 171.67585793 -2.75376222194 7.09318689937
4597.19248335 0.00187604071722 168.867099345 -2.41098994888 7.36563382866
4342.06448284 0.00188403498358 170.613620064 -2.48437774988 6.8335976136
4430.97158676 0.00155533902424 169.727834056 -2.43475637797 6.79591309779
4917.09521802 0.00241155088121 170.864528866 -2.73727959061 7.46492349022
4548.77403999 0.00214328005343 170.120190202 -2.50118116052 6.77141203695
4672.05188426 0.00243754928464 170.347396005 -2.63628020931 6.97547554268
4354.47485036 0.00195307913176 171.563085954 -2.68479026704 7.07691212431
4426.2405654 0.00204937289916 169.365926125 -2.54240753046 7.05131492671
3873.70074586 0.00188973001136 170.577882375 -2.48501516982 7.18515943601
4971.94851796 0.0020469107076 170.137321067 -2.53748610275 7.10216315197
4135.04857165 0.00208496395149 169.578561961 -2.43586071937 7.03520903936
3697.00820285 0.00224424646644 170.59191168 -2.45282587525 6.71311363306
4715.38163347 0.00190422062007 170.733758093 -2.59036633935 7.32842772014
4273.73863758 0.00198698111298 169.266839283 -2.31812311325 6.52969391177
4086.1939661 0.00188388528111 169.902926956 -2.49659077221 7.16374596615
4497.74901784 0.00205047446244 170.682721335 -2.52029174076 7.12693323375
5000.69804604 0.00221120639576 170.365453001 -2.55983974991 7.06280065931
3698.68461708 0.00221289042091 169.920401719 -2.38911587256 6.54943763545
4943.44314743 0.00197428753346 170.35768512 -2.51044365184 7.21142782878
4713.00484796 0.0022376712705 170.093179812 -2.57287420596 7.15713553515
4063.17965046 0.00196378569517 169.691385659 -2.42267837314 7.05927526562
4318.92001592 0.00242347951152 169.901272318 -2.47213681255 6.6992127424
5101.15933604 0.00205450779722 169.949954487 -2.55381936461 7.2216547139
5019.21892099 0.00196571192657 170.651031371 -2.57762344483 7.17305577604
4889.05184409 0.00188996721606 169.596598634 -2.48094762236 6.95074910825
4810.50377434 0.0021215676993 170.11198963 -2.54406488131 7.0846485964
4590.00002218 0.00188980753268 171.267783649 -2.5973100541 6.73561459361
4279.76581096 0.00211110509629 169.600760784 -2.3968620571 7.24328144483
4384.67209064 0.00211216993895 169.89715803 -2.60455193586 7.2208572427
5027.33422439 0.00212992979365 168.780594403 -2.35919221138 6.80229844533
4200.23632781 0.00235305134821 170.112359056 -2.49416430014 7.28655946997
4429.14803015 0.00204448237229 170.113793464 -2.45429283322 6.74331122666
4349.22237993 0.00165626073412 169.319072105 -2.35419711072 6.79453083263
4313.88899175 0.00210830404801 169.157306302 -2.4298134378 7.30745814339
4120.04802533 0.00182063395471 169.569933714 -2.4330706715 7.1126703677
4427.21636771 0.00189342844181 169.924293578 -2.50235911978 6.86511120555
4463.58532059 0.0017423086307 169.922504333 -2.50799321913 7.08353221528
4766.90950767 0.00196424970178 169.476096742 -2.54377559137 7.30574348151
4838.5695298 0.00199332128026 170.773493883 -2.56583097439 6.62304124645
4481.13100094 0.00250610754926 171.185219448 -2.65493599634 7.40059486844
4359.75508661 0.00243285945833 170.747584049 -2.59984288491 7.15552128623
4715.34644847 0.00177212431396 170.284033281 -2.49825179639 6.5567584019
4319.77868826 0.00211174989717 170.360014474 -2.46814545298 6.58803861456
4706.40069306 0.0021121866034 169.824941282 -2.57294542047 6.92204327857
4297.85348504 0.00155436030713 169.851538151 -2.39771856167 6.80386361272
4246.69808362 0.00169977698583 170.499472139 -2.60049393686 7.83394259794
4318.32071253 0.00185886125381 169.449310562 -2.3611707949 6.98779589124
4348.22117331 0.00178554320218 169.808787689 -2.49153796006 7.34909324583
4250.43914003 0.00215531678061 170.544645192 -2.53936782086 6.60816902481
4324.0382104 0.00196287750498 170.875477003 -2.5821411314 7.00464712782
4757.18516881 0.00214801839094 168.919680452 -2.48554270279 7.12749226653
4338.22108498 0.00208154307124 171.092273102 -2.60854965473 7.06255946045
4717.34415482 0.00208245595767 170.663550456 -2.61435181493 6.89569644903
4118.54369447 0.00195384483037 170.581872347 -2.4456733378 6.56389409722
4904.55128557 0.00195824191862 169.325194676 -2.46854465322 6.95038247518
4826.67151971 0.00195337425124 169.769295736 -2.60177397191 7.15367121699
4657.73118585 0.00214898248641 170.430789772 -2.56293707668 6.6748119544
3882.15834025 0.00187002676677 170.459855223 -2.54632267538 7.07653916154
4262.19285796 0.0017964877308 169.618252249 -2.43007039859 7.26253479833
4609.56462295 0.00165280202857 170.39881359 -2.5092511369 7.09767383978
4934.10119812 0.00209794236428 170.242596842 -2.51061631324 7.05461795787
4609.10324505 0.00192730868487 169.717774132 -2.56541317236 6.89075589357
4466.23477969 0.00219465968176 170.220257767 -2.48053229152 6.6426376606
4107.11019426 0.00185578021838 169.524759956 -2.37311330817 6.56704185599
4671.20129535 0.0019246040539 170.33275464 -2.52091543924 6.51382041375
3824.7200603 0.00240799369888 169.478251075 -2.41620135776 7.254196958
4873.8250344 0.00215411272708 170.792423616 -2.67213348157 6.49307308437
4798.70138666 0.00208187798112 169.55672325 -2.51966419641 6.64713928596
4210.95966787 0.00208096849752 170.047604108 -2.41441640483 6.92224995786
4547.76216131 0.00203276120936 170.732169196 -2.53127846277 6.67528482817
4309.00718525 0.00186613740571 168.848451256 -2.44416153102 6.99073810472
5105.37082109 0.00216817684917 170.333936837 -2.62682105534 7.01956732043
4561.19245506 0.00178047105948 169.940031591 -2.50610235961 7.35209265544
4191.14226767 0.00224556347406 169.843125922 -2.55105081185 7.36741253726
4661.59381032 0.00190148065626 169.976197771 -2.49200850961 6.91579741074
4232.29934648 0.00229961652498 169.870637947 -2.38901124931 6.82011407799
4652.13970052 0.00191991033627 170.2461254 -2.5613096759 7.02250348128
4584.04793389 0.00213322694509 170.220260715 -2.41244251429 6.89082006587
4516.44662609 0.00222740628164 171.251131211 -2.65392589403 6.89037029602
3932.02562936 0.0020006451551 169.419852637 -2.32223038851 6.52386274294
4627.14902059 0.00194143250365 169.861942148 -2.47437757005 7.05117738224
4634.71812202 0.00168249285615 170.146837545 -2.52051380403 7.09823730345
4453.93600723 0.00232553321045 170.296101038 -2.57786382297 6.7765139345
4220.50791406 0.00231135908746 169.950762858 -2.47323176562 7.16089815342
4505.20811356 0.00201777305975 171.697781778 -2.66217338137 7.1372076019
4270.05800419 0.00219255923417 169.971021381 -2.39114399806 6.77666748637
4630.70637604 0.00203228212592 168.675257136 -2.37419123822 6.80613646065
4551.36900156 0.0020069558182 168.350841115 -2.31568901743 6.65043107991
4477.96861074 0.0024818478439 169.279440134 -2.43600108019 6.90528729675
5093.80858365 0.00193793138759 169.434432855 -2.48136990023 6.72292651179
4630.99276476 0.00215866040043 169.880822104 -2.45562620678 7.1154439693
4448.45087302 0.00179492904984 169.854689654 -2.39435069409 6.84189427147
4313.95110132 0.00200989250798 171.188930201 -2.66677276135 7.12424611717
4476.14799045 0.00190275056267 171.589210362 -2.70864849792 7.63100253683
4625.44427114 0.00190829153035 168.798100952 -2.42256678644 6.72188056903
4415.7068331 0.00195897174593 170.149253026 -2.59239163867 7.06073398989
4446.90264627 0.00178958040054 170.292975702 -2.57499944609 7.2869822006
4494.45091169 0.00212505390507 170.273365464 -2.47906049028 6.60189625059
4088.75961614 0.00223344213679 169.092412145 -2.37561762061 6.53134054005
4505.92880376 0.00246597232634 170.873180656 -2.69466265192 7.08973600816
4513.88070301 0.00222889908752 169.889046098 -2.51406242375 6.79162960436
4402.20537078 0.00206546113546 170.147004096 -2.51193826199 6.81407175574
4625.15349771 0.00260224005122 171.353391212 -2.69299162363 6.51364436159
4554.50417333 0.00218356195347 170.387752413 -2.52438677494 7.21035008191
4121.77622962 0.00239515788869 169.843042037 -2.41502018456 6.90743123231
4339.3443802 0.00219538278667 171.018875444 -2.56172811502 6.98846134332
4172.76474818 0.00198443506627 170.822443754 -2.52669830713 7.31816632961
3896.31154491 0.00232251495813 171.063763053 -2.60852691888 6.70186983457
4653.08406759 0.00191641720826 168.914231143 -2.36445271091 7.32628451853
4553.47764009 0.0019890351699 169.860382942 -2.48504794156 7.1056500474
4362.90999129 0.00188563158421 171.434600815 -2.61896959595 6.51803498021
4230.81143689 0.00189871766643 170.149657629 -2.49109279343 6.74656918947
4378.00819968 0.00202344156985 168.684742522 -2.29585614485 7.10299477175
4353.76297157 0.00195218538557 170.226406886 -2.44831794666 7.07651886602
4592.08396333 0.00190881854767 169.443187599 -2.44222389851 7.11634483938
4651.63591106 0.00217080741716 170.572374682 -2.54096035875 7.03963046857
4362.47829328 0.00237873045705 169.795819476 -2.57307066653 7.35136730832
4733.07370188 0.00199044805083 169.296764922 -2.43513304023 7.02361240886
4174.66285349 0.00191133014971 170.209734153 -2.50885798865 6.86739455719
4085.46794122 0.00194155375111 168.737704056 -2.35571900691 7.01988627572
4435.55185736 0.00227514381224 168.889788077 -2.32166770351 6.82647511478
4458.4582681 0.00239610467578 170.173183602 -2.54635435515 6.93668508341
4059.91654185 0.00193880435595 169.414359081 -2.49996861781 7.13857959874
4747.86296514 0.00182875663501 170.107365428 -2.5194090177 7.35987183542
4151.60606652 0.00187395532425 169.66278262 -2.54320018389 7.23518139522
4338.60519701 0.00203119344122 168.600084229 -2.45940296563 7.44731304428
4261.97014654 0.00195208446629 171.076941506 -2.67884864908 6.96036919055
4630.53137785 0.00211832311137 169.71445381 -2.46343519568 6.65305906443
4268.68445366 0.00245743754235 170.537193602 -2.56969907095 6.89724883339
4297.39112915 0.00203589859415 168.618440882 -2.30798135359 6.86007180755
4267.95970962 0.0020537308465 170.024618846 -2.38552669146 6.69401401349
4532.13808178 0.00214603038118 170.101303952 -2.6252959846 6.71848452017
4610.13245163 0.0021223054425 171.844585336 -2.74016205876 7.19063288739
4772.45361842 0.00243769763264 170.173119065 -2.57801634581 6.87795505636
4929.96249395 0.00179922512999 170.724950479 -2.5900190368 6.9594130268
4181.59378355 0.0019513310745 171.248813428 -2.64236025623 6.67988444927
4390.71277144 0.00218805105145 170.067839604 -2.5259769578 6.6818072413
4713.10541799 0.00215616211552 170.422650101 -2.5950965622 6.84166686567
4236.09392029 0.00201448441817 169.12112291 -2.38322601203 7.40150054737
4540.20155594 0.00202571543984 169.520017154 -2.43268372353 6.910836725
4570.36893907 0.00203785431308 170.487800201 -2.45959163822 6.4496228787
4227.07221998 0.00195716825524 169.190174754 -2.38540168427 6.76525984665
4465.82739395 0.0021175571796 169.71557079 -2.44558538776 7.11600076603
4477.69196186 0.00239672401925 170.843572615 -2.62510672063 6.59807932196
